10
43
19440 24029
4286 14019
25277 25375
10644 31815
8268 17782
27254 27825
15645 17978
8555 24400
21541 23885
13194 29006
3085 5903
460 8662
5632 24144
13959 21259
1782 9523
2089 23377
8619 20218
2381 18082
4424 21130
11054 23323
13121 28497
17506 18106
2995 20756
23142 28613
8857 23674
22451 30255
3294 22830
2776 16762
14879 22744
21650 27918
5620 17419
7423 13067
4992 28266
17063 23209
24624 27943
6925 19115
10447 15519
9626 22246
17623 22858
10486 18657
6936 28867
507 5212
3511 21771
1790 3325
246 5742
838 20817
22575 24777
3845 24266
4743 27275
7482 11611
4707 25207
2344 16625
28040 30271
4544 31363
3437 8808
9959 31947
2028 23376
28985 29679
109 14144
7488 28494
3594 5371
5814 22702
5210 18729
8739 21143
6052 16869
15685 19816
1063 8356
26225 27369
1587 9433
17688 28222
21822 32021
300 8829
8522 18268
21617 25811
11044 12316
27858 29480
4852 7254
594 21670
17230 28867
15937 30329
2245 24060
19356 23790
15252 17415
18811 26610
20169 20964
1147 32301
15866 24594
23981 28673
3033 19375
14704 28716
3296 3849
7071 13457
304 3187
1674 25018
1102 31939
9849 28487
4685 14812
10972 23612
2777 29920
400 14002
-1
46
8522 21361
479 17840
15806 28286
6958 10034
10276 15600
4993 10286
3224 27028
19851 30160
3183 29105
3016 28402
12958 29185
15244 25885
19877 31129
10162 15738
14875 28601
113 23566
24056 25684
29154 30674
22794 24313
10407 20513
18260 26440
5318 19317
8930 20856
24148 25558
19448 24576
7448 10186
11024 24304
1876 29612
20397 28150
6301 14948
9232 30979
8322 17887
5529 6078
9326 23484
11556 28806
6352 6728
20409 32400
8621 13688
3921 27523
23910 26948
582 7645
502 12541
21026 25463
4826 21884
26526 27240
1212 21777
22718 31544
20457 31781
16233 26149
1797 28957
19209 26841
14210 17918
2765 9985
3390 28255
17024 31693
19947 23845
13223 21162
9654 10344
3552 27708
24208 29259
12278 32290
5533 23328
1739 30819
5281 12054
5300 32236
14101 16311
7856 10924
640 6575
24015 24843
3139 21648
6880 20626
10745 22416
3925 29405
625 21795
2289 6470
5815 15882
10317 19260
20747 30202
6976 11308
15436 32576
8947 12617
3413 19460
543 8870
10052 25619
1057 20219
8715 12268
19272 23467
11980 25978
14958 29959
23796 27534
29183 32413
7989 11522
4089 11280
21025 29105
22074 30500
25928 29813
17514 32169
3883 9676
16752 17248
9382 23169
-1
59
1048 1318
11672 20002
24554 31365
6686 27378
1965 6263
14756 31663
9290 32756
4244 18296
2228 20141
14248 14902
28543 30840
1026 19251
9728 24738
12502 31665
9339 27579
30707 30738
26643 27933
12204 15658
16396 30372
14477 28480
9363 11352
14587 23723
1620 25818
8448 10679
29014 29685
8135 29799
3389 19801
11446 17936
4898 7997
9451 18962
23414 31341
23490 25360
4170 13188
17317 29011
22089 25313
3500 25570
3914 6287
20379 31936
5315 7633
1030 27773
8724 17477
20264 21142
7084 19899
17580 24167
11122 11336
3539 10555
4699 29347
21953 23479
4531 19028
991 3761
14372 23465
11846 30078
13787 15364
4902 31421
7872 13216
6828 17971
3407 8234
8779 25265
8620 12461
17707 18529
11547 25227
6611 19286
6725 26418
7791 11511
5816 9748
11288 28663
1157 3077
27133 28128
8643 29225
27125 31928
15090 32654
17737 17906
17263 25134
7627 25229
28213 32040
15228 31782
15212 20388
4411 8323
23354 27649
8032 18605
10750 29453
709 15647
4860 32340
15577 17010
11727 23841
6832 8314
30401 31781
17640 29216
6361 14556
17214 27396
19549 22021
13789 18664
5205 32405
17906 26444
9938 17260
20188 27647
24328 27823
20433 29872
919 3193
27173 31064
-1
55
3157 22475
10005 28670
8062 29804
1714 25655
17918 27090
5977 18732
8885 13356
22903 30127
10575 11949
4524 5832
1218 14125
6165 31570
13420 17055
1460 25821
14812 24670
17798 28788
26738 29483
14471 32759
25171 27723
1631 8769
10046 31823
18228 26026
4651 13445
13264 32707
1805 12252
6808 9135
29988 30362
4632 9839
347 8609
12758 16496
13669 14437
1930 19997
26892 27705
10606 18164
2986 25321
5646 21127
14716 32002
5856 24124
6137 29844
5419 23618
1102 8522
333 9116
3706 16234
25392 29327
6572 14607
22922 26030
6529 20989
6666 27021
10593 20710
16259 29165
7793 23942
13272 16546
13346 19379
17434 17877
15158 17262
14605 22355
28767 30938
707 18506
22502 28332
6201 22660
18521 28958
16130 24342
1674 16124
10692 22967
21392 22594
5145 21053
5256 8819
13444 22906
21257 31674
20369 25718
16333 27483
287 3840
4216 28291
530 5455
6742 22435
829 1013
7724 9270
6735 14661
28149 30748
1746 2607
6165 27395
3105 26020
472 5624
13972 14396
20729 22909
1309 12022
7753 14847
11725 14987
19186 20766
2308 24467
12101 29954
14466 22091
4287 32747
2306 4955
10282 18215
28348 28958
22304 31271
15532 29120
7751 12380
590 18003
-1
78
5957 15546
747 11136
328 30086
4919 12696
18448 31758
19789 32635
4476 27185
22817 25540
8406 9823
3149 29959
18029 18603
21259 25425
3171 15423
17854 25242
14289 32233
3408 17372
5385 30995
3960 31682
13426 21922
3417 9354
19349 31516
29000 30254
4140 27475
964 13543
7760 23412
22306 32380
3839 24111
16125 22854
26094 28711
6201 30758
5701 7909
23878 28603
9195 15566
8940 30864
2744 28829
11790 17865
13646 20175
25924 25997
4412 26414
1596 31504
13955 18566
3696 6882
1601 3766
23285 32139
14324 31653
22885 26277
8402 18329
1053 15886
4785 17298
16901 31514
15235 23681
8272 9035
2307 29650
14371 17063
11175 27189
3438 18508
13228 22984
29333 29642
2892 13466
5733 26017
6274 29981
5607 12645
7838 16461
5372 9883
22917 30631
28181 30717
13210 20980
11208 18007
7884 27258
10301 27410
7570 12725
8094 27972
22679 23263
8562 27972
6967 25650
15057 25842
5139 21637
25094 27660
6868 25929
8419 15189
17425 18385
12325 29731
22330 27179
8973 17732
2150 20860
21488 29795
2480 28266
12539 25787
10388 12011
3575 11855
6591 9008
10394 20493
3963 4472
6468 31498
9940 25754
1188 23127
16313 22815
1339 6259
1149 7290
3713 6306
-1
13
15901 27976
10150 11742
3560 9257
21244 29613
17488 19380
21835 30254
17341 20189
1221 1313
1276 26112
2359 27892
3864 10210
28400 29557
24162 28422
12757 15322
5597 20496
13121 30580
3609 9800
10569 11401
7794 28977
12718 16626
4485 10864
13258 30029
5322 23552
219 14666
6115 6728
9403 16132
9227 29048
16860 19105
8351 26977
12593 23944
16606 31627
14727 16788
12161 32493
704 10231
18461 20848
3960 26925
15985 30448
4414 27101
13147 17954
2116 3001
13051 16327
2907 9637
7514 9951
18204 19487
9468 18034
11119 19152
5780 18859
29217 31889
3602 6698
499 22128
11211 18867
4804 6436
9600 17275
17325 20484
8266 28697
11831 27241
15042 31920
19520 29155
3703 5720
3027 23037
8672 14464
22904 30970
12474 16485
2 8873
3522 6841
574 6346
16746 32699
17913 20896
3515 11703
131 31880
17546 19617
9867 23216
16453 17063
13955 27859
17804 19304
1571 9543
6996 7219
6194 29006
8921 25571
12425 15277
473 11266
2472 23853
6006 31421
6014 26473
12841 22348
1458 29606
24120 29007
20095 28802
22059 31155
16675 28581
5503 17626
7032 10177
1310 22133
20756 26758
13432 31818
25896 29530
2780 9264
2308 24309
30487 32578
839 22973
-1
83
16851 32363
1120 30843
7851 10056
4892 21465
7595 32221
9716 20735
4155 9399
13365 31468
7240 28508
5573 18835
24864 28142
16083 23142
16471 31287
2158 28020
1489 17181
804 8706
7577 24511
4173 11767
7017 24168
4546 14434
7980 31748
8489 24030
3282 17854
13408 29033
30109 32442
121 8212
22616 23619
292 2527
12974 22139
8283 19382
15090 28166
5217 23734
8951 15909
10990 32692
7676 22860
20962 28866
8616 12308
1131 8129
7591 32540
12922 23077
15738 26671
11743 20625
9615 32168
5189 30994
19281 22610
9988 21764
22752 32557
9282 32558
5763 24312
7391 32390
9196 16218
18977 21191
12740 15705
13069 25285
2903 13088
10466 15667
22524 23954
24115 24636
9018 26776
9943 29134
4320 13577
22663 26800
26132 26379
3951 23343
8953 14697
1340 15552
7164 24255
7910 24183
7421 7752
25105 31062
8615 22777
15706 20287
22537 31211
14451 17800
4780 25777
2626 29467
3377 14012
12712 32103
15123 23560
22502 29997
20751 32435
10910 32057
13311 24217
8698 15994
12709 25724
7374 14224
2698 8611
20833 24889
6632 9955
19403 26295
5454 29050
6505 19080
6730 28500
6709 30411
25893 30670
15182 28143
19817 21540
17859 26789
15667 23192
8569 31014
-1
13
21413 25089
22051 30352
17425 20348
1078 7801
17293 23502
17020 26088
12042 12422
1589 7620
5303 8349
19906 27099
4051 14911
145 31568
373 15135
3495 18404
7728 18275
14876 25812
241 2790
5433 10133
11161 13362
19111 27643
14739 23810
11077 16189
12015 19901
4858 24951
207 22312
8569 16321
8931 20091
23956 26421
14567 25853
21913 30311
16481 24288
8968 16138
847 12458
9527 23584
5260 6756
6720 11627
1306 26991
839 25331
14940 20702
3658 30367
12674 25632
2939 9634
17572 30595
11201 17500
2979 9318
7130 28942
17658 23808
20129 27372
3271 8563
1722 5446
11238 25668
4715 19468
10059 19999
24098 32029
8352 10185
8420 23342
459 18618
3241 22606
4170 17749
13183 20239
9390 30851
1072 4036
3670 14486
19368 31849
6035 6968
14478 19945
5385 13729
12903 18770
1113 11534
11753 21332
11118 32253
6639 24238
3166 32371
2172 10747
19101 22103
12885 18040
21542 29544
10416 11297
15532 25245
13866 29220
18057 27475
3128 9782
7908 16062
9670 29273
6500 18251
6759 28031
7356 16050
4904 32272
15454 26198
20621 30403
3173 11507
3382 14929
20247 31287
22011 25911
1480 28279
3613 24278
2299 19106
14695 20524
5235 27595
9451 32623
-1
78
11913 30728
7907 16124
1191 22001
25738 32419
12327 12756
6407 12176
17001 26805
20895 29370
8964 30156
13562 27533
16662 23410
1899 24475
4424 28883
23631 28343
12791 13048
12499 22308
19884 30992
78 28086
4484 11834
6951 14562
22351 26911
10389 32372
11634 12106
25924 27114
10828 28279
19781 21745
884 11154
204 6823
4354 14114
10024 27160
7427 32527
2573 5614
12946 16961
4658 28743
6035 29468
14662 22205
134 12644
18028 20827
25160 28600
25615 28109
17591 22947
12964 27400
6037 28913
24237 26440
1074 24508
9983 23359
3798 9278
12972 15140
12003 26467
20503 23574
9890 11575
4971 24478
10832 18318
5701 7036
4008 18867
8424 28011
11768 19726
63 28571
1436 26588
24967 27894
5193 26783
10706 22301
12109 29975
1371 14859
3782 22976
6531 31374
6045 29714
10043 18898
11462 26356
1465 7725
8315 30914
4792 19405
5491 17090
11344 24927
3922 27386
6506 7055
14256 23251
11593 23290
6296 10715
32050 32124
7838 25188
14848 16660
7305 24085
14794 23605
8383 25136
3135 10471
6317 30567
21605 24570
16958 29980
4471 29349
19071 22772
4860 32352
10623 21167
1760 9291
910 13346
19751 20592
20294 32229
22801 24853
104 16559
5486 28768
-1
50
18966 19039
13120 31250
24850 29946
9433 18276
10878 15723
8427 15012
5233 17986
19793 23949
3019 13996
22140 24043
12302 28404
6400 20253
26186 31088
21086 23533
1326 5572
13055 26279
5282 31778
3278 13334
18328 18902
12514 26362
2142 22212
20407 20573
1050 8006
25675 25748
4851 31968
25200 29826
7073 9988
15636 28269
12589 21800
18192 31679
4779 29289
23387 26356
5131 29583
4313 23900
4501 17896
8626 15582
777 23044
24901 27294
4759 32271
2058 17204
7080 15334
3780 17167
52 25624
4297 18247
17733 27958
30803 31714
5585 8280
17779 32510
9135 13048
8233 24650
22953 29503
2719 32744
7106 24984
694 21879
11919 13989
3574 31800
19460 26452
9721 26177
15799 26353
5778 32104
6624 8700
6114 16332
11672 16197
6872 14691
5512 15889
2889 28549
1156 2525
19822 20612
9539 11895
11121 19117
4369 19114
2406 3191
16510 29795
18351 23976
13112 26929
57 15672
6915 22309
15412 32307
7217 17330
26731 30064
24192 28068
1975 4290
19489 25718
1645 19603
28460 31921
14048 22539
18778 23953
3036 10913
9646 16427
3716 26070
2987 20628
10884 16416
13266 26941
8975 32387
23486 25132
4901 29280
362 1163
1819 17797
1554 14887
14477 25430
-1
