100
38 2
5 70 97 47 51 3
5 69 44 95 88 89
50 11
18 69 62 47 25 60 40 85 96 83 14 85 2 50 22 39 4 98 8
20 45 10 2 9 78 97 4 18 86 5 28 55 25 41 54 2 1 45 86 96
7 52 80 28 53 2 18 56
19 25 55 95 86 8 4 64 5 59 81 90 15 60 96 39 1 49 92 1
6 78 48 24 29 79 52
13 32 21 89 83 46 43 77 31 51 32 46 7 42
18 48 56 38 43 47 90 44 38 90 89 67 89 12 47 67 15 80 51
16 68 33 33 62 9 15 64 93 61 70 34 38 69 90 27 12
8 16 7 77 57 47 44 97 58
2 64 25
1 14
12 20
18 44 54 58 58 17 50 70 39 84 60 59 25 38 70 12 6 28 40
2 74 83
19 84 25 74 60 97 39 71 89 36 66 42 93 75 10 95 45 100 78 56
19 54 93 80 65 98 8 56 12 81 39 22 16 15 95 75 63 85 45 51
12 62 44 64 37 54 58 33 53 87 40 63 40
12 43 56 82 50 12 45 82 2 66 50 68 12
4 30 48 21 33
19 34 76 82 70 81 92 54 86 30 93 48 70 77 42 25 10 43 88 54
17 89 71 26 8 34 1 90 81 73 22 99 7 49 32 28 82 75
2 67 5
6 66 74 2 8 50 63
10 90 16 78 30 38 3 38 71 4 27
11 76 100 49 82 48 33 62 29 7 43 47
11 68 13 36 22 72 86 84 73 75 52 51
16 89 5 93 60 60 71 10 36 70 11 69 70 95 30 50 1
4 97 64 44 61
19 17 84 36 100 56 10 3 58 18 92 15 10 51 74 81 12 61 2 74
2 71 20
3 21 21 87
9 84 82 29 34 98 64 70 97 19
31 12
9 48 43 43 10 45 68 90 8 29
3 34 10 14
13 72 86 73 10 54 8 91 34 42 88 97 63 37
7 93 88 47 41 30 89 50
6 9 91 33 37 33 66
6 98 19 17 35 43 27
8 3 69 73 96 57 69 58 93
8 50 80 34 42 61 75 43 38
3 33 70 19
18 88 16 67 58 84 2 100 62 41 54 31 66 49 87 34 58 31 73
20 62 7 53 74 33 96 11 15 80 80 85 49 19 100 68 76 83 69 28 45
1 81
75 6
2 13 12
11 43 84 50 4 42 3 77 74 50 39 88
9 18 72 30 37 23 97 64 6 17
11 2 77 24 28 55 5 40 66 95 34 49
17 89 91 51 17 64 100 55 4 80 24 75 9 12 98 5 76 55
13 18 56 50 41 35 4 45 74 69 92 59 69 88
99 11
18 15 27 89 21 30 68 44 56 29 56 5 85 83 59 58 100 66 7
1 100
2 37 25
2 28 35
2 67 33
13 4 47 39 44 19 20 12 63 75 92 70 80 76
12 90 33 3 56 91 95 7 4 32 84 37 59
18 39 78 51 51 33 49 41 77 68 60 40 82 86 31 51 17 6 54
7 91 8 14 33 3 72 89
14 55 25 44 73 63 21 75 65 54 75 5 30 94 16
1 75
54 11
17 70 8 82 76 50 90 41 83 44 13 71 77 67 47 72 91 10
13 17 74 98 44 31 79 37 98 99 12 51 49 40
1 8
2 48 58
3 89 40 6
1 62
14 19 8 5 62 69 49 30 43 46 73 25 76 10 22
14 73 73 74 64 93 82 85 40 39 47 80 30 4 32
11 37 51 50 42 64 19 90 93 13 88 18
17 63 27 58 89 51 82 62 14 74 43 51 66 33 49 97 62 53
9 4 89 31 54 82 94 24 24 38
36 11
15 24 25 33 81 13 83 15 27 49 40 21 99 5 54 47
14 15 99 82 19 40 12 24 21 57 99 44 94 34 6
1 9
3 33 89 95
8 3 73 68 43 94 66 99 47
4 4 13 63 85
3 54 96 58
6 4 56 22 50 41 27
10 49 9 34 90 56 1 44 28 68 38
13 85 89 19 49 92 84 63 77 66 68 24 24 93
8 79 14 77 72 41 78 20 1
11 9
8 64 53 88 83 90 60 68 78
11 68 70 14 30 98 79 97 21 54 41 100
5 55 28 56 47 5
7 47 16 36 7 79 40 94
13 29 53 80 59 35 99 80 48 80 77 79 28 49
4 69 49 68 23
16 75 69 33 2 67 48 37 73 78 76 18 90 56 23 22 66
17 72 45 5 52 73 35 79 74 18 47 74 86 21 1 12 41 33
13 60 80 49 84 9 76 2 51 84 24 24 49 32
95 6
8 46 70 22 77 43 40 75 68
17 96 69 88 36 1 53 95 33 53 79 41 29 32 43 64 7 66
4 38 13 61 26
10 31 99 86 25 90 61 93 66 56 61
6 43 13 58 90 45 62
20 38 90 51 80 5 9 98 69 46 10 29 23 19 11 22 57 88 11 17 32
29 4
4 86 18 56 95
7 1 56 78 38 98 80 69
2 88 18
10 34 27 51 8 98 61 29 6 100 92
74 11
20 97 26 5 66 82 99 73 34 6 50 71 3 30 91 5 69 9 26 54 87
16 62 36 89 42 41 88 33 14 71 52 62 96 8 28 29 58
12 62 64 53 84 66 34 75 22 3 35 48 56
1 23
9 57 63 11 49 3 43 15 25 47
16 20 54 55 49 64 6 62 27 59 46 44 44 20 66 46 54
13 54 26 87 22 34 50 32 83 4 27 97 28 73
4 47 78 79 47
1 36
9 19 46 6 15 90 25 80 87 30
4 40 7 82 62
41 3
5 23 86 71 71 13
3 46 12 73
16 10 13 64 70 84 9 75 98 50 51 29 37 80 72 28 87
53 1
19 36 86 53 73 56 23 86 51 20 97 23 96 58 87 59 28 22 19 2
19 9
5 47 57 84 70 84
2 75 25
12 62 62 4 34 69 78 19 71 98 67 45 45
5 84 3 4 5 73
17 76 41 61 22 49 97 44 85 70 18 61 22 31 22 25 64 42
3 35 13 52
13 57 96 77 40 50 32 45 74 89 20 67 49 93
15 45 88 99 15 57 11 88 87 32 12 51 26 66 85 38
9 37 46 16 66 86 65 49 82 39
37 13
17 38 97 71 34 37 22 100 93 32 87 80 16 51 30 41 68 66
10 37 54 75 52 71 12 69 20 93 59
16 97 15 45 46 37 79 82 58 78 74 90 17 53 57 67 34
17 34 51 26 22 5 100 26 75 12 94 94 56 4 2 5 18 98
10 54 76 31 64 6 56 5 74 61 61
20 94 9 25 97 34 99 1 85 24 27 48 17 73 56 72 26 60 89 23 61
14 51 43 9 56 98 13 29 58 25 20 4 33 96 100
18 94 100 55 17 78 2 85 50 9 56 75 68 96 50 80 90 100 22
10 7 20 63 87 29 39 6 32 72 53
11 41 47 82 95 15 12 49 100 61 57 55
8 25 51 37 56 92 88 78 41
14 97 55 80 25 94 37 9 17 89 91 57 87 73 52
2 84 100
1 16
8 7 35 84 57 71 40 48 10
17 41 3 65 47 34 89 92 70 49 8 11 40 17 49 12 20 50
7 71 2 94 78 9 29 62
5 51 1 65 61 17
17 15 81 3 49 21 95 70 70 54 32 9 70 81 72 89 30 70
11 32 63 89 40 43 2 56 46 2 20 6
10 76 72 2 31 20 22 25 42 43 30
13 3 100 53 26 40 83 95 51 66 10 91 5 52
12 60 97 45 32 54 14 59 26 15 89 97 88
5 38 83 95 11 85
6 63 11 37 97 5 39
2 66 29
18 70 72 30 66 16 61 72 29 71 49 95 12 45 35 76 35 17 22
17 1 19 59 63 56 8 20 94 69 85 75 87 54 46 68 72 62
8 95 42 50 43 37 61 39 23
17 73 39 10 69 39 29 80 2 84 87 21 29 7 57 3 45 11
49 12
2 62 91
16 3 41 70 91 1 8 13 89 33 51 99 53 42 79 84 95
2 22 67
10 29 23 45 73 33 93 37 66 54 27
13 8 67 62 99 20 22 63 8 6 66 6 58 7
16 94 53 97 15 19 39 43 41 83 68 26 27 4 91 32 82
4 39 1 97 89
20 70 4 27 75 69 85 85 27 20 78 79 69 92 97 59 87 37 93 54 62
19 9 5 2 42 40 40 42 88 81 61 58 84 40 32 52 24 68 30 95
5 8 63 89 4 73
15 92 65 28 6 83 88 10 36 29 1 76 71 88 8 83
5 91 22 29 94 97
48 3
12 93 82 6 81 37 79 7 28 95 86 85 30
13 46 65 53 46 40 75 34 99 58 30 89 31 58
14 80 58 56 23 50 37 28 82 73 58 40 53 53 25
89 2
9 35 98 1 80 90 76 65 88 85
15 77 67 4 10 46 61 18 68 62 6 48 95 31 5 34
83 9
18 71 42 6 57 40 59 89 29 34 53 68 70 99 44 36 55 6 82
15 23 49 29 28 96 23 10 53 9 92 13 66 15 55 24
3 46 82 11
6 15 64 93 36 14 89
11 68 94 52 35 68 53 63 47 48 37 57
12 45 100 65 63 66 19 86 89 16 67 99 41
13 14 85 20 28 73 90 95 18 94 81 85 46 95
4 45 32 40 97
8 39 61 42 5 31 27 45 46
45 3
18 29 57 22 48 36 47 90 82 64 83 63 1 28 57 84 72 40 23
20 20 13 80 61 69 62 40 13 7 84 8 96 65 64 70 64 51 16 53 32
19 35 46 79 14 55 14 38 94 36 57 65 1 89 26 69 50 17 34 9
100 1
4 16 56 25 80
6 20
12 89 71 19 35 1 32 89 15 69 34 2 78
11 2 66 76 23 67 92 56 75 43 96 31
11 51 55 42 56 47 25 96 17 43 30 17
7 70 83 95 56 85 24 6
18 89 33 60 56 76 15 82 70 10 12 32 60 19 73 67 65 98 63
1 40
4 49 66 66 84
13 21 68 36 78 5 77 62 17 84 37 31 65 58
1 29
10 52 47 62 71 11 59 85 43 51 28
3 16 93 26
20 65 93 68 42 50 44 3 66 79 91 48 43 49 40 23 90 44 69 51 14
11 62 98 25 12 77 68 79 70 93 59 86
18 26 28 39 21 82 56 99 73 3 93 73 43 16 62 86 36 64 51
19 25 48 43 36 24 10 15 45 3 25 31 92 2 58 30 74 91 85 72
15 87 16 87 81 31 100 18 19 64 68 37 88 15 79 76
11 89 42 35 43 18 65 34 19 74 63 92
17 47 15 31 85 30 70 66 13 69 83 31 84 3 67 24 17 45
19 59 85 92 94 27 9 10 12 27 36 26 70 4 24 84 34 9 65 55
6 77 24 60 7 7 62
73 10
11 70 80 89 54 71 34 33 79 96 96 57
11 22 78 86 45 13 19 5 78 74 82 6
9 42 13 7 55 37 89 85 6 20
6 12 91 59 96 21 54
3 30 36 64
7 21 61 72 92 17 49 17
19 54 17 92 18 23 98 7 63 83 64 83 60 75 73 18 22 45 24 65
6 11 80 85 32 92 56
15 9 56 43 59 9 59 2 79 81 99 85 96 33 48 78
12 75 2 62 48 46 85 12 24 95 44 8 78
35 3
12 95 18 46 5 78 4 6 8 37 57 92 32
9 92 9 81 18 10 42 65 7 78
9 30 72 72 37 2 6 51 5 53
20 11
17 98 54 15 5 90 71 49 73 11 40 81 91 57 42 84 73 49
13 1 30 37 72 19 38 30 21 42 82 41 44 90
18 50 4 94 91 26 42 64 37 33 44 79 41 38 15 14 38 27 14
7 15 38 37 52 67 58 46
20 98 41 41 87 90 97 80 81 22 74 44 10 6 39 89 99 76 55 64 13
13 29 32 48 66 68 99 84 25 96 35 74 37 76
20 26 24 40 6 97 13 1 7 70 40 47 20 67 1 83 80 85 12 63 32
17 30 83 13 7 78 47 80 66 74 40 44 97 31 49 94 43 2
12 64 41 98 84 59 50 66 38 34 77 52 66
6 82 100 70 40 77 16
19 95 42 10 38 38 40 38 83 34 39 34 98 31 83 33 90 84 98 79
18 7
11 35 84 12 34 53 3 62 20 21 8 61
3 45 51 22
3 85 56 73
11 5 4 53 37 93 37 86 71 6 64 1
12 47 64 25 51 66 38 71 39 46 83 73 42
5 94 76 70 1 49
12 57 52 44 45 96 32 31 66 89 94 19 80
93 14
16 43 52 94 65 42 91 100 14 84 84 59 60 5 12 8 96
20 11 92 65 6 23 95 23 12 40 93 91 32 27 47 27 30 92 91 71 34
10 36 17 26 94 76 30 57 35 26 77
5 69 93 50 91 39
13 54 78 65 97 62 43 95 88 72 38 30 94 71
20 29 39 45 75 67 26 83 1 3 59 46 71 3 47 14 41 71 67 71 88
15 32 30 9 71 54 46 100 47 68 71 28 7 15 54 73
13 36 25 95 47 70 66 49 69 31 90 39 97 12
6 64 43 8 72 65 61
10 64 59 89 35 38 47 1 91 19 93
7 96 88 73 65 5 73 85
15 14 24 83 25 49 46 19 8 70 83 20 39 47 79 79
13 68 26 33 59 44 78 37 91 17 9 56 73 81
20 7 95 15 41 71 16 87 90 23 8 72 43 98 70 73 76 54 92 1 39
50 17
16 86 87 32 46 94 56 79 86 62 25 100 54 95 15 92 84
10 99 8 84 96 29 56 72 83 47 72
1 49
8 88 86 7 71 32 100 26 10
5 39 34 37 92 28
3 84 64 92
2 23 75
10 51 82 1 85 81 24 57 81 44 44
6 50 14 97 1 39 58
6 29 91 74 21 71 76
4 86 20 37 8
6 66 10 28 18 95 60
14 51 40 37 47 5 38 60 54 38 51 11 75 79 54
20 51 24 76 54 61 47 43 20 92 60 29 19 30 75 30 23 78 21 11 24
6 100 35 31 37 85 41
4 16 94 15 66
9 90 72 81 36 14 100 80 25 81
50 14
15 80 28 32 100 38 55 77 37 90 7 26 26 100 41 41
5 55 59 66 97 30
6 84 95 46 63 19 26
13 25 80 44 52 64 43 90 70 72 78 59 78 55
17 29 95 29 74 2 87 39 98 16 84 81 62 81 96 81 6 60
17 38 3 8 53 97 49 22 68 79 33 98 33 69 26 28 97 99
9 36 37 78 51 73 10 65 53 5
5 59 64 53 48 66
20 100 63 61 21 82 39 5 79 71 73 5 98 22 3 78 57 92 55 59 64
17 23 16 21 19 26 37 71 73 54 83 24 68 43 45 50 81 49
8 51 74 32 1 47 87 30 3
18 37 13 41 53 36 8 73 6 34 61 77 6 15 59 82 82 1 26
11 81 26 59 83 51 42 83 97 28 13 51
17 49 64 49 53 51 57 25 56 90 86 32 47 52 42 28 33 42
5 4
14 83 74 9 85 15 91 34 95 55 84 51 55 99 52
7 49 8 84 5 49 21 88
15 72 30 75 4 23 31 19 49 65 92 57 50 59 47 83
13 54 18 55 8 17 6 67 65 65 50 21 13 70
9 20
13 38 86 96 60 68 67 8 33 58 16 34 16 63
8 20 68 85 27 75 53 84 93
18 49 42 38 13 63 98 24 7 35 9 55 47 77 21 6 9 78 22
14 46 36 61 17 3 45 95 29 50 79 22 67 79 15
16 91 78 54 15 84 40 75 38 86 51 10 44 11 88 65 4
5 100 16 53 2 13
8 82 62 78 3 80 56 18 35
18 47 40 64 82 32 39 72 69 41 81 12 52 20 28 7 56 27 23
9 80 35 8 14 48 85 16 27 40
5 13 89 31 5 53
5 36 91 36 56 31
8 68 34 88 95 93 43 74 15
3 5 1 10
18 48 94 86 26 85 70 38 74 53 42 78 69 77 68 4 33 50 71
12 84 10 98 76 53 23 42 55 28 94 17 97
13 62 82 18 47 4 55 72 8 97 49 76 25 68
11 9 69 53 60 52 63 10 79 67 32 72
13 11 17 89 60 9 51 41 78 49 96 33 20 3
1 20
10 5 39 60 66 7 13 25 11 75 86
41 1
18 13 13 80 81 54 39 42 4 32 19 52 27 51 23 82 83 94 11
40 12
11 5 90 35 81 100 9 67 41 1 36 5
5 15 85 18 54 26
13 37 97 76 63 99 98 96 82 43 7 73 26 29
17 16 63 9 15 23 27 7 75 62 11 39 29 48 57 34 25 81
10 21 57 84 20 6 80 1 49 38 73
14 66 1 41 80 61 56 2 88 14 76 1 77 66 29
4 74 14 100 55
15 21 11 19 40 16 50 92 16 87 16 42 4 68 82 83
8 89 36 15 3 63 16 79 28
16 54 54 62 53 8 96 73 70 66 64 85 15 7 53 53 22
14 56 89 75 38 69 16 25 83 18 87 50 48 67 98
1 20
59 13
19 54 78 48 72 93 84 86 100 36 91 21 81 46 62 8 36 82 23 60
4 40 99 66 87
17 63 39 36 73 43 66 78 20 13 49 13 48 87 64 36 77 36
16 74 97 23 9 30 45 21 46 36 71 11 74 87 25 12 74
17 55 39 74 26 3 75 90 2 61 53 37 89 89 5 62 37 27
3 67 24 95
12 11 17 74 85 3 50 48 28 46 54 18 71
12 72 97 21 73 9 26 10 97 66 14 11 2
12 85 20 67 31 83 30 47 56 14 1 57 13
8 2 19 45 25 50 16 21 22
20 82 47 49 78 12 14 40 66 58 76 85 76 6 20 5 4 27 70 4 84
15 31 85 53 27 61 2 94 34 23 34 15 22 34 44 85
20 36 50 9 11 87 84 69 6 41 72 32 62 76 15 96 58 52 48 37 64
1 2
17 76 67 63 49 1 7 33 52 94 35 60 56 21 95 24 26 87
8 9 49 23 76 96 32 27 96
68 10
16 2 39 23 68 1 71 20 59 56 71 52 90 82 60 10 77
3 87 15 30
7 63 4 22 11 36 48 6
15 90 53 56 80 28 24 80 98 43 91 5 66 94 94 47
13 55 75 88 41 90 17 88 4 21 61 14 8 9
11 14 50 24 22 29 3 97 60 52 91 2
17 56 96 50 3 100 5 29 87 97 18 4 36 74 76 97 87 35
17 10 48 6 85 69 86 87 65 45 38 56 99 94 63 94 44 17
13 100 46 80 96 15 35 84 88 10 80 27 96 36
16 43 93 20 64 78 6 80 74 95 87 72 89 50 17 84 18
10 15
3 41 30 30
15 13 17 36 44 95 31 79 30 25 71 1 88 100 58 68
14 53 6 97 93 55 14 76 25 75 10 39 15 91 68
9 56 37 76 99 31 6 30 61 30
20 13 70 52 71 89 25 23 94 73 15 1 86 42 25 60 51 63 26 93 83
6 48 19 41 99 49 98
8 61 28 79 74 49 30 44 37
6 18 82 79 84 82 16
5 58 28 27 73 53
11 55 19 71 73 11 69 73 9 96 34 88
6 59 36 56 54 24 13
11 5 43 6 39 11 82 48 38 60 20 42
10 26 60 100 98 23 20 23 31 15 56
18 93 14 53 48 19 28 12 89 32 55 46 70 65 79 70 54 38 89
15 19 15 7 71 64 29 90 86 59 57 93 28 49 58 80
48 16
7 59 16 90 65 61 12 81
11 81 34 28 21 81 99 35 87 69 51 67
18 88 25 14 81 52 62 90 83 61 66 41 20 33 82 36 46 93 17
16 25 2 64 46 82 62 32 68 82 34 34 39 22 10 5 54
13 66 43 47 79 60 39 50 93 21 85 38 65 53
13 90 55 88 87 36 1 18 56 82 52 41 21 25
3 25 78 67
2 20 14
12 80 4 21 24 76 6 61 41 58 85 82 64
13 68 100 73 85 7 7 88 47 27 12 49 3 89
8 96 61 81 68 92 36 88 15
12 45 27 4 55 11 85 18 83 52 17 8 88
15 14 28 22 92 91 22 46 80 89 93 92 21 12 35 57
20 1 20 96 27 23 50 37 59 20 72 10 88 31 49 63 96 28 84 39 19
17 36 50 98 28 41 18 40 27 26 91 27 97 86 53 19 88 41
9 59 64 38 46 46 39 8 41 66
43 11
16 52 66 85 49 94 77 66 85 3 44 75 29 40 12 33 11
11 26 39 9 41 29 55 87 19 14 79 36
17 10 72 8 75 8 56 20 85 73 56 39 68 30 20 60 94 4
2 44 29
20 5 22 40 11 8 10 24 38 46 80 47 69 39 74 76 46 45 12 71 1
11 38 82 70 49 75 73 70 71 54 30 27
15 21 37 34 31 60 71 76 92 70 96 82 95 71 28 39
15 50 91 85 87 73 6 88 99 30 57 21 83 38 47 9
19 83 94 41 43 17 68 86 86 63 67 80 85 46 70 19 95 13 3 34
17 60 21 35 90 77 56 24 15 2 33 25 37 78 65 31 94 32
16 79 46 34 10 30 80 32 49 74 96 3 59 32 63 79 66
52 8
13 75 74 27 59 98 63 89 14 93 82 97 60 13
2 93 74
11 72 57 71 98 52 26 56 83 88 35 1
11 94 73 17 67 99 28 64 13 16 29 57
9 25 16 13 18 61 87 40 32 43
11 81 47 36 37 29 75 23 81 17 16 54
13 82 4 60 97 69 27 77 25 76 1 93 88 18
13 26 57 36 21 19 17 67 6 53 47 32 27 28
48 14
13 81 75 88 92 23 56 19 99 33 46 51 25 85
20 29 11 28 64 83 47 80 1 4 84 47 36 62 26 83 55 10 15 81 50
7 55 5 77 53 89 22 55
5 58 74 93 20 2
9 2 100 40 2 3 76 1 90 37
18 73 92 88 87 24 37 45 79 93 21 83 82 94 38 98 4 63 91
3 16 99 77
15 38 78 70 13 78 59 2 8 83 45 95 22 68 83 66
6 27 39 81 60 84 18
18 87 32 100 62 48 50 38 62 39 15 83 52 45 42 5 4 24 49
10 97 68 32 63 14 10 53 46 70 36
15 79 75 46 78 88 93 27 25 7 65 91 89 68 87 82
4 90 6 72 39
14 40 22 16 5 32 20 50 53 8 64 31 82 61 60
21 14
18 45 12 54 87 100 74 74 82 97 63 39 69 54 44 60 75 60 64
18 31 65 10 38 80 92 71 40 51 91 45 88 87 56 94 74 8 67
7 41 63 61 31 31 14 74
2 89 85
5 98 16 69 8 53
20 99 76 40 2 66 84 89 53 92 34 26 99 100 24 91 63 84 21 45 98
14 87 38 79 91 35 46 12 94 98 11 93 73 2 94
11 38 34 95 29 68 20 79 19 43 69 81
18 89 26 27 34 12 64 64 54 51 9 17 96 59 80 40 83 81 85
5 70 71 19 98 38
10 76 8 84 96 89 62 36 66 88 70
9 4 85 82 6 46 51 1 56 30
1 90
2 25 15
32 15
5 81 84 75 9 92
18 4 32 19 92 97 59 13 25 62 97 58 19 94 8 19 1 89 11
11 3 88 57 86 82 93 66 18 67 26 61
17 82 92 47 73 88 5 85 64 18 33 21 36 79 81 7 79 69
17 21 23 4 77 8 38 22 26 55 88 51 15 16 84 58 63 56
17 67 92 60 37 77 80 72 7 60 78 85 81 47 58 3 50 34
11 87 7 88 93 95 38 59 10 74 16 24
1 12
3 25 23 79
1 55
2 7 14
12 43 46 78 100 1 27 86 11 66 92 50 58
18 87 69 100 12 84 23 93 48 65 17 70 95 17 24 97 75 90 28
9 87 5 21 87 83 6 49 100 49
18 58 39 85 26 38 48 61 12 40 8 29 56 30 23 24 5 71 50
46 10
19 33 54 91 19 89 48 68 88 96 65 97 86 1 74 23 49 35 87 88
14 15 96 75 37 19 80 60 21 25 9 91 9 15 81
8 3 28 47 42 75 63 91 61
4 64 35 64 50
1 3
4 35 98 70 24
9 1 83 41 78 91 31 86 5 11
5 59 90 11 53 64
14 43 76 89 6 11 52 56 31 54 51 18 4 20 41
4 21 75 64 98
65 14
15 22 56 100 32 45 62 84 60 35 78 36 75 84 98 26
11 80 32 93 97 87 12 37 10 84 63 25
13 80 70 68 53 25 19 84 21 80 20 32 67 97
19 41 32 16 19 74 96 50 66 44 88 30 33 49 13 95 73 98 74 94
17 26 18 35 62 90 66 81 21 84 29 40 25 13 7 43 86 54
4 4 98 83 33
10 31 45 24 55 94 98 48 10 75 17
16 36 58 14 68 78 97 97 69 21 61 28 15 98 81 10 1
18 92 33 59 74 30 83 28 23 32 27 85 6 95 80 94 52 45 61
2 42 57
10 14 69 77 29 67 10 38 67 39 82
12 98 55 81 32 83 3 63 61 87 20 56 19
13 7 63 74 88 56 82 38 70 51 66 98 69 27
7 87 66 68 38 63 23 18
94 17
13 8 17 59 79 72 29 44 79 44 17 66 99 50
15 68 52 73 17 20 99 4 59 16 71 96 30 45 14 23
1 86
2 18 96
13 89 77 56 19 20 24 37 70 73 91 90 77 15
6 48 66 9 6 81 32
2 11 28
7 85 29 52 19 98 99 31
6 75 38 57 46 61 93
16 85 35 5 61 50 62 9 67 71 14 99 54 67 61 81 33
18 61 36 16 58 35 98 96 9 87 52 7 47 44 22 83 30 78 44
11 39 4 97 61 69 48 66 36 8 47 20
5 59 56 72 17 90
1 12
10 7 15 56 53 10 29 88 39 58 31
10 49 86 66 9 54 13 75 41 73 73
1 77
31 16
9 99 5 21 62 6 28 76 62 32
5 42 19 24 100 1
5 48 86 62 8 40
15 34 32 99 6 92 75 89 7 75 39 63 96 1 69 75
8 82 6 65 23 25 40 74 77
4 21 63 45 81
14 71 14 85 69 72 77 96 12 35 22 50 98 69 2
18 43 30 99 1 46 73 25 85 47 1 68 19 15 12 99 68 83 13
5 3 36 33 98 47
7 20 96 16 40 50 33 83
11 83 83 76 56 59 60 2 11 27 20 78
18 71 45 72 35 1 75 70 33 72 68 100 43 63 15 83 64 100 17
14 82 51 69 89 61 28 90 71 54 62 100 44 84 45
15 18 45 41 39 30 13 6 29 7 20 95 41 84 46 57
17 80 7 46 68 19 25 58 90 31 71 89 74 54 85 40 71 82
1 61
11 5
6 91 51 85 37 92 68
3 100 97 62
19 94 29 77 18 38 18 48 8 59 21 13 43 13 35 76 93 95 38 37
20 28 39 45 17 82 64 99 82 60 12 40 53 92 16 23 30 86 70 89 44
3 2 38 55
88 14
19 83 3 87 42 83 25 38 99 59 2 49 40 13 60 31 18 51 98 40
12 83 61 73 26 55 26 64 61 13 29 59 95
3 97 37 65
14 74 63 32 27 63 71 92 22 53 9 25 50 100 56
13 12 28 10 67 53 25 27 66 53 38 12 36 86
8 52 59 74 67 90 52 29 12
3 51 16 51
15 66 2 82 50 14 10 59 32 14 36 58 31 88 47 43
15 85 42 79 43 67 45 85 19 25 48 61 75 64 64 1
1 17
3 30 30 44
20 61 9 75 71 92 15 69 86 41 53 79 19 48 46 15 32 16 40 31 28
6 46 91 19 26 60 53
7 41 48 47 2 56 73 24
99 7
4 84 80 49 63
10 96 60 65 79 75 56 61 2 21 7
5 91 32 4 43 39
4 90 37 97 46
9 72 96 48 68 80 27 16 94 76
3 53 92 93
19 47 53 80 20 11 76 10 43 79 53 33 75 42 21 71 39 29 95 35
76 2
6 2 29 11 30 91 15
1 83
93 20
7 24 91 98 100 100 92 30
4 76 4 98 96
7 88 76 73 74 52 34 91
5 62 1 34 52 15
7 86 59 26 24 83 16 73
14 67 64 15 23 91 71 20 38 97 59 14 21 33 17
14 23 21 67 76 7 70 42 13 55 1 90 30 35 5
3 20 23 18
14 45 9 4 16 98 52 75 11 24 7 27 77 81 100
3 56 6 12
10 70 18 50 59 48 36 15 2 55 37
19 40 34 79 96 49 77 99 23 39 23 81 66 51 62 65 94 69 22 57
10 91 27 19 49 74 6 15 27 12 3
17 4 36 76 99 37 4 49 59 42 23 92 59 74 5 75 19 73
16 75 95 86 1 65 86 26 71 100 4 82 55 1 85 90 28
15 26 31 36 37 24 58 28 35 31 32 9 49 56 5 76
10 42 28 15 28 6 37 79 9 70 33
9 7 75 36 41 52 18 76 88 94
6 15 28 16 98 88 17
14 44 44 55 86 23 69 65 80 57 95 89 27 80 49
33 14
17 25 5 6 53 45 99 38 11 78 53 9 66 21 14 9 16 68
6 39 89 62 18 45 57
18 71 36 59 55 41 47 80 97 52 32 41 3 69 52 80 73 12 97
6 25 58 61 44 3 51
12 17 21 29 73 78 99 60 88 54 52 34 85
8 38 16 41 92 84 44 23 8
15 20 53 31 77 14 74 31 16 6 47 36 34 71 66 84
2 53 89
13 39 73 33 28 40 73 19 75 16 41 83 22 60
15 52 88 100 25 71 16 82 17 51 67 40 16 3 21 21
3 6 11 16
18 38 7 62 56 82 29 96 16 50 8 50 53 47 2 29 17 69 63
6 19 29 77 87 83 97
19 26 54 69 93 91 6 99 4 13 32 32 8 47 33 67 97 37 14 50
66 2
18 28 19 88 8 95 26 91 44 84 16 97 4 8 40 9 58 43 21
10 75 81 36 59 99 84 96 64 33 13
46 2
20 16 90 99 11 67 41 54 51 8 50 6 67 89 67 25 84 87 14 58 19
1 16
18 5
3 81 69 75
18 71 66 94 12 17 56 78 57 9 80 65 10 86 31 51 52 7 34
10 20 43 61 73 10 78 9 73 10 77
7 40 99 65 33 10 81 88
20 37 48 19 53 57 56 84 59 59 90 92 49 62 86 9 86 96 38 94 68
47 10
6 38 21 30 70 30 62
9 69 99 8 40 3 17 47 86 75
6 28 19 54 41 4 14
6 99 51 71 18 49 92
4 87 12 65 8
2 27 17
2 77 76
13 79 92 100 17 67 5 96 37 10 88 40 23 65
19 25 35 56 73 26 91 11 38 8 19 31 86 87 44 62 62 49 92 6
8 60 72 4 55 8 65 42 99
39 6
17 63 92 45 87 18 87 98 7 94 68 37 31 6 32 92 19 80
16 24 79 95 47 34 2 54 98 95 5 36 53 41 50 44 37
17 13 76 86 19 21 5 55 52 10 39 95 80 18 30 4 97 77
10 82 78 56 80 24 60 67 76 52 17
20 41 5 32 16 90 3 88 46 9 39 7 47 34 86 17 15 89 13 91 91
6 20 98 25 44 9 92
71 12
8 42 52 12 74 19 53 28 7
18 36 97 4 83 30 41 99 97 82 63 87 72 8 59 21 85 54 29
16 24 40 35 66 44 98 91 14 50 18 72 99 53 69 54 87
10 46 85 46 27 99 85 50 7 43 70
11 96 50 18 19 42 52 36 37 1 26 50
10 43 74 100 48 42 5 34 43 50 19
9 77 69 73 26 75 67 48 17 62
17 86 32 90 89 68 26 89 93 28 90 88 1 89 35 94 93 20
16 95 90 24 71 59 48 48 85 14 47 54 27 96 39 59 85
8 78 63 16 22 90 6 9 90
6 95 83 91 15 18 85
4 94 7 14 93
6 19
7 53 52 85 48 42 43 32
9 72 46 85 94 35 42 2 76 87
9 10 77 15 80 13 70 25 19 84
17 25 34 75 29 85 60 76 26 54 59 47 26 5 83 19 91 24
12 67 62 20 28 91 34 7 3 4 31 74 39
8 50 72 74 78 8 33 53 85
7 63 31 64 19 13 82 10
8 53 28 50 25 55 40 58 14
14 13 44 67 3 43 16 74 17 45 81 1 49 18 87
12 48 50 82 13 83 91 100 36 70 49 12 77
20 69 90 34 34 85 52 36 28 68 62 96 64 94 96 13 11 35 24 59 36
5 71 19 48 22 6
17 23 17 45 62 37 34 47 70 19 99 58 98 18 19 45 81 64
20 93 75 26 68 85 62 25 7 32 24 28 37 40 50 53 85 64 89 70 62
11 40 12 20 37 29 90 81 62 53 73 6
7 50 26 11 11 50 69 42
13 97 78 64 98 82 100 13 23 22 75 33 61 86
4 50 67 93 82
20 45 54 37 24 56 62 86 66 63 55 60 87 51 89 3 100 23 54 13 45
75 19
9 88 24 32 37 42 76 18 21 20
4 58 95 79 71
1 96
14 35 55 20 37 96 22 36 18 28 100 62 2 38 42
9 62 25 77 55 100 95 28 19 70
17 14 48 7 46 43 40 80 50 12 16 97 85 3 14 12 3 27
6 40 20 6 53 44 83
8 43 77 35 61 98 71 26 45
9 71 39 69 2 40 32 69 36 16
12 1 80 74 79 45 65 98 50 18 93 84 77
15 12 63 48 9 85 25 53 13 96 44 33 97 83 64 18
11 32 89 23 11 14 2 55 78 51 56 47
4 40 23 78 51
5 25 12 69 50 64
14 97 59 66 45 42 30 62 64 61 2 86 71 15 39
17 93 90 84 39 33 75 14 62 78 98 39 89 19 40 4 52 36
3 17 32 56
18 46 19 58 47 56 80 62 95 8 6 84 92 96 68 18 9 29 95
19 67 83 29 6 39 80 93 1 48 25 56 98 22 26 55 68 81 87 29
75 14
14 10 37 30 77 55 90 58 1 48 24 36 76 82 74
7 26 74 7 2 81 4 23
18 10 91 38 96 19 65 42 5 74 30 86 3 36 75 60 37 75 35
12 2 16 97 61 94 70 67 95 2 22 18 59
11 60 48 79 30 12 72 34 38 53 71 40
9 98 51 77 72 85 100 25 53 96
5 46 17 3 92 18
4 9 28 55 68
15 85 98 87 56 83 76 60 6 67 48 3 17 24 26 53
15 50 5 70 87 2 38 89 46 7 13 6 34 19 26 9
15 75 47 62 57 22 21 62 40 69 16 56 44 93 8 71
3 65 92 81
18 30 69 63 36 33 69 70 3 94 30 57 68 28 18 76 1 91 90
20 59 57 95 54 50 54 76 44 70 68 24 88 97 92 2 32 77 22 53 79
67 14
16 86 61 5 14 61 95 3 100 5 11 46 11 60 100 86 3
9 53 78 8 49 22 62 33 98 83
17 28 50 71 63 87 83 20 100 96 66 54 47 71 65 93 33 24
4 18 79 64 23
16 24 71 77 85 55 26 67 44 54 68 66 68 55 48 87 54
15 5 60 42 75 24 34 59 99 29 76 29 92 98 85 15
1 13
19 27 91 18 70 44 85 87 63 91 35 2 97 29 6 56 22 32 79 55
10 29 83 17 58 27 15 94 93 87 6
4 65 48 61 87
11 97 73 54 40 59 55 36 40 12 43 61
3 21 68 32
1 2
8 58 28 14 51 21 52 9 64
17 16
16 3 99 72 27 4 11 86 10 98 25 21 40 85 63 12 52
6 13 54 45 22 33 11
13 5 14 33 20 30 88 95 84 38 19 63 41 81
8 50 79 72 70 70 8 84 82
12 81 46 17 26 67 49 88 91 6 1 23 25
3 63 72 66
20 90 80 41 22 27 42 52 50 64 22 10 47 55 21 28 100 37 5 18 37
12 9 94 92 83 19 74 45 42 92 45 31 71
17 4 50 78 56 99 41 77 8 40 83 80 19 34 68 23 51 5
6 11 98 9 46 68 35
10 9 26 86 91 48 22 95 49 52 50
20 44 78 59 83 60 39 1 93 58 75 95 62 40 6 12 49 51 31 83 92
12 60 30 82 59 3 28 60 54 77 59 98 54
17 32 65 7 85 57 65 59 52 78 51 9 41 99 11 24 33 2
15 44 31 48 54 34 76 13 39 52 71 88 58 40 20 22
18 4 31 14 14 82 44 64 42 84 62 52 59 46 53 73 89 36 21
43 1
16 7 59 99 78 47 56 69 18 30 18 21 60 32 34 93 75
98 14
10 11 85 69 9 89 93 49 76 13 43
16 60 50 55 59 27 53 66 47 70 47 64 42 6 95 27 50
1 76
15 83 39 19 51 47 60 43 95 35 8 90 83 67 39 89
17 17 41 43 63 62 89 78 55 47 25 33 48 45 9 83 79 99
13 29 97 64 24 43 51 83 32 33 49 70 21 78
6 13 20 100 26 60 78
20 58 2 64 6 98 72 40 77 22 92 57 18 56 32 61 6 14 92 90 15
2 10 92
19 74 63 99 99 74 28 30 32 81 93 89 78 17 28 6 38 71 15 8
6 46 68 83 12 59 72
6 72 33 69 71 58 83
9 8 56 48 89 39 28 82 27 57
10 6 63 39 77 29 46 54 74 65 37
37 4
20 14 95 45 82 17 2 64 37 10 20 84 98 58 11 31 37 68 32 42 82
3 18 10 68
12 35 33 60 24 8 71 37 54 15 19 71 17
14 59 78 5 43 27 15 5 58 51 24 41 44 57 63
62 6
3 85 53 67
16 76 74 66 64 79 81 82 1 49 68 60 26 72 2 52 86
18 61 88 82 2 32 38 16 45 56 98 29 60 64 24 87 89 41 50
8 21 84 68 69 51 27 46 22
20 50 60 90 10 99 71 63 30 60 79 26 15 76 54 74 92 29 12 80 70
2 47 42
45 7
11 47 45 8 20 25 57 79 14 67 78 36
1 59
15 11 85 62 39 90 87 30 71 99 9 92 12 8 33 8
14 95 54 18 3 73 94 59 4 59 77 33 46 10 91
1 20
15 54 58 17 40 39 87 90 100 78 1 7 62 8 32 57
1 49
59 6
15 69 89 53 98 21 51 7 11 91 26 38 44 36 6 35
6 92 25 25 21 25 83
2 85 14
10 45 15 100 30 9 69 70 13 66 90
3 24 53 5
1 90
100 8
15 87 14 38 11 38 10 87 73 91 71 86 81 68 52 32
9 60 100 19 25 17 60 39 40 12
16 41 1 95 28 47 81 93 36 43 83 45 30 55 88 52 40
20 71 92 51 72 3 51 90 79 19 49 18 11 13 13 3 13 59 30 12 92
15 47 34 57 44 15 11 31 19 2 50 89 45 100 60 100
2 1 78
1 2
7 31 14 11 33 78 70 14
89 13
8 88 46 96 31 13 6 13 31
20 62 71 4 61 83 3 63 35 33 35 36 79 17 49 42 1 79 11 66 19
15 6 6 20 1 88 84 59 100 66 18 13 37 73 26 71
8 40 5 12 74 41 90 42 41
3 42 19 45
7 38 19 12 95 39 13 35
14 23 86 40 40 99 28 64 76 98 43 15 54 54 88
14 96 29 87 78 22 57 23 28 46 41 92 93 31 56
7 5 78 64 96 69 14 23
4 89 72 27 3
5 80 42 71 75 22
9 5 43 65 27 23 63 19 14 55
10 21 33 6 98 96 1 18 62 75 1
2 6
7 5 70 59 98 92 85 20
20 89 14 65 67 88 27 86 53 33 87 73 65 92 22 12 44 39 25 18 40
7 15 18 83 36 76 80 28
1 51
19 1 17 43 68 4 21 5 9 5 91 81 69 34 3 33 77 93 57 46
12 83 60 50 65 47 77 97 74 37 99 53 38
15 7
17 71 20 61 79 24 51 11 45 84 65 29 12 58 85 9 89 20
20 90 36 66 67 32 92 55 31 44 44 97 42 100 19 13 60 97 89 10 60
5 45 24 13 8 81
17 16 22 68 35 11 4 53 29 35 44 36 17 39 79 66 80 79
4 45 38 33 33
20 92 17 44 15 29 4 48 77 19 69 45 6 31 48 58 12 34 53 47 3
11 25 68 22 3 51 66 93 35 50 92 26
66 7
13 46 90 40 75 9 8 19 66 90 18 75 1 3
7 47 5 17 24 72 90 26
15 56 18 61 57 61 39 23 48 31 20 37 22 94 97 81
4 62 70 81 36
11 36 62 69 40 30 92 64 20 70 90 27
19 50 83 100 88 57 47 70 77 35 91 22 32 23 86 93 93 18 29 15
13 42 35 93 24 27 8 43 48 97 21 86 98 55
37 18
4 83 59 40 18
2 13 49
4 98 93 68 16
13 34 20 15 69 12 38 47 71 32 94 19 4 31
9 10 68 6 73 50 16 64 19 17
17 19 93 74 64 60 41 36 46 61 50 14 24 39 60 95 22 5
5 77 35 33 87 2
18 59 4 6 75 74 22 51 93 66 76 56 26 17 43 71 29 45 36
4 83 47 98 57
11 63 33 37 47 71 91 85 82 94 42 56
7 63 6 11 29 81 18 6
9 61 28 29 5 15 33 39 61 82
7 63 96 80 51 43 2 41
19 83 34 20 38 53 34 95 63 62 28 33 19 76 93 98 57 49 12 89
7 72 22 34 86 18 65 37
20 66 77 38 1 63 9 38 15 42 33 29 56 60 61 74 87 5 72 43 53
3 83 92 7
5 25 92 22 41 80
33 18
17 22 58 19 30 48 85 71 80 13 78 91 74 52 29 78 75 24
3 9 58 74
15 62 50 59 35 90 38 19 47 46 40 57 16 21 4 100
4 35 13 21 77
18 72 5 15 98 80 49 7 38 22 73 99 71 83 86 12 73 4 11
18 44 67 86 64 70 85 59 56 97 80 32 34 3 88 1 1 68 49
19 5 23 83 55 45 66 40 57 90 96 67 59 91 85 44 6 6 29 65
1 77
4 44 11 46 31
3 98 50 63
16 54 85 91 61 30 56 52 38 97 47 56 55 37 40 99 95
17 79 59 9 55 2 52 17 99 34 79 97 84 94 4 89 78 94
9 59 1 53 48 97 99 3 4 88
14 2 82 42 32 92 50 86 93 1 55 43 35 33 91
18 26 95 58 56 40 7 66 41 59 14 89 9 68 92 48 14 45 29
15 76 72 57 14 16 57 68 59 43 52 49 12 30 95 70
5 35 28 2 75 38
7 63 46 35 7 46 100 51
26 6
7 98 62 40 13 71 59 71
13 10 72 77 39 66 46 75 52 25 77 26 62 43
1 59
9 99 4 80 49 82 86 75 79 99
6 91 69 24 14 34 86
5 10 24 2 7 99
54 3
7 31 96 21 23 54 2 21
10 81 70 91 18 96 21 17 62 11 37
17 24 22 22 60 31 98 14 89 48 67 23 74 49 18 46 72 72
47 12
13 28 13 75 45 9 95 13 22 5 50 10 81 71
4 92 54 81 5
14 28 23 17 53 72 34 98 95 57 45 38 41 24 51
15 20 11 9 33 84 66 34 93 98 56 76 41 61 8 46
7 35 20 23 87 91 8 37
17 17 81 75 57 56 25 72 75 87 32 59 70 97 44 14 46 52
10 87 64 97 84 70 84 3 44 22 46
12 58 82 68 90 8 76 45 32 47 72 18 31
2 39 79
18 53 25 29 94 63 92 42 46 14 25 100 57 99 97 60 56 31 79
6 38 55 42 22 53 65
11 83 47 30 62 76 82 38 4 27 100 47
68 17
20 45 48 69 43 45 28 98 27 7 95 16 13 89 37 65 53 28 100 51 9
1 26
2 50 81
8 49 28 35 97 39 31 44 59
13 40 87 23 66 45 17 82 57 5 70 73 10 97
12 60 57 84 86 98 33 66 65 33 45 52 29
16 34 73 94 7 12 32 29 30 28 97 63 84 54 32 9 63
1 80
14 37 16 11 87 48 77 3 33 73 54 61 8 88 85
14 46 49 37 26 78 65 74 40 100 27 71 8 41 3
20 15 40 55 77 26 54 53 28 86 78 34 47 37 73 83 90 70 31 27 95
20 43 68 51 42 47 74 50 87 76 41 53 15 47 30 92 100 34 72 86 63
5 84 100 77 66 41
18 49 19 92 8 61 11 11 55 57 84 56 96 59 96 48 26 42 29
17 41 15 88 78 77 44 61 28 72 79 21 69 79 39 60 86 52
3 96 6 79
11 61 74 90 8 74 67 49 54 83 41 68
23 19
17 18 31 76 90 61 96 10 39 87 70 77 38 92 24 95 22 55
15 96 96 14 21 62 62 74 96 54 94 70 24 42 88 7
17 77 67 13 86 58 51 7 86 88 50 9 34 24 15 40 71 10
13 91 71 14 64 19 19 9 88 43 50 75 49 67
3 67 31 41
4 81 99 9 20
1 70
13 24 84 92 94 94 96 36 16 61 51 34 79 60
2 21 9
8 21 27 3 88 9 43 63 41
13 24 12 93 93 64 68 28 7 61 73 54 48 89
14 99 74 93 58 47 65 18 95 86 45 97 25 5 91
7 46 83 62 57 76 6 73
15 34 31 8 6 85 55 94 98 53 20 90 62 66 7 80
20 92 76 8 16 80 98 54 77 33 16 34 60 21 6 54 6 88 61 12 72
16 57 22 20 76 11 82 42 17 13 53 60 88 61 27 19 10
1 96
2 48 81
1 20
86 15
6 25 67 89 97 34 45
18 54 21 80 87 62 49 99 66 60 86 26 87 56 36 19 51 29 18
11 30 37 68 36 14 45 2 2 41 36 99
10 41 19 41 27 32 89 25 97 49 62
15 87 17 10 5 20 90 22 2 19 10 22 6 76 66 60
9 58 95 27 67 87 45 7 13 28
8 89 25 48 50 51 34 18 60
18 89 49 11 43 20 72 16 25 47 81 84 28 90 30 54 8 16 99
14 80 78 13 68 54 60 69 4 93 39 15 82 79 64
4 21 35 68 36
11 14 68 47 93 57 76 47 64 44 97 30
15 74 42 95 28 54 15 31 98 53 46 80 84 61 75 4
7 42 92 57 8 59 3 100
8 31 46 83 26 42 12 52 68
6 46 95 59 61 77 56
65 2
7 48 34 62 4 80 3 95
9 62 5 91 62 72 73 7 7 98
1 18
10 68 75 47 14 33 59 90 41 24 64
7 23 97 40 26 29 95 72
17 56 77 59 69 100 32 28 6 81 28 76 82 47 50 81 60 35
19 49 75 14 12 53 37 61 45 14 41 39 38 57 46 66 67 15 65 50
2 23 83
1 50
16 67 51 96 26 85 87 26 11 100 90 16 88 2 60 2 42
10 39 98 47 56 16 61 72 66 54 94
8 74 95 63 92 46 11 17 30
17 95 93 96 84 8 84 37 67 37 78 68 27 27 14 82 42 75
13 7 80 99 6 6 45 69 97 90 79 66 72 27
20 64 22 95 23 57 31 89 45 60 56 23 86 21 56 27 47 9 86 27 59
11 32 3 11 28 45 41 45 68 67 56 31
1 50
13 97 32 93 94 91 100 16 28 20 72 55 67 32
12 45 42 34 28 96 97 55 40 37 52 7 56
7 89 96 57 93 44 40 37
9 83 88 57 10 60 28 64 78 11
7 2
12 93 49 99 89 55 39 77 6 97 32 65 38
19 21 82 75 12 19 15 94 58 71 4 17 50 19 94 60 26 67 63 70
67 2
18 22 52 34 79 48 18 43 37 48 15 19 74 79 89 89 72 46 59
7 15 9 46 8 20 23 27
35 12
13 96 49 66 47 34 97 46 3 91 35 3 6 53
16 36 93 16 7 38 27 34 4 87 31 12 6 53 90 40 96
14 87 96 100 85 29 96 31 84 86 17 86 43 21 13
18 13 29 37 2 55 22 6 41 52 69 98 4 58 38 99 91 76 94
2 61 74
9 43 9 27 59 94 69 79 59 99
11 87 87 44 93 8 49 85 59 17 82 14
6 71 64 69 47 57 10
7 82 99 49 91 25 59 36
5 37 94 95 27 32
1 70
4 88 71 60 98
39 2
11 65 64 74 85 10 82 94 68 16 44 68
18 20 26 93 65 62 39 11 40 70 44 62 46 31 84 5 81 22 98
43 18
2 17 22
3 50 16 43
5 11 10 22 31 88
7 47 1 5 57 93 26 100
6 71 83 89 28 15 10
17 57 100 38 25 21 13 75 88 55 91 99 16 65 29 55 31 27
16 35 83 100 12 35 5 35 69 93 62 83 54 38 39 53 28
4 74 92 90 61
18 80 11 65 44 91 20 74 17 27 60 100 26 24 86 30 58 54 74
11 36 27 60 26 32 87 41 5 30 30 17
7 10 80 92 5 70 11 79
7 37 90 38 14 13 23 43
10 76 68 92 63 94 52 40 25 38 81
1 20
10 50 46 71 29 37 76 98 99 6 36
7 95 73 100 60 95 94 81
2 61 73
4 7 24 24 83
13 16
16 32 65 65 78 36 45 66 11 94 17 16 30 3 62 2 55
13 97 48 54 70 61 78 54 67 1 29 1 13 84
16 97 100 32 26 87 76 91 97 70 7 64 51 62 78 4 16
10 100 63 55 22 75 32 75 93 32 55
14 97 90 9 45 89 41 70 76 68 60 24 89 19 40
19 80 69 43 95 18 94 9 25 15 84 56 41 76 40 47 69 88 36 30
12 77 70 1 4 89 12 79 78 30 18 68 9
6 62 3 56 56 64 32
2 47 87
15 22 78 61 43 65 49 72 48 25 93 48 80 81 12 58
10 41 76 78 50 13 39 4 20 46 67
11 20 65 90 34 87 19 94 81 36 94 52
3 70 96 83
9 28 94 7 38 34 34 67 35 46
17 91 18 3 9 20 22 74 61 55 12 80 100 92 15 46 95 49
15 42 31 64 69 76 70 58 62 3 76 48 100 33 38 69
35 19
9 8 72 49 14 35 80 65 78 94
10 24 95 25 65 77 40 85 53 61 95
14 15 70 13 14 2 51 83 88 1 23 95 72 71 60
18 51 25 35 96 34 58 90 10 74 67 1 58 71 61 4 84 75 74
16 41 27 98 75 15 98 97 61 21 67 21 78 69 45 64 65
10 73 6 92 46 72 92 56 42 5 59
17 79 32 25 71 59 74 45 25 24 41 85 96 60 57 26 28 1
9 44 83 62 50 26 59 73 69 14
7 73 73 95 4 56 71 74
6 97 71 90 20 11 27
15 22 83 40 2 36 81 45 70 94 46 95 52 71 63 66
17 88 90 83 91 45 54 16 63 2 86 4 21 49 82 87 70 65
19 23 52 11 20 21 4 65 67 55 87 81 20 75 68 9 58 10 6 63
6 20 64 11 23 36 59
5 74 81 21 52 3
12 62 22 44 65 39 62 20 25 42 91 100 62
12 9 71 57 71 96 28 86 7 50 21 17 6
6 49 26 98 4 49 11
17 44 28 67 5 99 44 99 89 95 60 40 3 30 48 25 26 75
62 4
17 34 52 34 79 53 60 76 8 60 39 84 4 66 3 60 64 46
18 4 40 17 96 94 99 95 18 76 22 79 11 98 64 62 31 42 66
2 70 73
14 8 9 9 25 11 68 88 56 78 43 47 46 38 40
44 13
9 19 54 39 81 3 2 43 85 43
20 27 64 33 80 71 41 88 95 3 7 34 58 84 29 56 30 66 95 25 50
15 96 55 93 76 57 94 70 94 88 30 20 52 62 51 74
14 90 69 56 96 54 65 32 82 20 13 100 66 37 1
20 32 56 64 60 64 57 29 57 96 58 28 47 71 30 73 76 19 93 83 67
6 47 50 80 18 62 31
15 50 31 6 34 38 69 93 54 77 73 62 73 83 90 71
13 71 43 81 90 35 63 8 33 62 57 64 31 70
14 18 19 76 23 52 14 44 96 67 20 69 28 44 51
9 67 55 40 61 35 81 48 50 40
20 63 48 43 45 17 88 62 87 63 37 91 28 80 86 94 99 6 74 95 56
2 61 11
13 21 97 13 68 98 52 99 60 99 93 5 67 80
18 14
15 54 44 22 33 81 68 84 87 41 30 42 34 90 4 67
2 53 31
2 50 35
20 62 33 25 18 52 56 35 5 50 41 100 24 73 80 91 8 18 83 89 60
16 78 15 34 92 67 17 25 69 51 4 30 83 80 47 86 36
13 90 37 73 41 60 46 21 2 5 38 84 94 49
12 23 64 37 66 82 53 90 50 3 46 31 38
5 77 23 12 10 13
9 82 5 8 79 25 62 36 15 45
9 15 96 3 78 33 69 12 37 10
13 40 55 44 77 80 20 99 43 81 63 91 63 68
11 93 44 12 28 10 56 8 25 4 63 54
8 83 65 24 92 78 15 47 21
11 78 92 42 20 73 56 63 87 75 13 31
19 4
19 28 31 18 4 86 32 58 73 14 22 49 6 51 63 4 23 6 81 15
7 52 39 2 14 25 77 26
15 47 1 65 26 32 35 30 17 66 87 42 80 60 42 85
3 4 40 85
9 20
19 7 23 37 61 37 13 89 14 68 87 15 84 12 98 18 93 14 36 31
7 15 43 48 51 5 4 90
9 64 61 40 71 83 76 83 71 41
11 85 60 9 51 43 20 48 13 65 13 48
15 20 14 37 19 16 93 22 57 34 86 17 73 8 51 100
2 74 40
4 58 99 72 60
14 43 7 58 7 19 57 54 90 70 42 9 37 35 82
13 68 19 61 40 78 11 91 19 36 31 82 93 81
5 4 74 48 10 31
14 81 87 7 22 8 49 82 44 83 64 88 2 82 48
13 60 11 83 30 46 13 64 91 46 68 46 19 15
16 2 69 88 40 27 9 100 75 91 95 9 6 83 62 39 82
14 98 44 37 80 42 1 43 32 46 62 29 17 77 84
10 97 23 9 75 84 8 2 26 3 62
11 37 24 69 18 29 19 14 17 50 55 18
4 38 15 5 66
3 33 2 52
1 24
1 8
59 20
9 36 74 70 18 10 45 39 80 26
17 93 42 58 47 11 1 84 26 57 49 60 42 2 12 22 26 72
9 36 91 89 72 65 59 89 26 55
7 5 80 35 49 22 92 95
4 44 30 61 1
11 21 42 32 32 15 9 3 96 45 45 84
8 61 94 56 39 1 83 43 80
9 44 53 13 38 37 56 20 97 8
10 17 1 33 100 16 42 54 11 86 51
6 5 11 40 60 1 40
14 96 71 63 39 24 75 76 12 82 47 60 90 96 29
10 29 28 57 22 82 19 59 32 65 63
14 56 22 95 47 68 90 17 82 28 92 8 55 55 89
2 15 78
9 95 20 29 22 76 50 55 95 8
18 11 70 32 66 44 78 64 11 19 32 92 98 76 99 52 30 87 5
16 17 6 90 88 34 64 15 84 70 61 43 8 71 13 91 88
8 20 3 18 38 35 61 35 10
19 38 91 97 43 87 65 48 28 4 33 43 19 68 65 79 11 72 2 75
14 41 82 33 44 51 22 30 11 56 39 21 93 29 69
