93 -7154 2774 -3427 -192 8035 3601 4472 9107 5212 -6635 870 2491 -4687 -7580 5105 -8681 9581 822 -4057 -9964 9325 -4902 -3404 2539 7581 -7978 5187 8121 -3201 -7276 2812 3367 5498 -6894 -3105 3533 -9573 -8634 6360 5639 -1548 -2770 1851 3765 3371 676 5085 2951 -8503 -8973 6708 -5457 -154 -6697 -9198 -2574 -4674 5989 -4454 5846 -7567 -7921 2933 -8348 -1094 -6451 8906 -667 -5085 5265 -1307 7089 -7506 -5736 853 9587 4940 -342 2537 6438 4406 -755 -5299 -5749 2548 -4497 1677 -8406 -8509 -9056 -8839 -6075 -3256
6 -4423 5650 -8637 -5518 -1297 0
11 -8884 -2912 -4038 -4620 7941 -4452 -9680 1320 -8195 -9522 -4275
8 -1100 -23 1040 4403 -4626 2634 5894 -3682
66 -6461 6783 5331 2837 2432 6694 -8961 -5144 414 -5493 -4028 7502 4190 5074 9164 9738 5394 483 -4737 9593 9929 -9966 -1508 -95 1074 -3385 5280 -2572 -7492 -4682 -1335 -231 -7899 -6005 -7395 8254 -5591 -2634 -3170 4824 1873 2803 6046 -3938 -2124 5209 -480 -3010 -588 8504 303 -659 8538 -7485 -7034 3332 -870 8246 -5519 5359 -2715 3146 -4873 -614 -9139 1454
60 -1009 8820 8191 -2465 4413 993 -6419 -9526 -7411 -7490 3715 3300 5644 2218 -6398 -1295 4477 -162 1671 -2192 8968 -83 6010 4326 -9078 -845 -6826 308 3737 4628 -8333 -7272 3447 -6422 263 1580 8292 7565 2054 -5399 -9925 -511 7901 9440 -8294 -4777 -1856 6183 5061 9815 -2288 7749 3452 -6279 2075 4374 6598 5249 -1598 4055
5 3791 6783 764 7369 767
24 5661 -1669 8118 -9739 2127 -2394 -8117 1566 -688 -2894 9710 -784 -4112 9525 6928 -6364 2976 -5631 9432 1071 -5313 8401 9473 8743
56 3263 9246 -3519 632 12 -1176 -3708 8344 662 274 4191 8268 2157 -4243 1301 -7016 -4534 -9484 -1128 -5010 -8836 6229 -8313 -746 5661 2758 3942 7782 2230 6405 3500 -4507 5650 9981 6125 -4338 2526 -3863 -2274 -6813 -9869 -8084 -8545 6010 -2327 2756 8994 6861 6993 1586 -8150 8157 -2186 -2742 -2590 -2805
82 -4928 -5023 5967 -8524 8477 -4820 7127 8457 -8696 -3491 4703 1162 7956 7891 5014 -6408 -6934 1023 4987 5822 3737 1847 6535 -4678 7418 8412 3137 -5324 -4179 -5948 -1588 4615 -971 -1901 6091 1226 3279 6938 -317 8304 -2833 -5615 3186 -4878 -4004 -1800 -1285 -938 -7057 -2578 -1396 6681 9269 -4862 -7998 -9594 -6451 8860 -4918 3092 -7088 7216 -2294 1941 -4686 -2483 -3112 -7686 -1824 6571 -9383 5343 -5324 3804 -9535 4394 -7997 2901 -6545 -5054 -9678 2060
0