100
91
24
11 81 55 86
65 24 81 63
37 63 57 84
22 39 85 48
22 17 44 77
63 13 77 26
36 15 73 32
23 24 46 24
11 53 69 57
45 44 62 79
37 25 67 39
41 28 64 74
3 1 57 11
42 23 53 79
2 24 40 29
32 25 36 34
32 22 48 23
3 38 91 50
6 34 54 68
11 79 74 84
32 53 59 79
66 7 84 37
59 25 64 61
18 11 71 82
83
59
18 12 38 24
33 60 82 73
27 17 34 80
54 8 81 33
13 14 22 73
60 20 77 21
15 16 41 78
7 23 77 77
50 28 76 57
26 71 59 81
5 31 26 65
21 25 56 29
11 1 74 83
30 9 44 47
45 4 80 34
4 62 62 82
18 2 73 76
29 39 71 60
10 11 27 56
9 30 59 64
23 12 30 31
43 20 77 46
12 32 16 65
16 22 39 40
22 67 67 77
3 4 34 76
7 2 38 73
43 23 53 38
7 2 70 13
33 23 66 63
21 10 62 37
15 33 74 82
14 73 75 74
9 2 30 48
4 5 43 69
63 65 80 75
15 32 46 62
32 57 63 73
57 14 74 53
34 48 72 51
32 30 52 39
24 4 48 48
19 27 67 74
52 74 83 80
22 11 59 25
30 13 40 37
21 39 61 64
22 25 74 66
54 44 79 70
73 4 77 58
67 45 68 51
54 18 58 42
2 23 14 82
44 6 79 43
60 41 68 47
35 1 83 9
66 43 80 75
20 9 24 17
14 69 27 82
46
38
23 6 27 46
10 28 46 42
3 20 28 23
16 2 39 36
6 1 11 30
4 20 43 45
25 15 31 33
9 23 35 30
33 2 35 25
7 31 11 46
1 14 25 40
1 16 5 30
21 3 39 7
13 17 13 28
36 21 45 26
4 6 20 44
19 13 19 27
2 5 36 28
24 24 41 41
30 39 43 43
25 30 46 45
20 24 38 30
2 31 37 42
12 7 37 21
1 17 42 41
32 12 42 27
21 28 28 30
36 12 44 35
1 21 35 36
21 37 38 41
11 13 28 15
11 10 39 12
4 4 9 37
11 2 37 34
4 7 13 10
31 41 45 44
6 18 26 43
2 34 24 41
21
45
4 6 8 7
13 5 16 19
3 14 5 19
5 8 8 20
9 2 21 18
5 7 13 12
16 9 18 18
1 5 14 15
11 15 19 18
9 10 14 20
9 9 17 19
19 11 19 13
2 5 11 14
10 20 17 20
1 8 3 10
6 3 11 20
12 4 17 10
3 15 18 16
10 2 15 17
13 2 15 10
1 11 4 11
3 5 20 13
13 4 18 11
1 17 12 20
9 9 10 15
9 2 19 14
2 11 8 15
9 2 11 18
4 3 20 10
19 2 20 20
3 6 4 16
7 2 18 5
2 10 16 13
17 7 21 20
11 1 21 17
13 1 19 10
3 6 10 18
9 1 20 16
5 9 13 21
2 2 3 11
4 13 10 13
5 2 8 21
6 7 19 18
2 13 4 17
4 14 17 21
52
98
20 15 47 46
2 12 7 31
32 6 52 34
29 35 47 45
9 40 28 47
16 9 38 16
11 10 51 40
3 21 17 50
33 1 45 11
29 32 30 44
18 20 30 29
28 11 32 19
21 18 36 51
4 23 13 35
10 32 27 44
25 35 44 41
8 6 22 39
16 39 38 48
11 3 43 17
11 5 36 47
18 18 25 34
38 19 50 21
3 18 23 28
24 3 50 30
1 10 49 29
45 21 49 25
32 23 35 52
33 21 50 39
40 8 44 49
27 2 32 11
31 14 32 25
1 10 12 19
40 9 52 17
20 6 21 31
16 17 22 32
25 3 50 36
22 9 49 18
34 41 45 47
19 20 50 41
37 14 50 19
28 3 44 48
48 27 50 31
23 19 32 52
15 34 41 52
11 21 38 46
24 32 51 44
9 2 24 22
10 4 20 47
6 25 45 40
14 10 32 29
8 11 43 28
8 38 36 51
2 13 26 46
5 22 35 37
18 35 26 46
31 6 38 27
11 20 17 48
29 21 50 27
34 18 43 34
10 14 28 40
3 4 51 17
8 2 13 51
12 8 41 39
3 7 38 15
6 20 45 45
13 18 42 37
41 13 41 46
11 36 52 44
22 33 45 51
24 3 45 43
30 14 40 52
15 7 17 20
29 7 52 36
15 23 42 28
6 17 23 50
23 6 43 26
10 29 48 48
30 10 30 17
17 13 18 26
21 25 47 46
16 1 33 50
38 18 41 27
29 19 45 42
10 2 42 38
8 6 12 25
36 3 41 4
21 14 23 51
22 38 43 46
38 4 50 44
2 33 7 46
20 18 30 30
2 19 33 49
16 33 35 47
30 18 50 46
11 2 44 6
31 5 47 22
25 21 52 25
17 15 42 30
89
1
3 16 64 64
22
54
13 10 20 15
7 2 22 18
5 17 22 18
5 2 11 19
4 7 8 22
8 14 13 20
1 7 1 7
14 7 16 9
17 3 17 8
8 1 20 11
3 9 4 16
4 7 22 12
2 9 8 21
2 14 12 22
7 22 12 22
17 3 18 5
3 6 8 18
7 2 16 21
1 3 2 8
12 9 17 21
10 7 16 22
16 3 20 20
14 14 18 22
6 12 20 14
2 14 2 18
1 15 6 20
4 7 7 15
18 11 20 13
3 2 19 18
10 15 10 19
6 4 21 18
14 12 22 17
15 3 16 5
3 18 15 22
10 8 22 16
1 3 6 19
10 14 19 22
2 4 8 6
6 16 7 22
6 7 16 11
13 9 22 13
6 5 22 5
20 15 22 21
11 6 14 18
1 9 9 19
9 4 20 8
2 10 14 20
4 2 15 5
2 11 20 18
11 15 22 22
2 2 6 5
4 9 10 11
1 13 17 17
4 5 9 14
73
44
51 41 65 45
34 63 52 68
45 1 51 6
39 22 50 33
46 21 67 66
14 17 66 55
16 60 59 67
45 15 71 30
53 43 59 45
59 10 63 62
1 22 38 38
6 25 13 67
28 29 70 71
59 25 66 67
9 53 19 59
10 1 49 39
12 44 70 73
27 23 47 73
55 25 60 69
1 32 46 34
39 30 48 65
4 45 70 48
6 61 61 66
16 14 28 51
2 20 11 70
24 8 63 12
38 10 52 19
7 6 53 10
28 47 51 50
17 25 66 57
37 31 46 58
7 15 52 51
29 9 41 51
46 25 64 57
46 41 72 69
47 18 67 30
52 60 54 71
16 35 68 50
35 22 60 23
30 21 33 56
16 12 50 40
29 17 55 61
2 45 57 73
4 15 37 54
2
18
1 1 1 2
1 1 2 2
2 1 2 2
1 2 1 2
1 2 1 2
1 1 2 1
1 2 2 2
1 1 1 2
2 1 2 2
1 2 2 2
1 1 2 1
1 1 2 2
1 1 1 1
1 1 1 1
1 1 2 1
2 1 2 2
1 1 2 1
2 1 2 2
16
4
9 10 13 13
6 6 12 9
2 5 5 13
5 8 11 9
63
66
35 18 36 57
53 21 55 40
54 9 57 18
12 29 52 55
39 8 61 39
56 2 62 6
29 44 37 50
17 5 17 61
28 4 39 12
18 38 21 52
17 46 56 59
16 50 40 60
37 4 62 55
31 33 50 42
8 28 23 52
1 52 61 60
39 51 58 59
16 14 38 62
33 24 37 33
34 13 62 49
28 21 34 47
35 24 60 48
7 17 60 62
9 18 60 49
4 2 27 30
12 29 42 35
52 10 54 43
26 20 50 60
18 14 54 15
29 17 54 18
21 20 62 28
29 39 41 44
3 9 14 26
24 32 25 53
19 39 39 62
2 38 8 56
23 8 41 11
27 23 59 47
56 43 60 62
35 56 36 62
19 50 51 61
8 8 13 63
30 23 56 32
28 53 33 59
42 12 54 36
5 28 33 29
16 34 18 50
6 46 15 59
45 36 49 47
21 23 43 37
7 13 43 25
5 15 52 60
5 38 46 50
26 15 51 18
1 28 34 29
20 14 25 25
6 24 16 56
6 41 60 51
19 10 25 25
32 22 35 27
20 17 27 48
3 12 34 13
50 37 52 48
30 44 59 48
5 18 16 50
1 31 8 49
70
31
6 26 65 57
10 57 44 66
7 3 24 36
9 3 18 16
45 61 64 65
14 20 67 37
50 6 52 69
11 3 11 16
11 15 27 33
37 12 60 44
49 11 64 39
62 5 66 63
67 25 68 58
56 55 68 67
58 27 70 55
30 39 59 41
34 11 40 28
29 27 51 45
36 52 47 59
23 38 47 40
5 13 55 13
12 23 65 45
58 18 67 35
53 33 54 70
18 10 19 63
60 52 67 58
32 30 53 70
50 19 64 49
4 10 62 53
34 27 63 39
24 1 40 66
37
62
18 10 31 36
1 19 24 35
10 5 33 22
3 7 9 27
31 2 31 36
19 5 22 17
3 5 29 15
6 2 32 30
5 14 37 36
14 32 23 33
14 2 18 5
1 7 6 16
24 1 27 37
22 11 24 23
9 12 18 26
6 10 32 20
31 14 31 20
1 19 18 37
23 19 24 22
13 8 30 12
13 20 32 25
10 10 15 11
12 16 36 27
7 21 32 32
2 7 16 8
4 10 21 17
3 24 19 27
22 16 35 27
3 7 28 17
35 15 37 15
8 20 8 29
6 2 25 33
13 12 29 32
21 19 25 34
1 9 19 22
2 2 28 13
8 17 35 24
15 3 24 3
1 16 33 17
6 17 14 27
12 19 25 21
3 18 31 26
1 7 6 33
5 10 9 10
20 5 21 34
7 5 26 17
3 27 8 31
1 8 32 14
20 23 31 36
13 17 16 25
4 13 17 34
12 9 27 30
16 18 20 37
15 13 36 35
5 12 20 34
9 11 36 23
24 25 27 37
16 13 24 31
27 11 32 14
30 13 36 20
8 3 21 10
6 23 10 26
43
50
23 27 40 31
13 6 28 15
26 18 36 26
4 1 29 16
12 32 42 37
18 1 29 35
16 21 43 42
3 22 33 32
12 4 20 27
38 25 40 36
3 16 30 39
14 1 22 39
21 38 37 41
5 2 42 34
6 19 13 37
1 6 4 39
26 36 39 43
17 7 33 9
37 31 40 36
21 22 30 23
22 20 24 35
20 26 30 39
27 25 42 40
19 5 30 39
40 1 42 2
7 7 14 20
18 15 29 26
11 29 33 39
10 15 42 32
16 18 40 34
8 2 26 6
25 5 43 25
1 32 6 37
19 28 31 37
6 4 33 26
2 19 17 40
28 7 29 13
4 11 8 36
15 5 20 18
20 7 23 30
5 26 6 31
23 12 37 38
23 8 41 27
6 10 11 30
10 1 27 14
17 13 19 42
18 14 37 43
34 9 37 37
1 14 43 40
1 1 13 25
50
95
18 20 45 45
12 22 17 49
29 10 36 30
27 22 31 37
12 1 36 39
12 25 47 26
21 5 41 15
6 10 27 47
4 3 14 8
8 22 49 29
8 13 48 28
45 23 46 24
34 8 47 37
17 7 49 19
43 32 50 43
5 7 8 17
24 16 39 49
7 17 46 49
3 4 23 49
19 11 22 28
7 16 25 48
2 2 42 18
8 22 10 44
19 5 47 27
45 3 49 39
26 12 27 32
25 8 47 28
18 32 18 43
16 3 30 22
1 28 6 47
29 25 47 43
36 17 48 29
33 30 39 40
9 19 29 45
1 20 15 45
29 49 37 49
30 24 32 34
17 6 35 15
30 5 41 10
1 9 2 17
5 20 8 49
12 29 19 31
5 24 8 27
26 21 32 32
9 11 36 46
19 15 30 20
21 22 32 33
7 13 25 27
8 19 24 37
20 2 49 30
22 15 32 43
43 31 46 36
10 9 11 33
6 36 24 50
2 2 45 5
1 21 9 35
5 2 13 36
11 7 19 15
16 25 30 25
7 25 25 48
5 23 39 37
15 4 23 16
5 9 13 34
2 48 35 48
33 23 37 29
7 20 11 27
10 18 25 45
5 16 20 36
31 1 49 36
10 23 14 36
36 3 47 33
21 12 34 30
28 7 39 21
4 8 16 11
14 23 36 41
15 11 16 33
8 11 42 26
7 14 29 42
15 8 30 32
23 24 26 49
8 21 24 50
7 30 16 47
15 12 27 18
1 21 11 43
19 1 21 43
5 18 24 20
6 23 15 50
27 15 43 16
43 22 49 27
23 40 46 48
14 7 28 23
9 8 20 50
26 47 34 47
3 20 3 41
20 39 33 48
35
7
26 13 34 26
15 11 21 26
10 28 31 31
1 13 22 22
13 10 30 11
3 7 35 33
11 3 11 16
97
56
82 16 83 53
61 21 62 47
77 51 80 69
6 32 86 71
13 27 62 76
28 52 55 57
24 27 68 67
20 8 93 44
9 55 66 55
5 22 67 83
49 30 58 30
38 50 81 62
3 59 65 93
53 55 82 57
25 24 77 73
5 52 68 55
20 23 66 88
66 37 76 40
40 36 48 47
57 8 75 70
55 62 77 66
52 80 82 94
28 57 40 93
25 10 46 93
10 18 36 38
12 49 51 71
20 16 77 30
2 10 9 95
34 64 66 73
7 15 15 80
94 32 97 84
15 23 72 54
6 48 23 69
1 69 10 84
9 29 12 45
33 40 34 88
39 37 46 71
82 43 94 58
81 1 96 6
54 17 84 68
14 86 70 88
40 51 88 72
23 41 37 85
53 27 55 35
19 53 65 83
69 58 84 60
21 24 41 62
9 34 66 79
39 22 64 91
38 11 62 37
50 15 57 65
45 26 95 59
5 70 36 86
16 7 94 20
64 6 94 88
53 42 87 84
9
23
6 2 7 3
6 2 7 2
1 2 3 3
1 4 6 9
5 6 5 9
5 2 6 2
4 6 9 7
2 6 4 8
5 6 9 7
3 1 5 4
3 4 9 6
3 2 8 5
9 1 9 1
5 1 8 1
1 3 1 4
1 3 8 6
5 2 7 5
1 7 9 9
2 5 6 6
4 1 8 6
2 1 3 4
7 1 8 6
5 4 8 8
4
20
3 2 4 2
2 1 3 2
2 1 3 4
2 1 4 2
2 1 3 4
1 1 3 1
1 1 3 3
1 3 4 3
2 2 2 3
1 1 3 2
2 4 2 4
1 2 4 3
1 2 3 3
1 4 2 4
1 1 2 2
3 1 4 2
2 1 2 2
1 1 3 2
2 4 3 4
2 3 4 3
96
98
5 45 21 54
29 8 60 15
3 54 69 68
47 31 57 72
40 5 79 63
67 72 79 85
21 46 77 76
41 37 53 56
63 60 94 84
78 8 96 94
34 1 81 12
7 23 16 53
81 33 87 83
8 71 36 87
13 2 76 30
16 25 65 74
46 71 74 89
32 23 73 63
52 21 62 44
20 19 87 60
65 40 74 57
5 49 96 73
33 74 92 83
48 36 48 59
12 17 82 84
5 92 56 94
4 6 51 94
39 27 42 37
34 57 45 66
31 22 79 43
46 21 81 78
50 39 73 91
32 86 61 89
2 11 53 52
57 8 89 32
19 21 72 92
2 22 66 26
73 44 77 86
8 23 38 74
21 55 92 68
17 6 19 70
59 8 79 47
22 34 28 90
57 10 96 37
17 5 74 44
51 16 91 29
52 45 70 59
23 59 26 63
9 33 60 77
70 32 92 82
83 20 84 93
36 13 86 31
23 35 44 46
14 38 55 46
27 48 90 87
2 52 12 60
1 18 79 19
2 3 49 92
40 22 57 64
18 5 28 81
16 66 60 89
9 14 66 54
12 62 96 80
1 86 85 87
9 65 43 95
52 21 87 58
47 7 66 52
41 37 60 59
62 18 73 80
85 49 93 93
16 9 32 37
32 9 89 22
5 26 93 86
32 36 59 76
74 33 93 81
19 33 29 86
5 1 94 53
15 28 88 39
65 1 81 85
79 33 88 55
36 24 69 43
30 34 52 82
43 14 71 58
28 46 66 95
25 28 56 41
28 51 63 95
54 9 76 13
24 37 58 66
51 16 70 27
5 4 92 71
33 11 64 36
30 52 34 94
12 23 52 42
40 3 55 73
8 22 39 41
66 62 69 63
11 38 87 49
24 25 62 75
61
4
7 46 13 61
39 7 40 31
27 9 27 31
11 14 57 59
32
9
3 1 20 8
25 2 28 22
3 6 32 9
4 4 14 9
30 11 31 28
15 1 18 30
26 10 27 20
3 12 29 30
24 11 27 16
32
63
12 4 17 19
29 2 31 16
8 8 28 17
11 5 11 16
12 15 20 24
25 18 30 19
12 21 31 22
16 24 20 32
11 12 11 23
29 8 31 15
16 17 29 22
4 16 16 25
18 13 28 28
29 3 30 4
24 19 30 27
21 2 31 4
9 1 12 21
15 20 16 31
8 7 13 19
18 23 31 23
25 15 31 26
10 24 14 31
7 18 17 26
26 15 31 16
12 10 27 23
20 6 31 13
20 7 25 25
1 8 26 14
5 1 10 25
5 11 26 25
4 3 32 18
13 18 25 31
1 3 29 15
17 13 25 27
11 17 28 24
16 18 21 28
13 2 21 7
10 15 24 16
18 3 21 23
20 14 20 30
3 3 5 25
5 17 15 18
5 16 11 22
2 9 27 31
10 19 23 22
3 22 11 32
2 21 17 21
24 14 25 19
8 15 16 30
1 24 31 28
11 15 16 23
3 22 15 30
8 18 20 21
5 6 16 22
3 6 20 17
15 5 32 25
9 25 18 28
14 19 16 22
2 6 19 19
5 2 18 30
16 8 20 12
15 7 24 23
17 16 19 29
54
19
2 7 44 25
10 4 30 50
2 35 25 35
30 23 38 44
17 18 33 28
26 31 46 36
7 8 35 19
1 33 4 38
18 19 27 26
8 45 34 47
16 22 49 33
3 25 31 48
30 35 52 50
8 1 48 47
17 8 40 22
3 35 33 42
34 34 37 37
22 30 33 34
25 1 50 22
35
80
6 3 9 33
2 2 34 17
5 2 29 12
31 5 35 30
17 11 29 29
9 8 24 21
17 8 35 27
5 21 32 26
19 2 34 30
7 14 20 21
7 27 22 29
1 19 5 35
10 8 27 21
7 2 30 4
21 9 35 9
16 16 24 24
28 24 33 29
2 18 24 20
26 14 29 25
15 19 22 33
14 3 34 33
17 33 35 35
17 20 18 26
6 10 35 31
11 7 21 12
4 25 19 30
19 14 29 32
19 27 25 31
2 4 15 15
10 12 27 23
6 16 34 30
16 23 32 27
21 2 26 4
16 18 22 26
3 24 30 32
4 15 29 23
6 6 21 16
1 12 28 34
2 9 35 22
13 10 35 31
4 11 23 27
11 11 26 31
11 11 17 12
21 10 30 23
22 23 23 24
14 4 27 19
14 27 26 27
14 1 26 29
3 23 35 34
14 32 23 32
11 13 25 20
21 10 31 10
9 24 10 32
19 20 21 34
10 8 33 16
10 11 24 12
8 7 31 12
7 11 10 25
15 24 20 25
16 12 21 21
18 7 22 14
18 4 29 13
30 3 34 11
4 9 14 34
18 5 20 23
12 14 27 33
30 8 32 32
3 21 21 22
33 4 34 13
10 9 10 25
8 26 24 28
10 4 16 28
11 8 29 15
21 2 28 7
1 14 6 15
34 8 34 21
22 14 34 25
5 15 22 17
1 4 35 11
15 9 27 25
86
0
14
95
3 3 11 5
8 4 11 5
9 4 10 14
5 5 7 8
10 1 14 4
5 6 8 6
3 2 11 11
6 3 10 7
1 10 14 11
1 3 3 8
1 1 12 1
8 1 11 4
4 4 9 10
5 5 13 9
3 1 6 2
4 3 14 8
2 6 13 9
4 1 13 3
1 8 8 11
10 8 12 13
9 1 9 7
7 7 9 9
7 12 9 13
3 11 5 11
9 2 12 7
5 3 11 12
1 7 9 14
6 5 7 14
8 1 12 11
2 4 7 5
4 2 7 13
5 3 14 13
4 4 13 12
5 8 5 12
10 1 11 10
10 13 12 13
5 7 11 13
2 2 2 8
5 11 13 12
4 1 14 9
3 4 5 7
1 3 13 13
12 1 14 13
6 7 6 9
2 1 13 3
8 4 11 9
6 1 11 5
9 4 10 8
3 2 14 6
9 3 12 14
5 1 7 13
3 3 6 10
8 6 8 11
4 2 5 11
12 1 12 2
4 12 10 14
8 2 14 8
2 2 9 4
3 13 11 14
1 5 7 13
5 1 9 14
1 9 14 11
3 8 7 9
9 5 9 8
1 8 14 12
7 3 8 7
5 11 11 12
11 1 12 11
1 4 11 5
11 3 14 3
4 5 10 13
3 2 7 13
4 8 9 12
8 5 11 8
13 1 14 13
12 9 13 11
1 8 13 11
7 7 9 9
5 10 13 14
7 3 12 4
7 5 9 7
3 5 8 10
6 5 14 14
1 8 12 11
9 13 12 13
10 1 13 1
6 4 7 11
3 11 9 14
2 4 14 6
7 10 14 14
8 4 12 13
8 7 11 14
10 5 12 12
8 1 11 4
5 1 7 8
34
23
6 4 19 6
21 13 31 21
19 9 26 12
1 6 32 28
9 6 18 8
5 25 23 32
23 2 23 7
4 15 20 23
8 27 12 28
32 25 33 31
12 4 21 20
9 8 27 23
18 24 32 29
21 3 26 8
29 15 32 30
1 13 5 29
6 21 24 29
8 15 32 17
4 23 24 25
14 5 30 16
5 6 6 20
9 24 29 30
5 8 16 27
94
44
78 32 87 61
16 30 20 94
11 11 13 49
44 8 48 25
69 11 82 31
7 62 49 92
87 25 92 75
50 46 81 68
69 11 71 64
16 24 26 41
82 34 88 86
6 31 17 63
34 76 87 90
54 31 60 92
70 10 70 92
57 24 82 70
54 10 72 40
23 51 47 88
34 29 73 85
4 23 61 49
3 10 7 92
9 38 27 49
13 60 91 72
24 2 45 48
39 69 41 84
51 79 70 93
37 9 53 87
6 50 85 92
5 55 56 57
9 70 90 80
22 31 44 33
40 18 85 61
31 16 69 53
24 27 88 84
33 20 49 92
33 13 41 64
23 26 31 47
22 46 23 79
30 50 93 73
2 51 48 73
84 22 90 39
72 15 78 78
70 60 91 94
50 10 55 16
95
8
80 76 94 93
59 6 66 76
64 2 79 53
28 20 31 78
9 59 75 65
35 14 94 82
45 23 87 62
22 57 47 95
51
91
3 33 13 38
8 20 10 48
25 20 40 27
9 7 17 50
11 17 11 36
9 20 34 51
24 3 46 39
10 7 51 21
1 27 6 39
30 13 35 46
19 4 31 47
14 19 38 33
2 49 48 49
5 10 18 51
7 43 40 51
5 7 10 43
13 33 26 46
5 26 50 44
47 26 49 41
10 5 40 11
9 6 22 49
19 18 40 45
15 3 42 45
6 15 45 49
5 5 49 6
31 47 43 47
35 26 43 30
22 17 36 22
24 4 42 27
4 20 51 39
38 21 49 25
4 27 14 46
16 49 18 49
41 3 47 43
2 14 34 42
17 7 27 31
40 5 51 25
22 6 45 17
22 5 32 16
10 15 24 40
2 15 44 24
6 3 44 37
13 8 37 15
8 36 8 41
5 31 49 50
17 19 28 42
16 16 27 42
28 11 44 24
13 21 29 43
12 21 43 45
39 34 39 36
17 19 27 47
3 28 37 30
19 10 29 32
4 1 40 7
32 23 37 41
2 31 34 39
8 17 17 39
3 18 15 27
24 30 31 35
33 4 34 31
3 22 40 44
1 3 35 30
7 42 12 43
27 37 28 46
31 6 45 40
17 39 41 46
17 4 47 31
42 14 47 47
23 9 39 18
21 16 39 43
16 21 17 24
3 6 30 43
6 8 46 36
12 19 26 44
6 15 41 17
19 34 30 48
6 16 40 32
27 41 39 47
9 42 21 49
19 6 22 7
27 26 38 31
27 37 39 45
17 23 23 41
10 16 39 24
7 21 39 24
38 8 49 36
27 23 36 38
14 5 50 14
3 17 29 21
2 6 31 36
40
69
7 4 38 9
2 4 5 19
15 5 36 14
25 23 33 37
3 7 35 30
26 11 35 38
5 2 21 9
26 16 36 31
11 17 24 17
23 7 40 8
21 6 22 11
1 25 15 37
6 19 17 39
20 3 35 30
11 24 39 32
22 13 30 32
12 8 13 27
9 6 31 13
9 35 22 37
30 34 35 36
13 30 27 38
7 2 26 25
16 38 23 39
29 19 32 39
17 1 40 26
25 1 37 31
15 19 26 36
23 16 23 19
12 3 31 8
14 1 19 16
8 28 34 38
32 10 33 19
9 24 33 28
20 19 25 21
10 5 30 16
5 6 32 25
15 24 40 38
2 28 7 35
30 1 36 14
18 29 38 33
2 19 19 33
20 1 31 2
14 9 39 29
3 14 14 20
5 22 24 39
4 10 5 15
18 23 29 31
11 2 40 37
7 16 26 24
19 20 37 28
12 5 19 33
6 7 17 28
1 36 35 37
29 12 35 26
19 20 31 32
11 3 14 26
10 23 29 32
1 30 27 33
26 33 37 37
30 2 35 40
1 1 35 16
38 25 40 35
1 9 17 17
19 5 40 28
5 25 16 34
4 1 5 40
1 33 34 38
17 6 29 10
2 2 19 35
89
31
60 4 74 86
11 25 70 85
37 7 54 89
49 83 74 86
35 10 49 78
71 47 81 89
35 50 85 71
36 18 44 60
18 53 77 56
6 64 23 75
38 2 89 41
37 13 49 35
25 18 52 36
38 66 62 77
53 4 82 84
6 22 89 81
25 35 62 77
4 23 15 44
4 73 53 89
36 14 80 85
76 66 89 81
45 3 71 18
4 5 55 57
20 11 61 43
38 49 41 73
9 44 23 83
16 36 26 45
31 2 69 50
22 24 66 84
7 11 82 29
58 27 77 36
78
24
6 8 78 32
34 24 67 61
24 21 46 73
12 54 19 68
73 7 74 52
17 25 65 39
33 9 54 63
44 43 63 46
11 34 59 40
45 20 52 49
55 14 65 31
19 27 59 64
6 21 45 48
14 34 78 44
18 43 25 75
4 8 23 50
28 9 37 67
41 39 46 76
25 30 44 56
41 48 72 78
21 34 70 75
47 28 57 28
2 58 71 64
31 8 76 50
74
1
2 14 27 38
18
85
11 4 15 7
3 4 16 7
3 5 7 6
1 8 10 13
3 4 12 7
5 1 16 9
2 2 12 9
2 2 7 17
1 1 15 14
15 1 17 5
10 12 16 15
3 1 16 14
8 17 18 18
9 6 16 11
16 10 16 15
1 1 11 2
3 11 13 16
5 9 18 17
2 3 6 13
8 13 18 17
4 14 7 18
7 12 16 16
9 4 15 16
2 5 6 11
3 2 6 12
7 3 10 11
5 10 16 12
1 14 17 15
8 13 14 15
3 3 5 12
11 4 12 10
16 11 18 14
6 1 18 12
6 13 10 14
9 1 18 3
7 2 10 13
1 14 2 14
6 3 15 12
8 2 13 12
11 9 13 18
7 12 8 15
6 15 11 18
8 5 18 5
3 2 13 6
13 3 18 6
6 4 8 13
12 2 16 11
4 6 14 8
3 8 11 10
2 4 13 10
14 6 14 10
10 5 10 13
13 2 16 5
11 2 14 10
9 4 14 8
2 2 14 6
13 4 15 8
1 6 14 8
10 13 15 17
7 4 8 6
12 10 15 17
9 6 17 15
8 2 13 6
11 7 15 10
5 7 13 12
2 1 8 5
7 2 18 14
2 1 2 14
12 6 13 14
4 2 8 11
8 14 11 16
7 16 8 18
3 5 8 7
7 7 11 10
4 17 6 17
14 7 14 16
6 15 18 16
13 14 16 14
7 10 10 12
5 2 9 8
3 6 4 16
8 9 17 11
3 3 10 7
6 8 16 10
1 12 6 18
11
95
5 2 9 7
1 7 6 9
10 9 11 11
2 2 7 8
6 9 8 9
5 2 7 4
4 7 11 10
10 6 11 8
6 1 8 8
8 3 9 6
7 5 11 8
5 1 10 11
6 3 9 7
3 1 7 3
3 6 4 7
3 4 8 10
4 5 7 7
2 3 6 3
3 9 10 9
3 6 5 6
2 3 7 11
4 2 8 6
7 3 9 5
9 2 11 11
3 6 8 11
3 4 9 5
8 3 8 8
4 7 4 8
1 7 7 9
8 5 11 9
1 4 2 5
3 7 9 8
2 1 8 11
2 1 5 2
9 1 9 10
6 3 7 9
1 2 1 10
2 8 7 10
4 6 11 7
3 2 3 5
4 3 10 4
5 1 11 2
1 6 6 7
1 2 5 5
3 6 9 6
7 2 9 4
8 1 11 10
3 5 8 11
3 6 4 7
2 8 3 10
1 8 7 10
10 6 11 11
2 10 9 11
10 6 10 9
2 3 8 9
7 1 9 7
1 2 8 11
3 3 10 11
6 3 7 3
4 3 10 9
2 1 7 9
1 3 8 9
3 7 3 8
3 5 5 6
2 2 3 11
4 9 10 10
6 1 7 1
4 3 10 9
3 7 6 10
1 7 8 9
3 3 4 8
3 4 5 8
7 10 10 11
7 5 9 6
1 3 11 5
5 4 10 8
9 6 10 8
5 3 9 9
8 3 11 9
1 3 7 11
9 2 11 3
3 2 7 3
1 1 3 10
7 3 8 4
2 9 4 11
7 1 8 10
6 4 9 7
3 5 7 9
6 6 9 9
10 7 11 10
2 1 3 2
7 3 9 5
6 4 6 4
8 7 10 9
1 4 10 6
49
18
42 28 46 37
45 19 48 45
18 17 21 19
9 9 37 36
8 29 37 48
10 10 27 49
1 28 16 32
25 13 36 21
3 12 6 48
16 45 44 47
10 24 47 32
21 1 21 6
2 30 32 35
3 49 13 49
22 7 32 46
6 8 10 11
3 37 23 41
39 26 47 29
54
73
7 9 13 9
10 14 12 15
2 24 17 29
22 18 31 38
24 32 25 53
33 5 50 36
26 34 39 41
39 21 47 51
5 5 13 21
12 18 35 23
33 7 39 27
30 1 41 28
10 37 26 54
2 8 24 45
25 8 43 26
19 21 20 45
15 1 45 47
11 25 20 45
21 2 22 54
28 4 54 10
8 6 39 14
22 28 49 33
5 23 23 28
5 5 5 23
14 14 45 27
15 19 35 35
24 11 31 24
21 3 23 51
31 24 42 29
33 30 45 44
13 6 42 25
6 2 24 38
13 3 18 37
20 28 53 35
24 21 30 40
16 31 35 52
13 20 31 33
16 24 44 52
9 4 35 39
6 42 41 50
37 6 52 45
4 4 30 47
11 15 51 23
4 7 35 41
14 1 48 24
32 27 45 28
28 16 28 45
17 41 28 50
19 12 38 51
36 5 45 27
9 16 13 48
39 40 54 45
34 14 40 40
47 22 49 53
1 31 49 47
31 42 36 42
4 10 51 17
10 14 28 31
10 37 44 44
50 13 50 24
3 10 52 26
21 12 47 46
22 33 51 34
22 44 41 47
5 28 48 41
7 25 34 44
9 11 35 32
8 12 34 38
1 36 44 41
10 16 54 31
41 8 48 9
3 23 12 45
16 35 45 50
86
100
25 15 57 19
73 4 83 78
3 43 57 55
40 22 71 72
8 5 34 54
8 61 35 73
2 70 36 76
26 9 56 41
4 13 40 73
29 62 81 86
36 44 57 71
1 7 2 16
20 10 54 29
4 2 15 33
38 42 54 70
43 4 77 6
5 72 31 79
59 7 75 64
22 8 73 73
20 5 77 58
1 26 35 48
16 44 86 56
37 41 43 55
4 35 53 63
61 3 80 74
65 1 65 28
6 42 68 68
23 51 81 67
4 63 64 84
47 14 68 62
72 7 82 73
4 60 56 66
11 64 36 85
8 45 21 74
26 55 40 79
59 37 60 44
26 70 63 77
5 15 9 35
17 5 58 27
70 78 78 80
30 5 46 31
67 37 83 42
4 82 62 86
45 49 51 51
22 59 39 70
1 31 43 77
25 34 40 61
53 1 81 79
4 19 77 76
30 28 40 42
35 13 69 36
44 12 80 50
73 73 76 73
19 32 46 35
20 71 23 77
11 52 15 71
8 67 27 86
36 35 53 54
77 44 81 79
71 29 76 73
7 74 35 80
10 5 42 80
13 65 45 85
28 18 31 59
13 52 16 80
40 50 86 65
29 8 47 40
75 32 78 63
30 5 42 21
31 66 82 78
18 61 82 74
10 3 47 65
1 27 24 83
2 1 36 37
42 33 45 38
23 30 57 56
14 58 75 77
55 56 72 72
54 58 63 81
75 17 76 35
38 3 72 68
26 40 49 49
34 5 81 6
33 18 40 85
15 25 54 62
24 34 74 65
21 2 73 20
15 2 65 54
29 10 33 79
25 5 67 60
15 6 18 16
9 33 52 60
38 36 69 36
34 32 40 71
4 17 44 44
62 1 68 26
4 71 37 73
64 42 82 56
24 22 70 60
37 15 58 67
59
25
42 10 56 19
14 8 33 50
19 10 35 47
5 32 8 41
31 5 34 18
58 4 58 23
8 20 27 41
15 6 44 39
24 8 33 20
8 22 12 29
2 9 13 36
7 26 40 31
5 9 15 51
56 6 58 11
30 27 33 56
10 6 37 57
15 33 36 37
11 26 43 51
18 3 59 11
24 12 57 42
20 6 48 18
21 15 30 19
42 27 49 45
10 14 23 59
10 31 54 35
18
26
5 4 7 18
3 3 14 4
1 2 16 18
1 16 4 17
2 1 12 3
5 16 16 18
2 7 14 13
9 9 17 9
11 6 11 9
16 2 18 6
2 11 17 16
5 7 11 10
2 1 7 14
10 14 13 18
3 5 6 16
5 5 6 12
12 12 15 14
12 16 16 18
6 11 17 13
17 4 18 9
4 16 15 17
1 1 11 18
3 13 10 15
5 7 8 18
2 6 12 9
1 4 3 16
51
42
17 18 27 25
24 42 51 45
11 10 28 50
2 8 8 33
20 41 24 44
38 5 44 9
24 1 31 6
11 27 25 29
28 25 42 37
24 9 42 31
10 20 24 29
12 19 43 51
2 30 43 36
9 16 12 51
31 16 44 26
16 22 33 41
25 8 34 20
38 21 47 33
17 23 27 24
1 21 20 34
37 17 41 50
6 7 16 34
5 18 18 24
36 21 37 35
18 25 22 25
24 39 34 43
9 32 19 36
2 17 8 34
37 27 40 43
29 15 51 35
18 1 28 18
3 31 24 45
6 2 45 4
14 2 32 21
25 19 32 26
38 14 51 20
13 13 19 37
18 27 28 33
4 2 8 30
18 20 30 42
17 32 44 41
12 15 34 42
36
99
22 14 36 28
10 18 29 27
4 8 30 22
16 16 23 24
7 12 20 28
24 18 26 18
1 4 2 9
11 8 31 15
2 9 19 13
5 1 31 25
15 16 15 30
23 4 34 29
23 10 24 21
32 8 34 18
7 4 25 20
28 2 32 3
3 4 21 22
16 19 32 26
22 18 24 23
8 28 35 33
21 3 32 16
1 15 3 25
5 17 28 28
2 19 2 29
18 15 20 32
18 25 34 30
1 3 35 14
10 4 26 9
11 34 16 35
23 27 32 28
6 5 23 16
3 20 18 27
4 10 28 22
7 7 31 15
6 4 28 20
24 4 33 15
5 2 11 4
10 23 30 35
2 7 15 9
20 14 35 28
2 1 16 1
4 22 33 23
3 20 3 34
30 13 35 32
13 3 16 20
22 5 23 24
7 26 8 27
21 33 30 34
18 17 20 18
22 10 36 22
6 28 29 34
13 3 28 24
11 8 18 36
9 6 19 30
22 19 31 36
9 23 19 32
10 17 15 32
19 8 25 31
16 13 24 23
20 14 35 23
12 10 25 14
11 22 18 34
15 6 20 31
18 13 32 22
31 16 33 19
13 23 30 29
13 5 34 23
18 17 36 23
3 5 32 14
21 12 23 16
6 1 23 27
21 31 22 34
17 33 22 34
8 22 23 27
13 13 13 14
9 23 14 31
8 27 33 29
9 12 21 13
22 4 27 26
16 20 36 25
7 4 9 25
17 2 25 3
16 5 28 20
13 10 15 24
15 2 35 13
4 32 15 34
18 25 23 26
25 22 29 26
23 12 31 33
29 15 32 28
8 8 10 36
14 16 18 22
6 19 13 35
12 21 13 26
32 13 36 33
7 14 11 35
19 4 35 9
1 1 17 11
15 27 31 31
39
31
1 3 2 26
4 3 18 18
19 29 33 30
2 7 14 27
19 14 37 22
3 22 9 37
28 21 29 31
4 5 23 9
3 6 6 17
6 33 26 35
11 30 33 39
3 3 9 36
1 4 15 11
17 3 34 4
12 2 19 34
2 16 16 32
11 19 17 37
23 6 25 7
1 18 35 26
12 6 13 33
16 10 33 17
25 6 32 22
14 5 19 30
3 11 12 23
22 8 23 29
18 1 39 21
10 7 17 30
34 27 36 36
8 21 14 30
3 2 5 14
24 25 34 36
68
97
49 13 56 34
53 5 58 28
48 55 61 58
19 15 19 61
2 27 29 34
30 17 53 50
1 28 66 42
22 59 35 61
45 6 60 55
13 18 39 24
9 33 35 40
20 52 30 57
12 18 39 55
19 19 65 34
23 12 54 38
26 7 29 41
7 47 14 57
57 2 59 59
37 4 54 17
32 41 41 48
52 60 61 62
53 37 67 51
9 32 22 42
60 3 67 52
14 23 38 36
29 3 39 11
4 23 25 62
20 38 67 45
21 13 63 42
26 18 66 40
47 16 56 31
18 38 49 50
54 5 62 37
38 51 42 57
24 7 51 23
19 9 41 66
14 39 19 65
12 12 47 22
11 4 53 56
12 61 34 67
13 5 52 41
11 1 19 45
17 55 22 60
38 46 59 60
20 50 58 57
18 21 28 64
33 32 33 41
14 46 43 56
48 37 59 60
34 7 38 15
12 12 64 65
23 10 31 53
3 33 63 36
24 19 51 39
29 33 54 43
13 2 18 8
52 57 55 61
7 10 50 54
6 50 29 53
60 26 62 56
53 35 57 60
3 40 13 53
45 34 62 48
9 12 23 41
45 21 63 25
11 31 63 38
5 24 54 29
4 14 48 54
40 46 56 61
53 3 64 61
32 7 46 17
52 13 57 25
28 23 55 25
9 13 13 47
44 15 60 65
22 8 57 44
5 12 54 29
17 21 55 23
4 1 50 26
6 19 12 57
3 1 8 48
12 9 34 48
39 12 60 35
39 17 54 26
27 19 41 39
44 36 60 46
48 56 64 66
14 13 67 14
10 31 29 36
28 14 41 27
2 28 61 42
40 29 46 51
24 5 38 48
29 8 61 24
29 9 42 65
5 18 31 45
22 23 48 63
34
94
29 18 32 23
12 21 25 28
27 8 29 21
27 14 29 30
12 11 24 28
9 20 19 22
31 2 34 25
8 13 16 31
20 4 32 20
6 3 17 26
6 16 29 33
23 19 34 26
17 2 34 16
13 5 13 14
2 18 16 34
21 4 31 33
22 4 29 24
23 7 34 7
11 24 31 33
23 4 28 24
6 31 13 32
18 6 25 25
3 2 27 5
3 11 11 22
12 27 28 30
4 23 32 26
5 9 12 12
22 4 25 22
21 11 22 19
2 15 28 20
14 15 23 26
7 28 14 30
7 16 23 17
4 3 15 4
8 12 10 28
27 21 34 25
13 3 21 23
8 3 12 21
2 3 22 18
3 2 4 18
2 28 22 29
12 14 31 19
26 9 30 28
12 7 17 9
6 9 15 23
10 22 25 26
5 2 18 29
28 8 31 31
14 31 32 31
15 17 31 29
8 7 28 33
15 12 27 15
2 1 29 18
2 13 11 21
2 4 27 9
4 13 6 34
2 26 27 32
12 7 30 29
2 3 14 24
18 4 31 6
7 25 14 32
7 26 19 30
17 7 28 9
23 12 30 26
20 7 24 16
8 12 18 17
23 9 33 16
14 16 30 21
16 13 33 31
14 6 33 8
1 3 29 6
20 17 33 20
1 9 29 11
21 14 27 24
30 2 31 15
7 9 28 10
8 17 20 32
17 16 28 26
18 2 24 12
6 2 13 22
15 12 22 18
16 5 28 13
12 8 16 18
30 8 31 15
19 24 34 26
11 16 30 16
9 27 21 28
3 13 14 19
10 21 34 30
1 10 32 18
4 12 16 21
11 11 12 25
2 7 24 31
23 9 28 31
43
91
20 14 40 40
18 2 36 24
5 16 5 24
12 12 16 15
2 3 35 18
2 8 23 19
21 1 40 5
11 40 22 42
1 4 6 30
25 13 26 39
10 16 10 25
13 3 23 8
29 38 41 41
25 23 34 40
11 17 32 41
36 19 43 30
2 8 27 12
8 8 34 10
5 23 16 40
10 19 14 43
17 24 26 37
23 14 37 38
9 13 10 32
30 16 35 27
18 6 40 27
3 1 15 38
22 20 24 25
2 1 8 10
16 6 22 17
33 8 43 15
33 16 42 17
6 25 26 42
5 1 21 1
6 20 43 29
2 17 29 24
13 38 35 39
5 31 43 36
29 1 33 39
10 7 39 28
23 6 28 25
36 30 41 40
29 34 40 38
43 1 43 23
9 7 16 26
2 32 17 42
24 11 39 15
8 12 10 41
12 21 16 34
7 1 29 25
20 8 30 18
10 39 42 43
7 6 22 38
3 4 10 41
3 37 23 39
28 23 33 31
5 5 15 35
39 1 41 4
16 10 29 36
3 5 22 41
15 2 35 6
2 7 7 19
26 12 39 14
33 4 41 29
2 6 4 41
12 3 22 38
21 15 39 38
8 6 43 30
18 31 28 36
29 13 35 39
5 18 28 22
3 23 35 42
43 25 43 34
26 11 28 28
16 35 32 41
2 18 43 24
11 3 35 27
3 29 10 35
8 4 25 27
21 2 39 7
10 16 36 24
5 9 35 22
12 28 39 41
2 20 43 28
32 4 40 28
36 10 41 37
15 6 22 17
10 5 11 12
27 17 32 24
2 5 15 27
16 2 42 13
14 32 19 43
94
66
8 53 14 53
9 2 74 8
44 45 48 90
3 10 73 24
55 18 72 68
38 12 56 59
40 16 92 46
13 16 92 55
28 17 80 79
7 42 73 79
20 43 64 78
1 50 76 75
12 21 64 92
45 36 82 64
19 6 48 56
32 15 54 38
9 35 19 87
9 32 30 81
17 69 84 71
48 32 69 53
86 11 91 45
25 57 86 59
28 12 59 51
69 28 92 35
31 8 66 80
64 5 67 79
29 3 74 90
5 23 73 33
60 30 63 93
34 6 48 20
58 3 79 85
29 45 87 63
22 8 47 70
15 21 70 91
36 4 43 9
66 77 86 94
8 17 21 38
48 25 50 70
48 43 66 93
60 49 90 68
2 1 2 7
2 53 69 81
46 30 49 44
10 30 93 64
17 54 57 55
56 5 60 31
70 19 73 53
42 13 75 75
85 7 94 44
11 17 20 18
39 38 54 72
28 2 30 8
45 54 94 57
10 17 63 84
66 59 67 92
67 18 89 35
33 43 48 90
1 25 73 38
35 58 43 83
71 1 78 25
26 11 87 39
22 74 65 94
13 9 58 52
38 41 74 60
54 61 75 79
4 35 93 61
69
4
38 19 41 31
12 26 17 56
59 16 66 25
6 48 41 62
99
86
33 81 50 92
10 6 84 55
18 5 67 52
46 57 83 88
25 34 53 89
31 2 74 12
47 61 60 90
9 77 85 93
26 5 57 34
44 33 93 38
28 22 61 97
12 4 36 42
1 7 80 98
37 16 95 57
69 10 79 58
19 24 35 32
10 15 53 17
1 41 7 92
86 26 90 71
4 51 20 62
15 40 30 48
21 2 75 43
25 10 27 15
58 12 81 71
7 33 89 90
81 35 84 83
27 39 41 76
84 15 99 85
79 11 90 85
66 39 73 59
8 43 53 56
14 45 45 54
47 41 69 53
9 14 23 85
32 48 96 58
15 4 99 46
3 23 15 40
14 25 47 89
70 27 99 51
35 17 37 43
17 49 91 82
16 75 66 82
28 21 59 85
17 57 36 65
33 49 70 81
33 86 77 88
59 70 75 79
21 10 76 15
45 56 72 70
61 13 86 66
11 74 15 87
25 27 70 56
6 19 91 23
41 26 60 44
6 38 63 76
21 60 86 99
42 25 99 54
41 18 76 40
35 36 49 85
36 40 58 58
46 23 83 26
43 45 56 51
16 77 20 93
39 54 96 84
6 8 34 85
51 17 84 78
74 12 80 30
74 55 83 92
87 1 96 11
7 63 17 92
1 60 61 72
27 57 38 84
5 83 18 97
48 15 53 78
19 23 73 63
23 19 29 93
5 1 94 89
75 6 83 52
30 51 94 63
66 53 73 98
15 67 42 90
27 1 47 66
46 34 55 88
30 6 66 72
9 28 64 31
41 7 94 12
96
83
6 7 62 45
80 81 83 81
11 69 54 80
4 58 31 89
25 16 67 37
25 26 36 76
13 11 71 39
27 53 67 79
14 73 85 85
7 7 34 71
12 19 74 23
33 39 90 58
34 14 52 76
44 4 90 39
14 57 85 83
1 45 53 73
67 18 82 37
19 55 30 80
38 32 52 40
82 85 94 96
22 15 70 21
19 72 53 75
65 47 88 59
13 84 56 86
30 45 76 66
28 73 46 83
44 12 82 84
32 14 51 22
27 14 34 87
24 24 28 89
30 6 41 83
5 54 19 88
31 7 52 13
9 25 59 69
27 43 55 88
5 2 46 55
14 76 27 96
16 62 41 84
15 33 77 75
14 24 19 90
96 59 96 61
13 18 34 74
8 12 92 20
16 36 49 68
62 53 84 84
35 6 36 35
19 9 53 39
49 34 62 37
25 12 70 31
43 45 49 89
73 25 93 47
77 2 94 61
42 27 59 81
53 53 57 78
18 33 41 54
3 60 47 96
39 28 91 32
28 11 94 34
1 24 7 82
47 9 52 36
41 7 75 32
36 8 59 74
21 23 82 57
14 52 45 78
6 39 18 85
23 11 36 85
29 50 91 68
27 50 29 83
2 72 75 95
57 24 80 76
34 16 55 28
25 63 96 72
15 27 67 62
35 22 73 57
51 46 85 79
28 30 95 87
62 43 69 51
65 7 93 69
64 37 66 84
45 56 48 69
63 32 64 69
4 19 90 24
17 56 22 87
82
47
11 38 64 42
21 28 56 38
51 2 75 34
21 68 43 82
31 17 49 31
28 28 61 48
52 14 59 54
65 60 79 66
48 22 64 28
33 15 60 42
15 26 71 72
23 29 64 69
6 1 59 42
1 8 29 75
21 39 40 81
13 10 68 30
13 33 14 76
10 22 21 57
9 10 40 74
20 46 46 82
1 32 21 49
19 31 52 67
18 47 78 67
55 4 55 74
5 6 51 47
41 17 62 61
63 1 79 45
10 1 71 40
30 12 71 81
29 27 30 44
17 47 76 58
3 29 7 52
35 36 48 59
74 46 80 48
34 62 41 66
45 25 59 82
57 16 60 71
67 18 78 46
25 21 76 59
27 28 36 65
20 42 45 77
17 16 20 79
12 15 31 61
39 10 66 75
47 51 61 80
5 30 12 51
11 21 74 78
20
48
18 11 20 12
4 13 19 20
2 12 12 19
3 1 11 13
12 19 20 19
1 5 12 19
2 15 8 16
8 10 11 15
6 13 14 14
13 3 19 11
3 2 18 8
8 14 15 16
16 13 19 15
6 11 8 11
9 10 17 16
1 5 12 20
2 1 5 4
2 11 18 15
12 14 17 15
3 11 20 19
4 15 7 18
17 9 20 19
12 15 13 18
2 6 9 17
8 7 20 11
3 4 8 17
11 15 16 17
15 3 19 12
15 1 17 6
1 3 19 9
3 11 6 13
12 2 16 10
16 9 18 12
9 2 20 8
4 2 6 18
4 5 13 15
7 4 20 5
10 10 20 12
8 7 15 18
10 3 19 13
4 15 9 19
5 1 11 9
16 8 18 16
9 10 10 16
4 16 11 20
12 14 16 16
8 10 10 19
8 10 12 11
46
3
28 2 39 37
6 9 35 34
30 19 44 22
41
56
2 3 3 5
13 6 36 24
12 9 37 34
21 1 36 25
30 14 35 17
6 6 19 37
6 19 32 34
8 11 27 19
3 4 23 22
34 28 38 34
26 7 38 27
2 8 32 37
23 37 39 37
19 19 31 32
9 7 34 21
28 17 34 36
19 5 36 35
24 28 31 39
7 5 21 21
1 6 13 39
3 37 19 39
33 17 37 37
5 7 8 27
4 24 22 29
18 12 32 22
23 15 28 16
40 12 41 35
7 1 31 40
3 1 41 28
2 24 3 37
16 11 27 41
16 7 39 37
22 16 38 27
16 7 40 36
36 11 41 25
29 20 39 35
8 14 30 32
1 12 38 29
27 15 33 26
22 3 27 34
6 5 24 38
2 18 8 24
12 21 12 41
4 25 30 33
15 16 17 26
19 4 30 34
4 17 19 25
20 20 25 26
6 21 9 34
27 4 31 10
15 35 26 38
14 15 35 35
27 4 29 40
15 5 29 40
10 15 35 26
4 31 38 41
5
20
1 1 5 1
3 1 3 3
1 3 4 4
4 1 5 2
1 1 4 1
3 1 3 3
3 2 4 3
1 2 5 4
2 1 4 2
3 1 3 2
1 4 4 4
1 3 1 3
1 4 3 4
1 3 2 3
2 2 3 5
4 1 5 2
4 2 4 4
3 1 4 1
2 2 3 5
3 3 5 5
57
56
14 11 40 45
36 36 57 39
14 9 15 16
5 34 32 39
2 21 55 38
10 32 48 36
18 3 43 22
18 30 32 49
2 35 46 47
23 34 32 46
48 14 50 17
7 19 39 46
28 47 44 50
26 14 42 22
13 23 49 55
15 38 55 48
7 11 41 31
7 29 53 53
23 1 32 52
29 11 45 34
40 22 54 51
17 3 24 47
15 50 57 57
9 8 24 38
42 4 53 34
18 41 42 48
16 12 23 21
21 11 54 29
3 9 4 34
16 12 48 13
31 13 39 55
51 45 52 55
43 14 47 21
8 13 52 36
7 7 24 12
5 22 30 56
4 23 44 51
39 22 40 57
3 2 5 3
3 13 42 56
33 7 34 47
4 8 47 40
44 16 54 39
8 15 39 29
2 33 55 39
16 35 55 51
10 9 18 47
48 31 54 35
16 17 51 28
1 18 34 21
37 32 38 53
4 16 19 39
40 22 52 41
6 25 15 28
3 25 31 56
37 15 45 39
27
58
2 1 10 20
4 7 25 27
7 4 27 21
3 18 7 18
20 17 23 19
6 1 14 6
3 4 21 6
1 1 11 27
5 9 26 21
8 9 16 16
7 8 9 10
7 4 27 18
14 24 19 26
8 13 14 24
11 18 24 20
16 10 26 26
8 24 12 25
15 15 26 23
1 12 24 23
5 6 5 18
6 14 25 23
21 5 26 15
4 2 12 19
11 16 21 17
8 4 26 25
11 2 24 15
5 10 6 17
10 2 20 10
12 11 25 22
11 9 12 12
2 18 13 20
22 19 26 26
6 5 14 25
25 11 25 27
2 7 21 12
13 7 27 16
12 5 23 7
1 1 13 9
10 17 15 19
4 18 15 24
12 6 13 16
6 5 7 6
9 4 17 13
1 20 6 26
11 9 17 13
20 7 26 23
6 18 11 25
8 7 22 10
20 19 24 20
19 1 25 20
19 17 25 22
6 20 10 22
1 7 19 12
15 13 19 23
14 11 26 16
16 15 20 15
1 2 8 11
15 24 25 24
61
19
2 13 22 55
24 3 33 37
21 12 56 24
35 28 50 44
34 56 47 58
19 1 20 27
49 26 51 37
22 1 51 16
8 37 51 46
25 16 61 28
49 1 51 20
24 47 54 53
7 14 23 44
39 55 60 56
11 35 33 39
29 25 58 56
12 52 61 56
30 47 31 56
28 10 59 58
39
87
6 9 8 24
2 13 38 39
11 17 14 37
15 3 34 34
1 1 2 38
21 15 32 25
12 19 21 34
16 28 27 30
1 14 34 30
2 21 39 35
20 4 34 27
5 14 10 33
13 21 26 28
20 24 26 34
5 24 24 33
16 32 32 34
21 7 22 23
24 12 38 35
2 27 35 27
16 14 30 33
2 16 25 26
4 22 18 35
2 32 32 33
22 13 31 27
6 27 32 32
8 31 14 32
3 13 19 34
25 13 31 37
16 17 33 35
33 5 36 6
2 19 5 20
12 8 27 32
11 15 27 37
13 6 19 11
18 15 22 25
31 10 31 19
21 36 39 37
6 12 7 28
28 22 33 38
15 12 26 35
7 20 33 28
20 14 33 25
6 3 26 8
20 27 39 36
4 5 15 17
7 7 16 27
10 32 12 33
11 3 17 23
23 16 25 26
2 22 15 34
11 2 13 11
14 4 17 32
13 20 20 25
24 18 36 23
20 28 21 36
18 21 20 21
11 25 11 38
3 33 22 35
2 7 5 26
24 25 24 26
27 8 34 37
19 6 38 34
12 22 22 39
16 2 34 21
11 5 15 21
18 4 24 39
8 20 30 22
19 21 35 27
3 13 10 27
19 20 34 27
19 10 39 22
2 1 32 36
14 7 23 30
8 6 36 33
9 16 20 34
2 15 38 37
17 6 28 32
12 39 25 39
36 4 36 7
14 9 22 37
22 14 29 39
13 1 20 25
7 1 10 16
15 28 16 38
12 6 34 14
17 15 38 34
2 18 17 39
86
84
16 61 42 67
20 3 68 16
27 35 60 78
31 71 40 85
40 21 70 53
58 44 73 55
8 35 68 81
53 2 55 79
14 36 81 54
17 8 23 26
34 48 36 84
7 49 29 72
78 9 80 65
39 2 82 51
20 4 82 44
20 36 74 63
27 45 69 60
21 27 71 84
66 10 80 64
27 12 31 32
52 5 70 8
16 59 85 86
30 29 78 75
28 72 49 82
20 43 42 74
15 13 82 26
59 46 79 79
13 4 36 9
44 41 68 50
3 52 65 69
18 41 83 77
41 2 71 28
13 8 25 59
4 45 24 72
71 48 86 65
55 5 63 25
39 16 63 60
18 23 45 39
19 42 27 49
4 36 26 70
40 26 57 32
10 53 61 71
23 36 77 86
7 1 70 80
19 31 80 40
18 11 53 33
4 48 20 54
59 79 71 82
25 45 77 65
46 1 59 86
14 69 56 75
26 12 84 55
29 30 44 57
53 12 69 42
22 25 54 32
1 6 60 40
38 27 79 32
53 50 83 77
3 37 34 48
5 18 15 42
40 59 64 71
38 74 71 82
47 58 54 58
2 58 25 68
4 12 75 70
48 38 65 43
17 4 78 86
8 37 63 79
8 4 55 32
61 16 70 50
44 12 83 64
18 19 76 57
46 32 83 59
54 26 62 30
37 24 82 32
46 55 86 67
6 21 21 32
5 28 64 67
48 37 86 53
14 14 15 62
41 14 66 67
17 15 76 42
38 6 64 30
56 12 59 29
23
51
3 3 9 5
12 1 20 11
9 3 14 23
6 3 7 11
14 6 16 9
8 1 22 22
12 8 18 20
1 7 10 11
2 14 16 17
3 14 19 22
4 18 19 19
2 1 6 20
4 8 12 18
1 19 14 23
9 9 10 19
14 17 20 20
12 7 18 22
11 23 12 23
2 20 13 20
2 12 16 22
1 15 4 16
11 4 23 11
7 18 7 22
7 3 12 9
11 9 16 22
5 6 15 20
2 14 7 16
13 9 15 16
1 18 2 18
20 9 20 23
12 17 14 18
2 1 13 20
5 6 16 14
2 4 4 10
5 10 11 14
1 14 17 18
18 3 19 14
8 5 8 23
2 16 19 21
9 3 15 10
10 3 23 12
4 2 7 18
2 15 4 19
14 16 14 17
17 14 21 22
3 2 16 17
2 6 23 10
4 9 20 19
9 7 19 20
16 13 23 20
6 4 23 7
37
19
17 24 29 36
17 11 33 33
22 16 35 23
4 2 30 12
25 8 37 17
13 9 35 13
24 12 36 14
2 13 23 36
28 15 36 21
8 2 36 31
7 17 32 27
9 26 26 33
23 12 35 32
4 14 12 30
2 6 9 14
23 20 26 23
31 18 32 34
19 13 32 23
8 10 15 22
95
0
39
29
36 23 37 37
1 12 18 20
5 3 20 11
7 28 38 35
14 4 24 9
3 11 12 33
7 26 25 29
35 1 38 35
12 11 17 22
17 1 30 31
12 15 29 19
21 10 28 29
10 13 35 29
4 29 37 34
15 10 17 39
1 6 18 19
1 8 20 13
14 19 21 19
37 8 37 28
35 1 36 2
18 6 20 32
7 14 9 29
8 35 31 39
4 20 9 37
23 11 30 15
10 10 24 38
9 15 24 22
9 7 24 26
4 35 5 36
62
66
28 32 59 51
1 43 7 43
22 61 38 61
8 5 13 40
8 32 15 59
49 25 54 25
48 16 50 49
22 15 42 43
21 52 28 55
15 13 44 36
15 21 43 47
12 6 40 19
4 24 57 29
13 21 24 58
53 5 57 19
4 14 46 36
29 53 37 62
21 2 61 55
13 24 25 26
23 21 60 38
58 56 62 61
17 39 37 53
34 15 39 49
18 29 62 54
10 12 59 28
19 24 22 24
19 28 25 37
7 29 43 48
16 28 49 51
7 11 52 45
2 3 25 44
40 18 62 39
30 11 39 58
12 25 23 28
3 6 16 46
2 5 37 9
15 7 43 10
5 14 39 57
3 15 28 43
35 9 56 59
51 2 54 51
48 32 49 51
31 4 49 14
5 11 62 17
30 26 41 28
20 22 34 33
33 4 46 24
37 38 62 53
50 19 59 49
10 10 54 52
12 36 45 38
19 40 53 57
6 17 50 17
19 28 37 32
9 25 43 28
28 27 55 48
23 4 40 5
19 5 54 37
8 19 9 62
38 8 46 43
22 24 41 62
33 15 43 33
54 19 57 29
39 41 39 60
31 29 39 58
43 37 52 41
36
87
2 4 32 7
9 16 28 32
5 7 35 12
19 32 36 36
1 27 3 31
3 32 17 35
14 28 21 35
4 7 24 21
8 8 27 31
6 32 16 33
19 21 30 26
20 10 28 17
32 20 32 32
18 22 33 32
14 9 29 32
7 24 20 31
11 1 18 28
1 3 24 12
25 8 33 12
11 18 22 27
17 12 18 16
16 13 30 14
2 35 34 35
11 7 21 24
3 5 19 35
17 20 21 25
1 3 29 14
3 6 13 36
10 17 24 27
4 1 16 6
13 10 23 31
20 4 26 11
19 14 30 24
3 1 9 2
5 11 23 34
6 11 19 34
19 21 28 28
7 25 27 34
29 9 34 33
11 2 27 13
13 9 31 14
10 14 21 20
8 12 15 36
9 16 31 34
15 4 17 17
15 5 35 27
5 9 13 25
3 13 6 26
8 7 35 7
5 14 26 19
24 3 30 6
29 10 34 28
14 4 31 27
6 9 29 20
9 11 14 14
34 3 34 33
1 13 36 18
15 5 26 35
22 4 33 20
1 24 6 32
9 2 15 5
10 16 16 31
26 4 31 9
4 19 23 27
20 17 35 30
5 13 28 31
1 23 35 32
21 9 28 28
12 15 20 27
14 7 16 22
4 15 5 33
6 7 18 20
29 23 35 34
13 7 33 17
13 16 27 27
19 10 27 12
7 5 23 7
6 2 17 18
17 14 32 19
31 7 35 26
3 2 5 15
13 10 18 19
5 8 7 17
12 30 34 35
6 14 10 33
8 17 33 22
15 6 22 23
12
81
11 3 12 5
1 2 3 9
3 5 7 10
3 7 3 10
7 4 8 6
6 9 7 12
10 3 11 7
8 4 11 7
11 7 11 8
10 3 11 8
3 2 5 7
4 6 9 10
9 1 9 1
2 5 7 6
2 6 7 7
2 7 5 10
6 3 12 6
2 2 11 12
3 3 10 4
5 2 6 3
2 2 8 9
5 5 11 5
1 8 12 10
1 5 9 12
3 1 10 2
5 8 10 10
5 8 10 8
5 5 6 11
9 3 12 6
3 5 11 6
3 4 6 11
9 6 11 8
3 2 6 6
8 3 11 8
1 8 4 12
2 8 8 11
2 1 7 3
6 2 11 6
4 9 6 10
6 9 9 12
4 10 9 11
1 4 9 9
1 2 3 7
3 1 12 8
10 3 12 12
4 2 11 5
2 11 5 12
7 5 11 8
5 2 5 10
1 5 10 7
10 3 10 5
7 9 11 10
8 7 11 10
3 5 5 10
1 4 11 9
1 10 1 11
1 7 6 9
3 3 7 11
4 2 7 8
1 1 10 6
4 6 4 7
2 7 4 10
6 1 9 11
1 2 12 6
6 11 6 12
5 4 11 8
5 5 10 7
1 2 2 11
1 5 12 8
5 1 9 7
10 10 11 12
2 4 3 5
7 1 11 3
7 1 9 6
8 3 11 11
6 1 7 10
9 1 11 12
10 8 12 9
3 11 8 12
1 6 12 7
6 3 10 7
4
73
2 2 3 2
1 1 2 1
3 2 4 4
2 1 3 3
2 2 4 4
3 1 4 2
1 3 3 3
1 2 2 2
1 2 3 4
1 1 2 4
4 1 4 4
1 2 2 3
1 1 1 4
1 3 2 4
1 2 3 3
3 1 4 2
1 2 2 2
3 3 4 4
1 1 2 2
1 1 4 2
1 1 2 4
3 2 3 3
3 2 3 3
1 2 1 3
1 2 4 3
1 2 4 4
1 3 2 4
1 1 1 2
2 1 2 4
2 1 3 2
2 1 3 3
1 1 4 4
2 3 2 4
4 1 4 3
1 3 4 4
1 3 2 4
1 1 3 1
3 3 4 3
1 1 4 3
3 1 4 3
4 1 4 1
1 2 4 3
4 1 4 2
1 2 2 2
1 1 4 2
1 4 3 4
1 1 1 4
3 1 3 4
2 2 4 3
1 2 1 2
2 2 2 2
1 1 4 4
1 3 2 4
1 2 4 2
2 2 4 3
2 3 4 4
4 2 4 2
3 2 3 4
2 1 3 4
2 1 2 2
2 1 4 4
1 1 4 1
2 1 4 2
2 1 4 4
2 1 3 3
3 2 3 3
1 3 4 4
3 2 3 2
3 3 4 4
1 1 3 2
1 1 2 4
3 1 4 4
2 1 4 3
54
65
19 14 32 39
15 31 47 33
9 51 42 54
13 18 42 37
15 1 32 48
5 35 30 44
27 16 40 41
24 37 33 53
2 35 11 46
10 27 12 42
16 8 43 23
17 40 21 43
15 23 43 50
12 16 23 36
50 18 54 47
43 11 45 40
2 4 40 34
27 10 43 23
6 19 18 35
1 23 38 34
53 4 53 38
22 8 41 52
3 10 44 54
32 24 41 41
26 13 44 30
16 3 29 15
17 31 37 34
8 13 54 19
16 26 50 28
11 20 46 33
22 5 32 23
20 18 21 51
6 37 11 45
9 17 42 18
29 15 50 53
30 9 49 33
21 41 34 54
13 43 37 45
15 39 54 53
4 1 51 6
7 50 11 50
3 39 5 53
2 23 26 47
24 45 43 51
27 41 29 48
14 29 50 40
20 30 51 34
42 1 53 44
12 14 16 35
53 5 53 27
17 4 50 36
44 14 47 17
11 8 28 40
40 32 40 53
21 17 22 30
13 4 51 51
19 10 44 43
17 4 29 40
6 6 44 8
21 10 33 17
43 15 51 42
32 1 49 35
7 45 26 49
17 19 48 31
40 20 51 52
45
0
44
37
3 12 31 37
28 2 41 25
28 13 34 32
18 16 37 36
6 1 13 28
8 19 38 42
14 9 23 17
7 29 13 32
23 13 23 14
13 8 38 36
15 3 20 38
31 16 41 30
33 12 39 13
4 4 22 38
14 27 36 42
19 39 19 41
2 35 39 41
11 20 26 37
1 1 41 16
15 39 32 43
14 7 44 39
8 2 30 32
38 19 44 33
8 36 8 42
11 9 23 24
28 22 32 38
33 29 34 39
8 3 24 15
8 34 38 42
22 7 33 23
21 22 40 35
15 13 35 40
30 13 44 19
9 25 34 43
29 8 38 31
3 16 20 27
13 21 44 35
16
35
9 5 15 5
10 16 14 16
5 9 5 11
13 1 15 12
1 4 2 9
1 2 4 12
5 1 13 16
12 10 16 16
2 3 13 6
7 9 16 11
3 3 8 13
3 2 15 3
3 4 10 9
1 6 14 10
2 3 2 11
3 3 8 12
4 7 5 16
10 7 14 11
1 2 10 5
8 6 13 15
6 9 12 11
6 1 12 7
3 12 11 15
14 1 16 4
10 1 11 1
3 1 8 14
3 2 8 6
2 6 3 7
4 7 15 10
2 5 14 15
1 12 14 16
9 5 14 6
1 1 5 12
3 1 11 6
11 4 15 15
41
60
11 4 36 13
10 17 28 37
1 4 7 12
24 2 29 8
21 28 27 39
1 16 28 38
27 12 34 25
12 5 16 38
12 11 23 22
1 26 2 35
9 13 36 22
2 12 17 35
6 17 32 37
12 26 19 28
6 16 41 33
1 16 26 33
1 17 22 40
21 7 40 8
6 25 10 26
33 8 37 34
25 20 28 22
8 31 39 35
20 10 34 19
17 22 21 38
18 7 36 20
23 14 29 16
25 17 25 41
2 10 23 27
8 7 24 25
2 24 15 34
36 33 40 34
9 6 15 30
13 22 36 31
22 3 35 17
17 14 24 40
8 20 25 31
15 22 38 40
37 16 40 28
4 38 37 41
29 9 36 30
6 18 32 22
15 8 16 17
8 2 20 23
20 3 35 37
24 34 27 41
25 10 25 11
18 7 38 16
36 11 40 37
6 8 28 16
30 22 33 39
6 2 37 15
10 2 35 32
12 5 40 29
4 15 30 35
17 2 38 17
38 19 39 28
10 36 25 39
18 7 28 14
17 9 28 33
29 2 39 16
83
11
16 3 60 70
21 9 57 23
50 28 57 71
38 5 39 40
5 2 34 51
15 13 47 17
44 44 77 80
48 28 59 74
49 1 71 73
58 59 82 83
43 49 69 53
95
40
37 30 75 85
50 58 59 68
12 1 91 24
43 5 65 65
6 14 20 55
26 25 57 80
8 5 19 32
12 3 41 46
7 61 39 65
47 47 83 94
49 50 72 64
27 44 29 67
48 12 60 23
19 59 29 90
63 77 89 80
26 36 88 82
45 76 47 92
24 6 36 95
17 31 25 77
42 61 86 92
58 31 86 84
25 21 29 95
13 34 72 48
42 16 94 61
74 14 91 93
24 16 69 27
15 14 38 43
55 22 81 76
53 49 60 92
79 11 85 81
40 35 83 81
8 35 55 94
1 18 52 26
10 72 50 82
31 42 64 59
3 75 7 78
64 20 67 95
3 4 62 84
57 60 59 62
86 31 88 44
9
32
1 6 2 6
5 3 7 6
4 1 4 4
5 3 6 4
1 4 3 5
2 3 5 9
2 1 8 1
5 2 6 2
4 4 7 9
3 1 9 5
1 2 8 6
3 2 3 5
2 7 7 8
2 2 3 2
2 2 6 9
4 4 5 6
5 1 7 3
1 4 7 9
4 4 5 5
1 1 4 8
1 5 8 8
4 2 7 4
4 8 5 8
1 6 4 9
5 7 7 8
7 2 8 7
1 3 8 5
6 2 7 6
5 2 9 4
2 6 4 7
6 8 8 8
1 3 9 3
31
71
24 16 31 24
2 16 26 22
11 1 19 19
8 26 22 27
13 17 27 29
1 22 28 31
13 15 26 21
5 3 29 20
5 7 30 18
20 12 30 15
7 26 21 29
23 15 25 26
30 4 31 7
14 9 31 27
6 4 22 18
3 11 6 20
20 20 25 29
9 6 12 8
27 21 30 22
22 8 28 10
5 17 10 25
12 5 14 28
20 1 21 10
15 13 21 14
11 14 27 29
7 5 8 23
3 12 12 22
17 10 31 11
4 20 18 22
15 9 22 17
5 9 19 12
13 14 19 26
3 14 19 25
14 3 18 30
7 4 12 16
22 10 25 29
19 19 19 27
4 2 10 31
12 7 29 11
28 10 31 30
7 17 16 25
6 14 24 22
9 4 10 29
4 2 7 26
11 12 29 18
9 1 24 11
17 2 31 4
5 7 10 31
30 2 31 30
23 20 29 25
17 23 24 25
8 8 12 10
4 14 22 28
11 9 27 19
7 6 21 16
16 19 21 29
7 4 14 23
8 5 29 10
2 14 17 28
19 17 30 25
23 8 25 30
2 8 25 11
1 3 9 18
13 12 19 16
8 25 17 26
10 1 29 31
3 15 25 21
4 15 31 30
7 7 15 8
22 26 29 29
23 2 31 18
69
42
10 26 28 69
7 4 36 44
34 7 47 21
22 11 36 25
46 7 55 23
43 26 68 64
3 15 65 59
25 42 61 43
10 6 13 69
25 36 62 40
7 26 48 42
12 14 40 46
17 4 53 26
30 25 57 41
1 42 43 58
17 4 32 30
4 51 25 59
14 24 37 24
11 57 63 61
5 60 60 64
59 32 68 37
5 29 38 53
19 6 25 59
14 45 63 47
21 27 55 42
54 23 62 25
17 11 19 39
16 51 49 56
17 13 53 24
64 16 68 25
2 32 65 37
13 4 32 35
15 27 22 35
25 16 27 44
38 18 48 23
8 12 41 59
23 8 30 51
1 10 34 55
44 22 65 62
52 37 63 54
60 19 64 25
11 17 53 27
11
83
4 2 10 9
2 1 5 11
1 4 5 7
2 1 8 11
1 2 8 2
2 7 9 10
6 3 10 7
8 5 8 11
1 4 4 9
2 3 8 9
1 8 10 8
4 1 6 8
2 1 5 3
5 3 9 5
7 9 8 10
3 6 4 8
1 5 4 6
1 4 6 8
1 2 7 11
9 8 10 10
5 10 10 11
7 5 10 10
4 3 8 6
4 4 9 6
6 2 7 11
3 4 9 6
2 4 9 4
8 3 8 11
4 1 10 2
3 1 10 6
2 2 7 6
8 8 10 10
3 2 5 8
1 1 7 2
6 8 9 10
6 9 10 10
1 3 3 7
4 7 7 8
6 4 9 11
2 4 6 11
2 4 3 11
3 2 3 7
1 1 4 6
1 1 9 8
10 6 11 6
1 2 10 10
3 8 4 11
8 9 8 10
9 1 10 8
2 4 10 5
4 1 11 9
6 2 9 6
3 2 11 4
11 3 11 11
3 2 6 11
8 8 10 10
2 1 4 4
9 1 9 8
6 7 7 11
1 6 8 7
1 9 9 9
3 9 6 11
3 6 9 9
7 1 8 5
6 1 11 9
2 1 4 10
5 7 10 7
1 1 3 8
2 5 10 8
7 6 9 10
1 3 4 5
2 10 2 11
3 3 9 10
8 1 10 1
7 1 11 8
1 6 11 11
4 3 10 6
5 4 9 6
5 10 10 11
5 1 6 3
2 5 7 6
4 8 11 11
7 8 10 10
97
58
37 9 74 37
50 37 79 48
30 10 64 36
19 12 36 39
19 5 92 38
39 4 64 52
33 9 83 66
1 15 63 78
55 13 87 58
12 54 39 65
24 14 74 72
21 14 50 97
10 37 39 42
6 20 7 78
15 10 51 83
55 12 80 32
30 29 79 92
32 51 90 65
34 16 85 97
24 35 43 40
24 14 26 30
24 7 61 15
71 81 87 89
34 26 56 51
26 10 92 74
41 27 56 70
47 12 66 18
6 32 91 78
7 46 92 51
15 67 80 77
65 35 85 57
36 40 57 49
44 46 49 83
7 70 20 82
17 14 49 80
23 1 60 55
10 20 51 47
4 62 41 65
59 8 63 55
4 58 62 62
12 6 60 12
28 25 73 55
37 40 80 41
40 49 71 77
3 3 27 57
27 47 63 94
63 74 87 88
51 2 94 10
49 67 75 79
6 28 80 62
4 15 22 23
58 39 64 88
1 90 7 95
22 30 40 96
5 50 84 89
11 15 33 31
36 12 44 89
67 42 91 83
73
29
11 22 67 39
23 31 32 33
7 15 31 63
1 24 63 47
22 7 34 29
33 8 34 30
16 50 49 64
34 23 39 26
63 9 70 73
27 19 44 65
12 50 17 61
8 2 68 21
47 10 59 27
17 16 69 70
37 35 54 37
13 50 47 53
67 2 73 47
52 14 67 26
57 35 59 39
29 1 61 36
48 41 51 58
34 7 57 44
12 3 32 12
1 46 23 49
1 34 28 41
22 23 70 38
9 47 13 52
40 17 56 38
2 16 58 41
40
70
26 35 40 37
12 3 13 5
15 11 29 23
3 29 11 31
33 12 34 19
33 4 39 23
26 7 37 37
24 13 36 40
31 6 40 16
31 21 38 32
22 30 36 38
32 3 40 35
17 18 40 19
6 2 16 20
4 7 16 20
6 14 39 20
10 22 24 32
28 9 36 26
27 34 40 35
8 28 27 30
34 6 37 22
21 26 37 40
3 32 26 33
23 14 24 14
17 3 37 15
14 23 26 26
36 1 36 3
4 12 28 40
23 17 29 37
4 16 39 30
19 3 30 34
3 7 16 19
31 14 34 17
10 24 28 24
18 9 30 33
3 1 11 25
9 3 40 31
2 12 30 30
16 2 17 6
16 2 32 26
7 17 27 29
3 5 5 17
24 2 27 19
6 1 16 28
1 4 11 13
17 6 34 10
18 15 27 34
15 35 23 39
36 28 39 29
3 13 37 32
12 10 38 37
19 5 28 23
6 12 9 39
16 24 36 37
18 14 33 34
1 7 29 22
6 27 38 35
5 26 25 35
1 6 19 18
5 11 28 19
15 18 34 28
19 29 39 38
6 18 22 20
11 22 28 38
4 35 33 40
3 2 37 27
15 16 19 23
20 6 25 24
12 37 15 39
7 23 16 34
62
82
40 11 40 36
1 59 52 61
10 26 45 27
38 4 39 16
29 37 43 55
10 28 40 56
2 20 15 50
39 50 40 56
21 19 41 54
55 28 61 51
38 37 59 42
40 19 46 48
13 42 23 59
46 35 62 52
41 15 56 53
42 24 42 42
3 52 6 56
22 8 31 29
33 20 55 32
13 5 60 19
21 12 28 16
33 42 38 60
10 10 28 39
17 14 61 61
21 22 29 45
11 20 51 57
46 14 61 18
25 15 31 40
12 8 23 62
16 15 22 61
31 4 55 45
45 14 58 20
25 17 29 33
24 11 58 56
10 57 27 61
27 34 47 43
13 23 43 59
15 21 22 60
10 8 62 33
43 31 58 33
25 15 42 31
27 16 52 25
1 13 62 26
14 2 48 10
37 25 47 61
17 10 42 33
46 18 52 52
17 6 18 8
14 18 54 57
21 31 41 35
21 18 24 44
15 42 28 60
8 7 28 36
34 29 47 51
43 24 57 40
19 54 25 59
38 13 40 60
12 19 61 37
36 40 54 41
24 26 32 36
12 3 33 13
25 10 49 54
15 1 20 12
7 11 35 55
3 21 25 52
45 22 56 41
32 40 40 57
7 26 62 60
52 21 57 22
11 1 44 34
1 15 40 27
23 6 29 11
8 8 37 14
19 39 24 40
13 20 29 26
14 28 61 57
2 15 26 57
11 41 58 51
27 7 57 27
10 42 19 46
26 26 41 35
10 33 16 37
15
37
6 7 14 12
1 12 13 14
3 6 10 13
11 10 13 12
7 7 13 9
9 2 13 11
1 4 6 4
1 2 15 7
7 3 11 15
3 14 12 14
3 2 3 14
11 5 12 15
5 4 13 5
5 5 6 10
7 5 11 13
5 4 6 9
3 4 14 9
5 4 15 7
8 14 13 15
15 12 15 14
6 6 9 15
1 6 6 14
8 3 9 8
7 6 15 7
1 2 13 5
1 3 10 9
2 11 15 15
6 2 11 4
7 7 7 13
14 1 15 1
8 1 10 4
5 9 14 12
6 7 8 8
2 3 5 10
11 4 14 5
6 7 7 8
5 5 13 12
63
82
35 2 38 37
3 7 15 36
13 28 31 33
10 51 19 52
20 50 31 54
48 47 62 58
38 3 55 13
50 15 61 39
22 34 61 61
4 59 24 61
31 9 36 13
11 20 56 26
23 15 52 60
6 48 40 63
34 30 45 45
14 4 43 39
4 40 14 52
3 25 47 45
34 13 49 13
22 45 28 61
8 34 54 56
17 35 32 59
36 53 39 60
51 34 61 36
42 1 59 63
33 48 49 51
10 28 16 49
26 16 32 56
16 40 53 60
35 7 38 27
6 6 33 37
13 8 34 36
20 39 45 41
6 18 40 58
11 13 13 60
1 19 34 24
5 32 37 59
49 58 56 62
22 27 33 42
5 14 25 54
10 3 44 39
1 34 58 52
16 22 60 62
2 35 56 58
29 45 53 45
14 36 27 42
24 53 52 54
31 59 52 62
37 10 42 22
50 39 63 61
18 35 41 49
42 12 47 59
7 3 51 38
19 3 53 17
54 57 63 62
37 21 56 51
40 42 47 54
17 36 50 52
14 51 25 61
19 31 47 34
50 16 56 57
6 14 14 55
24 4 57 61
23 23 26 43
8 18 24 25
25 4 30 30
28 31 57 62
14 37 58 44
11 16 62 46
10 27 47 52
1 18 23 49
44 8 53 30
3 12 33 20
8 35 28 55
21 43 31 47
4 11 59 50
48 34 52 61
32 4 60 39
1 26 54 37
3 31 23 60
53 7 58 18
46 11 46 38
49
89
7 14 48 26
18 25 38 46
10 11 45 38
4 34 11 49
38 18 49 36
15 9 17 18
6 6 35 8
16 23 24 42
20 29 35 44
30 45 40 48
12 13 41 26
7 10 27 46
14 29 48 36
15 16 23 46
21 24 46 39
39 9 40 37
18 30 22 38
29 20 45 43
4 12 32 14
8 16 11 48
28 6 28 9
4 3 36 17
25 17 38 28
39 9 49 32
30 8 36 28
24 26 31 41
16 7 27 48
10 23 30 24
5 30 31 35
14 20 26 49
11 26 18 30
29 34 47 49
5 9 11 44
22 2 41 29
12 21 13 42
27 5 45 25
4 26 22 28
8 24 48 45
26 45 45 47
9 25 40 44
3 36 41 44
21 10 23 46
12 39 36 45
4 25 48 38
15 16 31 44
43 30 45 36
38 38 42 44
12 6 31 27
15 8 31 39
21 23 24 35
11 18 28 39
33 28 34 48
24 3 38 6
24 14 24 29
14 7 41 25
25 20 41 38
23 21 33 21
17 21 32 46
22 7 44 47
29 18 38 45
10 7 20 8
3 26 7 47
18 2 43 43
11 26 44 40
24 14 46 18
1 24 36 48
1 6 17 45
29 39 39 47
45 4 48 30
44 28 49 40
10 24 49 35
35 21 46 25
27 12 35 46
12 10 23 22
25 34 40 41
22 31 36 49
6 24 7 47
25 6 46 45
13 5 31 10
14 8 47 13
15 1 25 26
21 27 43 48
8 14 18 26
5 12 24 35
7 42 7 49
9 24 30 36
15 37 36 49
26 9 27 44
2 3 3 14
71
12
2 29 69 30
4 27 26 35
13 8 36 33
35 35 55 49
27 2 68 47
13 1 68 62
2 38 2 66
8 4 37 19
33 23 68 36
25 17 69 25
53 6 61 54
2 10 49 64
36
9
10 1 26 31
22 7 30 29
5 7 25 20
9 21 36 30
27 4 32 12
1 7 36 14
2 22 4 30
17 14 32 18
4 32 23 34
61
85
23 19 30 33
16 2 16 25
19 21 57 60
51 2 59 58
7 11 11 49
42 10 57 25
13 56 34 56
30 35 58 48
41 1 58 31
17 18 36 19
12 10 40 44
19 30 51 54
27 16 42 41
13 5 51 14
21 36 58 49
13 6 53 20
53 8 59 56
31 6 36 61
10 6 57 52
17 12 48 37
26 2 41 48
32 7 33 49
26 11 47 18
24 44 28 46
42 38 53 51
25 27 52 47
21 29 29 32
14 32 14 38
14 27 59 40
36 1 46 20
11 32 59 41
34 10 49 52
10 15 60 50
1 3 5 41
37 38 43 43
1 4 15 50
10 10 47 55
20 8 51 49
28 23 39 35
2 1 43 10
20 34 35 38
42 16 49 47
3 29 29 55
42 18 57 26
11 16 37 39
14 45 35 48
40 21 50 30
26 33 61 54
49 5 50 8
19 4 58 45
48 9 53 23
1 38 42 39
5 9 37 43
3 22 28 24
17 8 31 21
39 5 52 23
23 5 30 12
57 6 57 19
8 20 38 60
3 6 58 33
31 19 42 37
18 16 40 61
19 24 57 28
31 16 55 44
11 32 53 41
1 19 25 60
30 25 32 32
16 14 49 38
8 8 45 28
27 22 33 32
21 23 51 43
25 3 61 49
28 21 33 51
45 5 46 21
36 11 60 50
28 45 42 47
16 9 37 37
17 3 60 45
3 17 30 43
9 1 46 32
44 22 53 46
24 4 24 5
51 13 61 17
7 57 41 59
37 7 44 59
79
37
6 57 24 63
12 6 39 15
4 10 69 76
4 28 76 76
18 21 45 60
27 23 29 37
34 67 71 67
6 26 27 58
27 28 46 53
36 31 44 56
47 1 57 68
14 43 73 68
10 20 18 38
36 27 66 58
12 29 44 79
15 6 28 38
11 21 16 52
68 26 74 28
24 5 35 51
33 15 71 50
33 61 65 76
22 14 35 32
34 25 40 45
40 15 52 55
2 27 56 58
28 7 46 36
5 1 8 3
6 32 16 68
44 21 56 78
68 41 71 62
35 25 79 58
31 1 78 30
11 2 30 22
49 7 72 61
41 30 44 57
19 52 69 72
36 12 55 26
56
56
40 6 46 21
40 11 53 29
13 10 23 38
20 33 54 35
19 5 28 55
32 17 37 35
17 9 39 35
40 26 54 45
26 45 48 51
24 8 40 49
21 7 50 27
19 1 23 26
20 19 27 29
13 1 46 17
5 3 32 31
17 39 47 43
11 23 56 24
25 4 28 11
6 17 28 23
44 5 54 23
5 53 55 55
18 26 42 51
5 12 6 31
33 10 39 11
45 6 51 54
18 13 35 52
16 40 22 49
49 26 55 44
17 11 45 52
49 4 54 40
2 4 7 43
14 7 18 35
17 16 25 34
9 40 22 50
9 17 42 20
7 17 37 49
53 1 54 9
10 26 18 32
44 15 51 33
15 6 21 18
6 10 50 20
5 19 55 22
20 5 26 7
38 28 40 42
13 29 17 38
7 29 53 40
9 35 45 55
6 12 27 29
25 35 26 38
4 22 39 46
16 20 36 36
30 21 49 55
30 4 38 25
14 26 40 35
4 18 50 55
41 35 50 46
6
27
5 4 5 5
4 3 5 4
1 1 1 2
4 1 4 2
4 4 6 4
4 1 6 4
3 4 6 5
4 2 5 2
3 3 6 6
2 3 3 4
5 4 6 6
4 5 4 5
4 4 6 5
3 1 4 4
1 2 6 4
2 3 3 3
2 2 3 3
1 4 4 5
1 2 2 6
1 4 3 6
5 3 6 5
1 5 2 6
3 2 5 5
5 3 5 5
3 3 4 4
5 5 6 6
1 4 6 5
57
44
25 31 50 46
20 11 56 14
32 39 42 48
30 2 32 55
4 2 47 9
48 35 49 39
18 21 49 33
15 30 41 31
22 10 43 46
16 28 40 34
13 45 21 56
28 1 55 30
4 27 8 51
27 42 27 46
3 16 42 56
7 10 17 47
13 21 18 26
17 4 25 28
10 2 31 24
13 17 40 17
8 33 18 35
29 40 34 41
8 48 26 56
19 2 46 14
1 48 40 52
5 35 46 39
25 4 37 12
8 5 17 13
7 4 19 22
23 49 56 55
2 26 13 33
9 17 17 41
10 29 28 32
27 3 39 54
41 27 47 53
16 6 54 47
12 13 30 16
5 39 6 47
14 2 51 5
2 11 23 14
12 2 15 20
25 29 56 45
24 40 54 48
23 17 29 44
63
4
20 29 46 47
40 2 47 15
10 10 62 21
21 47 57 52
29
6
18 7 24 12
11 1 26 20
8 11 16 15
19 15 21 23
17 5 29 18
1 8 15 27
9
37
4 4 7 6
9 2 9 7
2 1 4 2
3 3 9 9
1 3 4 7
8 1 9 3
4 1 9 8
2 6 8 8
3 4 6 9
8 5 9 9
3 3 5 4
4 5 4 6
1 2 2 5
6 4 6 9
1 7 1 9
1 4 3 9
6 3 9 7
8 6 8 7
8 1 8 9
2 1 6 3
7 3 7 5
3 2 8 2
3 1 5 2
5 6 7 6
2 1 5 8
4 3 9 4
2 4 2 8
3 4 4 6
5 2 7 5
5 2 8 8
4 1 9 7
1 5 8 7
2 8 2 9
4 6 5 7
4 6 9 9
3 3 5 7
2 5 7 8
44
91
28 21 39 41
20 2 23 24
21 28 32 40
36 2 41 12
32 4 36 34
9 15 23 44
5 5 38 11
11 6 14 33
4 1 30 12
17 23 21 24
7 15 12 19
6 22 20 34
8 1 44 21
16 6 33 13
2 29 27 43
16 5 30 8
8 25 44 32
12 2 34 9
13 23 37 38
10 30 29 36
11 4 25 43
2 14 9 29
1 9 29 24
8 34 39 42
10 13 41 29
8 14 10 36
8 8 44 9
8 18 9 21
13 18 18 43
6 9 27 17
12 29 38 40
10 25 23 35
15 2 15 28
11 1 44 8
5 13 28 26
18 15 29 33
2 18 35 22
3 34 41 42
7 25 20 28
28 2 36 28
3 24 39 38
14 2 42 4
9 14 22 36
1 13 17 31
24 36 37 41
15 4 44 9
40 15 44 20
26 33 40 39
10 14 36 14
23 10 41 14
30 22 39 33
3 19 38 38
13 3 38 37
5 27 14 43
9 19 41 35
14 34 35 42
7 16 8 22
26 8 37 39
19 1 34 43
11 14 16 25
5 3 23 16
5 15 33 19
3 6 20 13
22 3 31 18
3 25 27 35
2 8 14 12
29 4 41 12
29 10 42 23
4 12 23 41
9 26 21 44
9 3 24 22
2 19 14 35
23 7 38 10
23 22 28 25
10 7 33 42
12 1 39 6
1 7 15 40
6 19 37 38
17 25 22 43
28 10 32 39
17 24 25 40
17 19 40 31
23 4 26 27
20 14 27 19
34 8 42 39
3 14 41 26
1 6 26 23
1 28 28 40
21 32 31 32
20 26 33 34
11 11 12 43
37
78
4 1 12 31
25 4 26 8
23 23 27 25
36 6 37 23
6 18 25 20
12 35 24 36
7 10 13 25
20 18 23 36
12 2 36 32
4 31 18 36
9 5 24 7
7 28 24 32
11 15 18 21
16 4 18 26
23 16 30 27
18 2 32 21
17 25 27 37
5 15 27 15
14 18 29 27
27 9 28 30
7 22 8 32
2 5 35 11
17 17 29 22
2 3 35 14
5 5 8 17
14 14 36 36
21 9 27 31
6 25 13 26
8 18 11 36
15 19 16 33
34 14 37 18
1 21 1 24
15 16 28 26
15 16 20 34
6 11 33 28
9 12 19 13
26 3 33 26
4 1 37 9
32 6 37 35
10 9 27 36
18 6 30 13
5 7 35 14
15 10 29 30
17 17 18 23
11 18 16 20
6 31 23 31
9 4 24 14
29 10 30 33
28 26 31 36
16 8 36 9
18 8 27 24
10 5 11 10
10 17 32 30
1 14 2 25
14 1 16 37
6 22 10 37
1 11 11 13
3 8 4 36
3 1 17 23
3 17 29 29
5 7 15 36
15 18 37 28
4 20 27 20
19 2 37 31
8 10 15 17
14 11 31 11
21 16 37 30
5 1 24 7
15 5 26 35
17 16 36 20
14 3 35 32
12 23 37 31
13 15 34 20
21 22 32 22
33 11 37 23
14 8 26 27
30 16 31 37
25 14 36 37
