63529
131742
296587
670354
244441
298855
554013
866077
567537
708196
334295
355923
339320
684379
910936
750177
218812
298880
888620
99807
968171
730970
294932
904967
129980
677418
245604
689848
916723
413112
559127
394497
330608
905258
204669
113113
797657
662831
734064
394073
550613
402219
308552
277557
760652
786625
721806
991097
956002
373686
33239
150958
612689
921413
353815
968014
322795
561002
717357
261501
581445
266095
274174
613793
755468
17018
663788
216277
53230
76324
966170
462888
483045
625323
155845
137152
621784
442273
252973
744426
98949
379545
96173
687859
695426
682698
772065
239413
849989
18214
598606
671847
727383
783294
248280
190023
225374
471029
141521
999979
0
