100
4
1332
4
9583
3
616
10
1029384756
100
5457567335465636464733744767577475377554356377345554765536375373536333373356755455354533333463353347
97
8867665676578876567856775885786765756566866668787878857866755658588588878557586678857757565678767
99
110000000101001100111001001100111111101000011011000011010110100111010111010011010001111001011000100
91
6767777776666776666766776676667777666666767767666766776677767667776766767777677676676666776
100
0987654321098765432109876543210987654321098765432109876543210987654321098765432109876543210987654321
100
3152546154311351332232226516166636343515664462511424661443643255126262112661115511422324612144246522
94
9968987676789986867688998969677668677669797777689878869889797668869978877877969777968767667778
95
20016080118776333282820845571030637555383434748536043675403575280781201817081127236154367013643
90
213031330013231011022121312300010112220211203113030003300202131113321103101022100203130110
100
7142340267621600075472736205524710514773375745020450552145355276763427112221115542141010310673662311
96
152428881162116532488516322271566588166252583877744126841642251732561743826675745613146744337513
95
56665655665556665556566556665566566655556656555556665666655565666565655565665555665665666665565
97
6888766776788866778677676868686868676677876677868668876768677678776676776868867768868886778768667
15
222229888888811
3
112
96
123623141027809360302369840063167971560246671755067486652256195042649726227546695136264150993264
100
0000000000111111111122222222223333333333444444444444444444443333333333222222222211111111110000000000
96
112112112131233331132231213112123332311311233132123111133331211223133212311331221121113221132333
93
444554554554555555545555455455544554444545445455544544444455454554444454454444444555555455544
94
3433343343443434444333334333334334433343433334334333333433444333333443434444333444434444434433
99
546765856446857786674685775757546854785845678877854846445587847476478864675888777488876876788756487
90
747515325444246672634721261562236125252631734733442114767526127275437621761734631147221644
100
0123456789012345678901234567890123456789012345678901234567890123456789012345678901234567890123456789
95
78365757647658883427763552234688577358632432348357776427846447455526324327588466685525256573868
91
1883906179072344589607331267990472534127916015753220189990262169347594224532707645150017546
100
7764644456433663775446353677373354734373663453333433765744366656455535337735747354665344746454653336
93
546565465666656556666665644544645466445455454655655454665555655565456565645656465544644454545
90
334334433444334343343444433334444444333343444433444334444343433444443343333444334343443344
91
3552363363426234364565663235565542556666526565424345265442554445554526322324243226556563252
96
061425540025232235003663331251103160421143111552113613534235411431134266662242205114431163345411
100
8668666687767677668876776867777887776878787678786868886688867666768776677676878868887876776878877786
98
01110111011010111110011111100100011000010011100111100011101011001111101110011001000101010000111110
99
433344344444333433343333444444434334444434444443433334433443444334434333434433433333343443443444443
94
8859656499975665559774475964947988955679464744467665779565966957988895985455964885545579995744
100
2333232222323323323222332223332332232332333322323322223222323332223322332323233233232333223233332232
99
495766384336969593545969645944779479385578434379354338685777633488666758355867534499479678858348354
91
2231101231112330003201211321312310231101131013013332012023033322113123010220331200300020103
2
00
98
53344355544335453345433553333544454453555344334335535335345553533353355553455335345443553434344433
97
7797455933336976739937793478595963754334977336445976656993687383979994338548749346645838769643836
3
211
95
22706372633874369678706716406028271066827876020812116441273797253551923547758583925176437975433
92
63488174844454632854241317122448124275161238443265287452175681383633251516671273136647856461
100
0000000000000000000000000000000000000000000000000000000000000000000000000000000000000000000000000000
92
76676665577557774455777574476644577476544776547555575457544767574444445776445774546767644476
91
4554648848674556565886848744757776588754446678677776758678655855864885644566867766755776578
100
9998999999898998989889899899888998898888888989898899999889889989989999998999898988888899989889989988
100
9999999999999999999999999999999999999999999999999999999999999999999999999999999999999999999999999999
3
110
97
5528567818123306446572326244880603128410745502471023230201131874483170533030615114734025567657502
100
4352243675348387547566786353542877488383732667277254284526626534757856563684568863367882748645343558
3
011
94
7563473782555552211212814661772575676111342871666528263336256283558552141424444753156213413423
90
488789949865978476578585857568977776486954465756585584885665987977954455486544695665696574
100
6343942167437877387552489723368925773399889425421479896593689957195579614358822678528492221819453226
91
4146166266646234564111516665344462626510514414446653254052413153114553502613311256201215563
100
4761429215421957554113936414553234429475538324677817511634425867353847798778966375997543831396891182
3
001
99
988596595788956546656666489757977489887765846685796968894848778889958649644948888868784796495856687
2
01
95
53638374765775888657655668373564838543368684556535336783873466546475364783566437766638853658743
93
959498663768653745875373677958554798986767438974879443767894999848578886843456574489935768573
97
6466476546765564744775647647476575647445465654666554677646766555756475647467656755776675564764776
92
96885844641296704357172793832769503333066969734950432718353641572632776549618513206896289571
99
556666665655555565566565656665666655565665656555655666655655556556565655666555556555566555555565665
92
11212122122121221211121111121111111221121112122222122222122112221122111211211212211211121121
99
211221212002012200000210212200112022221012200122221210121022221212220121212000111101101201010201110
100
4771422729425512793593973683117455456517527552258862788635288397549531232153258315357538231453589264
91
2013411111431001423341311303100042143312314103241104342424123010411003231343241443233202231
92
11112121121211122222111221112222222221222121111212112222111112112221212112112111112111122111
100
1121122123222312221121231331111323211132222113111212122213333113213121222113231131321123212321333132
100
7127333267485030464627250784806283228034335600563383231022113135086044375613311104880610654551352453
99
212132111321333123112121323212332233212333113122222323211131313233313333322232213322322222311231223
94
1210120020121121120200201002021120212121020211000220202211020121122220210100200001201122212210
97
3232222222323323232223233232222233323332222332233323323322222232322233332332222323333322333223232
90
883318257117558728486075811220622625062067682581322138081580476700102407025665480361354813
97
4544544545444455545555555554454554555555445544445454444545445445444445555454544544544544555555444
91
3466545365554624642466234256626425253323445342344553245424222624226234442643364443435626242
100
3333334433434444334433344334333444333443443344333444444433344444443444343333444443343334433433333443
93
353464366664535436654563644463434563343336546334633445663654636543643335563454666433656464356
5
19091
91
5605508506830645068025383376221037528115377171165384733134770164807648382757500703884320630
92
65676774654546757764755475466465575656554767457676644756444455654465545774447765567547454655
2
10
97
5422442335544642335625654663643634335534435242552654433526646233665636536652542633233644554354222
7
9000555
100
5136354431652311132613214216235252116412443552446366512523341352326565163241453232223253343351631113
100
4333434433333334433343334443333344343443333333444443443433434334433333343443444344333443444343333433
93
333433333334444344334433344344434443333343444333344333333334444433444443343434333334334343433
96
865214813422215112312857469206100421797855368786851352087682030343692622448398219926328564845968
96
657563267523115217131325421731438476133188142228686487245454766345478631815271227563625361683322
99
021044520245245332020205010503405030501250002215201204350120433030044545213450450053141343203045225
98
75557675774674564677676547747455467676574574555546666776756455567664656674657746454757564445566765
94
7567766565756567566657567655575665557567577556777777567765655655656655755765767655575576566557
91
7676713766615232646890505650951052862197392966479075364444658956623105559739438989804048258
91
7778877777878878887788778787777887777788888777778887787887777777878778787787788878788787778
