1 1
100.00
28 7
2.44
5.46
0.68
0.02
2.04
4.34
4.14
5.50
1.99
0.62
1.47
1.82
7.24
0.28
4.84
5.60
4.11
4.96
2.86
5.66
6.54
7.84
7.10
2.87
3.71
2.87
1.23
1.77
5 5
24.75
23.21
20.51
9.19
22.34
49 42
3.16
1.18
1.29
1.40
2.87
0.14
1.05
1.53
0.58
1.82
2.91
2.78
0.71
2.10
2.99
2.67
3.68
3.22
1.34
3.03
1.65
3.21
2.25
3.88
1.22
3.35
1.44
0.92
4.10
1.95
0.24
2.28
3.76
2.42
2.07
1.69
1.82
1.61
2.17
1.50
0.06
3.86
3.35
0.42
0.93
2.01
1.91
2.90
0.58
66 66
1.92
0.96
1.75
2.28
1.49
0.64
0.75
2.26
2.14
1.94
0.21
0.87
2.79
1.10
1.63
1.99
0.71
1.54
2.27
0.36
2.21
1.49
1.74
2.39
2.61
0.48
1.04
0.61
0.49
2.38
2.20
1.44
1.82
0.41
2.64
2.27
0.46
1.11
2.07
0.34
0.07
1.61
1.03
1.41
0.35
2.13
2.67
1.83
2.18
1.80
0.17
1.56
2.16
0.13
1.60
2.20
2.36
1.90
2.08
0.73
2.20
0.22
2.01
1.90
1.66
2.24
49 49
3.08
2.67
0.27
1.43
1.63
2.36
3.48
2.87
3.10
3.48
1.11
3.24
1.83
2.42
2.45
0.30
0.35
2.83
1.99
2.25
3.04
1.32
1.89
3.47
2.07
1.72
3.38
1.18
3.43
1.61
1.43
1.80
2.06
1.77
0.08
3.11
2.00
2.48
0.20
3.05
1.18
2.81
0.86
2.71
1.21
0.35
3.18
0.34
3.13
18 17
7.72
8.93
7.28
4.44
3.32
7.98
8.05
3.10
1.09
4.20
8.57
8.15
4.35
7.61
0.14
4.58
6.04
4.45
74 6
1.24
1.25
2.19
1.31
1.74
0.14
1.26
0.92
0.41
0.99
1.71
1.68
1.97
0.15
0.28
0.44
0.36
2.56
2.54
2.21
2.13
0.27
1.55
0.45
2.68
0.27
1.61
2.14
1.93
2.42
0.98
0.04
0.49
1.14
1.42
0.98
1.21
2.19
1.71
1.42
2.01
1.99
1.21
0.79
2.61
1.28
2.30
1.61
1.34
2.16
1.31
1.13
0.04
0.64
2.18
1.38
2.72
1.54
1.98
1.14
0.59
2.34
1.81
0.08
0.81
0.46
0.27
1.97
0.87
1.13
0.72
1.61
2.21
1.39
86 6
1.04
2.03
0.83
0.38
2.11
1.73
0.28
1.44
2.33
1.06
1.40
0.71
1.60
0.96
1.42
1.73
0.86
0.93
1.45
0.76
0.04
0.62
0.73
1.20
1.11
0.50
0.82
0.54
1.64
0.70
0.64
0.71
1.36
0.35
1.36
2.21
0.89
0.91
0.88
1.71
0.80
0.31
2.24
0.10
1.87
0.87
0.01
2.17
2.35
2.00
1.09
2.25
0.68
1.40
1.70
0.45
0.54
2.19
0.98
1.68
0.58
0.68
2.36
1.46
0.22
1.97
1.13
0.06
1.97
1.45
0.08
2.16
0.96
0.96
1.59
1.07
0.11
0.64
1.44
1.88
1.66
1.48
1.79
1.14
0.03
1.48
73 5
1.42
1.94
2.28
2.29
1.89
1.08
0.37
2.21
1.44
2.43
2.06
1.11
0.64
1.46
0.19
1.43
0.08
1.02
0.21
2.43
0.44
0.74
0.63
1.19
2.61
1.19
0.23
1.62
1.73
2.25
2.33
0.57
1.54
1.78
0.64
0.17
0.80
0.68
0.25
2.61
1.66
0.58
2.33
1.16
0.40
1.91
0.88
2.24
1.67
0.64
2.07
2.21
1.26
2.18
0.17
0.10
2.52
0.64
1.29
1.65
0.10
0.90
1.95
2.53
2.32
1.98
2.15
1.12
1.41
1.57
2.53
0.46
1.44
45 31
1.11
2.16
0.76
4.01
1.17
0.37
1.58
2.60
2.28
2.81
3.75
1.88
5.15
5.42
3.65
3.95
0.93
3.33
2.79
0.71
2.96
0.96
2.20
1.45
0.76
0.43
1.05
4.78
1.39
2.85
0.53
2.88
2.12
1.76
1.95
2.59
1.76
2.87
1.93
0.38
1.98
3.01
2.01
1.67
3.32
18 16
1.39
5.96
7.29
12.25
10.59
9.77
8.53
0.53
1.96
0.51
10.31
5.96
9.78
2.69
5.95
0.04
1.57
4.92
68 17
0.47
1.64
2.07
0.40
2.42
2.50
2.66
2.36
2.28
1.86
1.63
0.23
1.08
0.60
0.93
0.52
1.52
2.05
1.04
2.40
1.32
1.85
2.48
1.25
1.97
0.33
0.77
2.14
0.76
0.54
1.46
1.16
2.56
1.88
2.20
1.95
0.98
2.06
0.76
1.37
2.28
0.70
0.37
0.53
0.55
1.84
1.47
2.04
1.90
0.89
1.43
0.19
1.10
1.83
1.59
1.34
0.82
0.38
2.40
2.42
1.80
0.84
1.83
2.29
2.05
1.19
1.25
2.23
13 7
1.83
12.92
3.94
6.46
12.12
6.44
4.38
10.12
13.16
13.97
3.71
0.22
10.73
81 44
1.52
0.50
1.65
0.89
2.04
1.91
0.52
0.93
1.67
2.03
1.29
0.50
0.67
0.78
2.24
0.31
2.19
0.79
1.43
1.50
2.06
1.54
1.63
1.53
1.18
1.78
0.83
1.41
0.76
2.09
1.00
0.78
1.76
2.24
0.71
0.18
0.75
0.25
0.62
0.41
0.68
2.00
2.17
1.31
0.08
1.77
0.97
1.03
1.16
1.68
1.44
0.25
1.31
0.38
1.80
1.92
0.66
0.04
1.65
1.76
1.64
1.66
0.05
1.50
0.12
2.23
1.73
2.18
0.73
0.83
1.15
1.80
2.05
1.71
1.47
1.68
0.98
0.81
1.28
0.30
1.17
37 30
2.32
3.53
1.21
0.38
4.26
3.48
5.96
3.90
4.34
3.73
2.64
0.08
2.30
5.44
1.72
0.25
5.41
3.91
4.27
1.22
5.98
1.58
1.16
1.35
3.01
0.29
5.98
2.66
1.18
2.24
3.48
0.16
2.08
2.00
0.00
3.16
3.34
79 59
2.93
1.78
0.93
1.10
2.13
0.87
1.54
2.45
1.32
2.21
1.69
0.88
1.69
0.61
2.54
0.83
1.73
1.84
0.32
1.61
1.73
1.41
1.12
0.08
2.18
2.35
1.70
1.07
2.49
2.26
0.80
0.46
2.48
2.53
0.18
2.32
2.37
1.17
2.18
0.27
0.55
1.08
0.87
0.10
0.81
1.08
0.09
0.07
0.79
0.75
1.45
0.58
2.22
0.37
0.05
1.72
0.64
2.01
0.01
0.98
0.70
2.22
0.23
0.21
1.87
0.58
0.94
1.73
0.40
1.17
0.91
0.35
2.57
0.85
0.08
2.07
1.27
1.76
1.72
53 16
3.24
0.85
2.24
2.74
0.53
3.75
2.58
1.00
1.13
1.62
0.60
3.00
1.87
2.11
1.17
1.07
0.57
1.06
1.46
3.84
1.00
3.71
2.08
2.11
3.44
2.31
2.43
4.19
1.63
0.17
1.33
0.20
3.78
2.99
0.73
0.29
0.43
0.74
2.49
1.59
0.59
0.30
0.52
3.42
1.10
2.76
2.13
3.04
0.06
2.08
2.75
4.15
3.03
86 21
0.78
0.40
1.11
1.80
0.35
1.60
1.58
1.41
1.13
2.24
0.58
1.27
0.50
0.81
1.21
2.05
0.40
0.05
1.93
1.74
0.90
1.41
1.04
0.50
0.07
0.25
0.90
1.62
1.98
1.93
1.16
2.00
2.09
1.68
1.16
1.46
0.15
1.08
0.61
1.53
1.03
1.56
2.26
1.13
0.44
1.17
0.24
1.86
0.49
2.12
1.81
2.18
0.72
0.01
1.82
1.12
2.27
0.31
1.42
0.08
2.17
0.38
1.07
0.29
2.20
1.02
2.12
0.53
1.67
0.05
0.37
1.39
0.85
0.51
0.93
1.68
2.08
0.14
1.82
0.50
1.18
0.37
2.21
1.78
1.81
0.38
41 39
0.97
2.32
3.22
0.77
1.39
3.03
3.41
1.15
3.75
0.70
3.56
1.27
4.49
2.34
0.84
4.05
1.00
3.34
4.37
3.77
1.60
4.01
3.75
0.11
5.20
2.96
0.31
2.41
4.12
0.28
0.08
5.14
5.37
0.02
0.44
1.27
0.70
0.85
2.82
3.21
5.61
79 23
1.10
0.02
2.22
2.19
1.78
1.09
1.68
0.20
0.90
0.08
1.86
1.65
1.11
1.97
2.44
1.65
2.08
1.11
0.55
2.27
0.23
0.69
0.95
0.09
1.01
1.58
1.95
2.34
1.16
1.47
2.27
1.73
1.79
1.43
1.64
0.30
1.58
1.97
0.76
0.66
0.04
0.38
2.08
1.16
1.94
1.89
1.58
1.70
0.69
0.18
1.56
2.07
0.92
0.95
0.26
2.25
2.49
0.15
0.90
0.59
1.39
0.64
0.59
1.50
2.04
1.20
0.79
1.97
0.12
0.94
1.30
0.35
1.88
2.39
0.20
0.41
1.99
1.18
1.79
36 4
4.16
2.86
2.42
1.29
5.03
1.21
0.10
5.12
0.89
4.71
4.90
4.81
0.09
0.04
1.57
4.92
3.70
0.89
2.44
4.14
1.21
4.31
1.82
1.62
3.98
3.42
3.31
0.62
4.57
5.12
1.54
0.43
2.55
4.43
1.54
4.24
70 26
2.09
0.44
0.33
0.51
1.55
2.37
1.28
0.00
2.14
0.29
0.27
2.67
2.42
1.14
1.11
0.79
0.30
2.18
2.53
0.50
2.51
2.44
2.29
0.11
1.76
2.61
1.14
2.66
2.32
2.17
2.46
0.09
1.84
1.92
0.61
1.38
2.32
2.34
2.20
1.38
2.05
1.41
1.40
1.20
0.82
2.38
1.67
0.73
1.56
2.48
0.40
0.11
0.47
0.14
2.69
1.87
1.16
1.52
0.76
1.81
0.69
1.96
0.40
2.42
0.57
1.53
0.95
0.77
0.32
2.30
73 54
0.94
0.78
1.62
1.81
0.03
0.16
1.07
0.96
2.28
2.47
2.44
0.52
0.54
1.94
2.20
2.20
1.95
2.12
1.97
1.55
2.04
1.42
1.11
1.64
0.36
1.80
0.96
1.73
1.01
0.41
1.65
2.39
0.17
1.21
0.57
2.45
1.93
2.19
1.00
1.29
2.14
0.00
1.40
0.80
0.46
1.84
0.76
2.07
1.29
1.07
1.69
1.71
1.53
1.19
2.00
0.84
1.61
0.09
0.66
2.01
0.99
1.99
1.06
1.28
1.93
0.18
2.40
1.94
0.75
1.99
1.63
0.68
1.14
90 54
1.86
0.68
1.97
0.96
1.29
0.89
1.09
1.82
1.09
0.73
0.44
0.33
1.42
1.76
1.74
0.24
0.02
1.43
2.27
1.57
1.66
0.61
0.45
0.28
2.02
1.68
0.39
0.39
1.36
2.29
0.88
0.68
2.28
0.03
1.07
2.07
1.54
0.45
1.16
1.96
0.23
1.47
0.10
1.98
0.74
1.91
1.12
1.53
1.35
1.55
0.47
1.32
1.86
0.89
0.16
0.34
1.35
1.69
0.31
0.56
1.35
1.18
1.71
0.32
0.95
0.46
1.00
0.20
2.08
1.60
2.11
0.55
0.91
1.84
0.94
0.80
1.92
0.15
0.22
2.19
1.45
1.36
1.13
0.26
0.71
1.85
0.81
1.32
0.10
0.75
49 14
2.05
0.08
3.36
4.24
1.50
3.03
2.63
3.30
0.74
1.34
2.34
0.14
4.03
0.20
2.56
2.15
1.79
2.15
3.91
0.07
1.99
1.85
1.39
1.19
3.30
3.37
0.33
2.10
2.99
0.95
1.77
1.10
2.21
3.05
1.11
1.58
0.88
2.14
2.74
4.00
3.95
1.03
0.99
3.74
2.56
2.22
1.87
0.47
1.52
65 23
3.40
0.42
1.85
2.86
0.62
2.39
0.10
2.06
0.78
0.06
0.43
2.45
2.72
0.79
2.62
0.59
1.85
1.63
0.10
0.02
2.12
2.55
0.73
2.54
2.30
2.09
2.60
1.05
1.85
0.31
1.26
1.99
1.12
1.95
2.84
2.64
2.61
0.93
2.87
0.28
0.13
2.40
1.93
0.78
0.24
2.88
2.54
0.77
0.71
0.13
0.84
2.16
0.10
1.97
2.59
2.34
0.01
2.56
0.76
2.42
1.94
1.49
1.84
0.49
1.61
81 51
1.76
1.30
0.66
0.17
0.80
0.97
0.21
0.74
1.07
1.98
2.34
0.00
1.31
1.14
1.49
0.47
0.45
1.71
0.66
0.22
0.31
0.52
1.09
1.68
0.25
0.56
2.01
1.04
0.13
1.26
2.07
1.27
1.06
0.01
1.32
2.42
0.87
1.42
2.47
1.63
2.25
0.71
2.02
2.06
2.57
0.78
0.14
2.53
0.67
2.52
1.90
0.75
0.71
2.01
2.22
1.11
2.12
0.34
1.33
0.08
0.28
2.51
0.64
1.94
2.38
1.61
1.21
2.16
2.09
0.05
0.21
1.11
1.27
1.84
1.76
2.46
1.56
1.87
0.00
0.75
0.64
28 21
3.91
2.65
4.86
1.42
1.59
4.76
2.64
2.45
1.42
1.63
2.94
4.48
1.92
5.93
2.14
4.21
0.50
6.31
5.86
5.71
0.23
4.95
6.52
5.36
4.32
0.16
6.37
4.76
27 22
3.40
2.15
1.77
2.80
3.74
4.43
4.67
3.53
4.13
6.39
2.43
7.77
4.41
1.13
0.08
2.68
5.74
6.31
1.88
1.81
3.25
2.05
3.01
7.71
4.51
5.68
2.54
97 62
1.97
2.00
1.54
0.99
1.45
0.56
0.57
1.78
0.17
1.75
0.94
1.93
1.26
1.99
1.59
0.33
1.88
1.67
0.90
1.68
1.45
0.01
1.07
1.96
0.45
0.72
0.65
1.49
0.29
0.33
0.45
0.95
0.93
0.64
0.45
0.35
1.08
1.46
0.40
0.71
1.84
1.89
1.42
1.39
1.94
0.23
0.84
1.86
0.40
0.10
1.39
1.73
0.87
0.25
1.42
0.97
1.10
1.68
0.46
0.30
1.25
0.32
1.16
1.30
0.66
1.12
1.92
0.41
1.05
1.19
1.62
2.07
0.95
0.62
1.90
1.99
0.31
1.06
0.98
0.71
1.87
0.74
0.73
0.70
0.37
1.11
0.02
0.74
0.46
0.93
0.71
0.73
0.04
1.11
1.15
0.96
0.17
98 65
1.99
1.40
0.44
0.11
0.45
1.22
0.13
0.00
1.27
0.17
0.85
1.54
1.09
1.43
1.10
1.37
1.38
0.69
1.59
0.62
1.19
0.51
1.05
0.77
1.37
1.87
1.45
1.91
0.21
1.95
0.24
1.09
0.01
0.86
1.88
0.26
1.19
1.48
1.59
0.59
0.35
1.11
0.51
1.95
0.46
1.16
0.24
1.40
1.39
1.76
0.50
0.87
1.79
1.05
0.48
1.12
1.51
0.18
1.81
1.79
0.23
0.54
0.53
1.96
0.81
0.22
0.68
0.51
0.02
0.06
0.96
1.73
1.89
0.44
0.79
1.02
0.95
1.61
1.63
1.11
1.27
0.80
1.09
0.05
1.80
0.52
1.67
1.98
1.48
0.22
1.15
1.57
1.26
1.25
0.76
1.02
1.35
1.33
52 23
2.54
0.60
2.07
2.22
3.84
0.96
1.71
2.69
2.37
0.63
1.11
3.21
0.70
2.17
3.28
2.75
1.85
2.52
0.58
2.25
0.96
0.28
3.29
3.83
0.63
0.54
2.01
0.73
1.36
1.04
2.87
1.13
3.57
0.88
2.21
1.90
1.48
1.22
2.98
2.32
3.14
1.12
3.23
0.91
3.23
3.15
2.94
0.79
2.22
2.71
0.11
1.17
11 5
17.72
8.27
2.82
14.51
1.11
13.09
13.74
3.40
20.95
3.81
0.58
47 34
2.24
2.89
3.08
2.94
1.36
2.30
1.58
2.11
1.86
2.86
0.75
2.36
0.92
2.61
2.30
1.45
0.92
3.99
1.74
1.05
0.21
0.58
3.30
4.29
4.76
2.72
2.24
0.48
1.48
1.31
4.34
3.82
2.05
0.01
0.32
3.72
1.75
2.17
0.47
4.81
0.17
2.23
0.46
1.17
4.33
4.33
1.17
81 13
2.35
0.61
1.92
0.63
0.26
1.83
0.48
1.29
0.99
2.47
0.98
0.32
1.36
2.27
0.64
1.70
2.14
0.39
0.43
1.61
0.70
1.92
0.01
0.11
1.21
1.86
0.75
1.47
1.12
0.10
1.72
0.70
0.67
1.68
1.75
1.73
0.46
1.23
0.04
1.54
1.85
1.93
1.98
0.42
1.25
1.77
0.96
0.29
2.38
2.42
0.93
0.46
1.72
1.78
1.60
1.95
0.71
0.84
2.28
1.87
1.46
2.48
1.37
2.53
2.38
0.88
0.73
1.31
1.41
0.36
2.10
1.91
0.44
1.64
0.16
1.12
1.80
0.00
0.34
0.66
0.09
72 27
1.08
1.92
1.26
0.38
1.76
2.61
0.33
2.22
1.27
1.73
2.08
0.12
2.37
1.90
0.90
2.33
0.56
1.86
0.44
2.38
0.72
0.37
1.27
1.40
0.92
2.74
1.82
1.09
2.59
0.37
0.58
1.46
0.46
2.31
2.37
2.54
2.83
2.04
2.37
0.33
2.44
0.37
0.57
2.32
0.69
1.62
1.88
2.55
0.71
2.44
2.22
0.76
2.23
0.85
2.13
0.30
1.73
0.22
2.50
0.26
1.09
1.87
1.35
0.31
0.21
0.66
0.37
0.57
0.27
0.52
2.70
1.21
62 33
1.90
2.12
1.49
2.09
2.14
0.47
2.81
2.59
0.27
2.69
1.82
2.83
0.81
0.51
2.13
1.88
1.75
2.35
1.20
2.33
2.33
2.20
1.72
1.10
2.48
2.58
0.38
1.79
0.05
2.35
2.00
1.17
1.45
2.84
0.28
0.85
2.76
0.01
2.36
2.18
2.95
0.74
0.57
0.24
1.91
2.60
0.56
2.61
0.12
0.46
0.60
0.29
1.59
1.76
1.63
2.60
1.47
2.94
0.04
2.72
1.38
1.16
15 15
10.62
3.85
6.27
5.70
8.12
3.90
10.20
7.36
0.66
3.19
11.04
2.29
9.19
10.03
7.58
57 7
3.37
1.45
3.58
3.34
2.01
2.57
0.57
0.32
0.92
1.85
1.92
1.08
0.28
0.09
3.43
0.61
1.94
0.45
1.59
2.95
2.74
0.07
1.68
3.35
2.81
1.13
2.22
2.68
2.38
1.30
1.48
2.99
3.16
0.41
2.17
2.60
0.27
0.33
1.21
1.69
0.53
2.24
2.37
1.08
0.52
2.91
1.82
0.94
0.88
1.85
3.34
3.17
0.79
1.06
0.29
2.45
2.77
87 7
1.90
1.80
1.63
0.39
0.70
1.14
1.34
0.75
1.22
0.86
0.91
0.84
1.67
1.37
2.00
0.13
1.59
1.39
1.27
1.93
0.23
1.33
0.16
1.09
0.95
1.38
0.24
1.32
2.13
0.59
0.47
0.11
0.99
1.65
2.09
0.59
0.59
0.81
2.21
1.81
0.62
0.78
0.44
1.94
2.15
1.70
1.60
0.97
0.26
1.32
1.79
1.99
0.29
0.43
0.67
1.13
1.09
0.42
1.23
1.59
1.24
2.19
1.08
0.18
0.47
1.82
0.04
2.16
1.18
0.26
2.21
1.02
1.97
1.25
1.45
1.97
0.82
0.99
1.63
0.80
0.19
1.91
2.04
0.92
0.76
0.63
0.84
65 2
2.38
0.35
2.35
3.20
2.36
0.45
0.94
0.42
2.11
0.18
2.31
3.07
0.09
1.67
1.12
1.83
0.96
1.32
0.43
0.28
1.90
1.29
0.76
0.29
1.69
1.35
2.27
0.56
1.50
0.88
0.68
2.99
2.62
0.43
2.92
0.98
0.90
2.28
1.96
1.35
1.37
3.03
0.65
2.05
2.27
0.49
1.19
2.46
1.17
3.14
1.98
2.23
3.04
2.22
1.01
0.04
1.22
2.68
2.76
0.65
0.39
2.01
1.21
0.61
2.71
12 2
2.33
7.12
10.29
2.07
10.35
9.33
13.67
14.93
3.92
7.89
17.62
0.48
29 19
5.17
2.30
0.87
4.09
1.27
0.09
1.33
5.54
3.09
6.21
1.72
1.73
4.36
1.85
6.47
6.01
4.49
5.56
6.50
2.37
2.50
3.09
2.12
4.65
5.88
3.63
3.46
1.69
1.96
87 7
1.09
1.20
1.52
0.23
0.44
0.21
1.90
1.10
2.07
0.69
0.42
2.10
0.60
1.69
1.78
0.65
0.68
0.62
0.96
2.03
0.13
0.86
1.41
2.01
0.48
0.89
1.38
0.54
0.85
1.16
1.23
2.08
0.66
1.83
2.17
0.51
2.13
0.92
0.31
2.14
0.69
1.00
0.01
0.48
0.88
1.65
2.02
1.82
1.56
0.02
0.31
1.65
1.69
0.94
1.07
1.91
1.98
2.15
0.75
0.93
1.87
1.16
0.54
1.31
0.37
0.63
1.98
1.29
1.74
1.87
1.65
1.88
0.87
1.17
0.84
1.05
0.54
1.77
1.20
1.39
2.21
1.52
0.37
0.95
0.04
0.48
0.13
40 14
1.96
2.90
3.59
4.62
4.93
1.02
0.61
1.70
4.71
2.25
0.35
4.98
2.49
1.36
2.74
2.39
2.71
0.66
1.77
1.30
4.64
3.74
4.51
1.37
3.33
4.83
0.02
4.28
0.02
2.42
3.09
0.67
1.00
3.72
0.38
2.88
4.24
0.68
4.43
0.71
92 49
2.51
0.00
0.26
1.25
0.00
0.35
0.87
1.66
0.31
1.83
0.05
1.20
1.58
0.71
1.88
1.54
0.76
1.52
0.67
1.96
1.72
0.37
1.41
0.93
1.11
0.90
2.07
0.34
0.79
2.00
0.89
1.92
1.12
1.73
0.90
1.99
0.83
0.71
1.26
1.47
0.16
2.03
0.21
1.30
0.27
2.00
1.63
2.02
0.07
0.44
0.67
0.97
1.36
0.40
0.34
1.28
2.03
1.20
2.06
1.87
0.39
0.83
1.99
1.64
1.73
0.16
0.19
1.64
1.64
0.62
1.66
1.86
1.31
0.02
0.67
1.30
1.94
0.31
0.42
0.83
1.79
1.24
0.80
0.55
1.83
0.53
0.00
0.23
0.06
1.52
1.56
1.06
11 3
17.29
7.39
17.55
17.63
0.02
16.97
3.17
1.55
5.39
7.21
5.83
76 28
1.34
1.51
0.57
0.81
2.24
2.00
0.53
1.93
0.91
1.49
2.30
0.64
1.82
0.16
0.00
2.16
0.61
0.98
1.24
0.69
2.24
2.31
0.99
2.39
0.37
0.67
0.67
2.02
1.71
0.34
0.98
0.09
1.36
1.36
2.15
0.08
0.83
1.41
2.27
1.64
0.93
0.92
0.09
2.14
1.48
0.92
0.63
1.85
1.63
2.04
1.36
2.31
1.45
1.52
1.45
2.06
0.29
1.60
1.22
1.56
2.30
1.29
0.43
1.80
0.17
2.17
1.63
1.68
2.27
2.22
0.27
1.75
0.72
0.92
0.85
2.27
6 6
1.35
18.11
17.14
13.37
24.36
25.67
39 31
0.74
3.10
2.80
4.27
4.02
0.05
4.86
2.95
2.90
4.10
4.21
1.83
0.35
1.93
4.49
3.81
1.46
3.43
2.05
1.82
4.22
1.85
3.15
1.84
1.02
2.06
0.91
4.40
1.65
3.01
0.47
3.81
3.55
0.27
1.93
5.05
1.61
0.16
3.87
32 6
4.13
5.03
4.81
2.80
2.25
0.20
3.52
6.11
5.24
4.41
2.06
5.58
0.12
2.83
2.05
2.09
1.33
5.39
1.71
1.43
2.32
0.27
6.13
1.87
0.64
3.43
3.12
5.44
4.67
3.71
4.63
0.68
6 3
8.17
11.24
23.41
14.58
24.62
17.98
27 7
1.69
3.25
0.22
6.49
5.43
6.58
3.57
2.07
2.75
1.18
0.21
2.17
6.94
5.39
3.43
0.41
6.20
4.59
2.45
2.81
6.55
6.09
3.63
5.27
6.49
2.53
1.61
58 23
1.60
1.72
1.66
0.63
2.58
0.53
3.96
0.03
3.27
0.59
3.89
1.56
1.85
2.50
0.15
3.03
3.92
1.34
0.55
1.96
2.57
3.01
0.12
1.60
3.71
0.28
1.36
0.80
2.18
1.35
2.21
1.59
0.58
0.03
3.91
2.00
0.05
0.83
3.83
2.25
3.12
0.48
3.26
2.18
1.52
3.74
1.02
1.57
0.23
1.25
0.07
0.00
0.39
2.68
2.02
1.22
1.56
2.11
31 14
3.65
4.52
3.78
4.36
4.53
3.22
1.96
3.48
3.86
2.74
5.24
4.10
3.77
0.06
0.51
2.44
1.46
4.67
3.05
3.24
3.39
2.93
2.56
4.24
3.07
0.76
4.01
2.87
3.82
2.83
4.88
100 72
1.64
0.53
1.28
0.55
1.11
0.49
1.79
0.51
0.20
0.97
1.76
0.80
0.13
0.18
1.04
0.75
1.81
1.91
0.58
1.00
1.68
0.51
1.16
1.04
1.82
1.67
1.81
1.10
1.31
0.83
0.00
1.24
0.99
0.68
0.87
1.38
1.57
1.66
1.69
0.72
0.66
0.58
1.30
0.78
1.92
0.59
1.74
0.42
0.53
0.94
0.34
1.78
1.18
0.28
1.79
0.86
0.22
1.52
1.23
0.58
0.58
1.50
0.29
1.57
1.31
0.47
0.77
0.62
0.19
0.94
1.32
1.32
0.47
1.15
0.21
1.68
1.14
0.90
0.23
1.23
0.30
1.65
0.77
1.77
1.80
0.74
1.00
0.02
0.90
0.53
1.34
1.43
1.28
1.51
0.98
0.06
1.66
0.56
0.10
1.71
58 42
1.79
0.99
3.37
1.97
0.40
3.45
2.94
0.91
0.11
1.36
2.94
0.85
0.11
1.44
0.16
2.72
2.21
0.24
0.47
2.49
3.25
2.85
1.96
2.64
2.63
0.32
1.07
1.41
3.23
2.01
0.90
2.54
1.49
2.43
1.70
1.31
1.74
1.17
0.83
1.39
2.63
2.32
1.86
2.48
3.49
2.55
0.65
2.95
0.06
1.12
0.57
1.55
2.98
3.02
0.43
0.13
0.93
2.49
72 57
1.26
1.56
1.67
0.03
1.60
2.42
1.49
0.01
2.11
1.33
0.33
1.39
0.62
2.64
2.43
0.15
2.32
1.62
2.17
2.16
2.56
0.79
1.72
0.49
1.64
0.13
2.09
2.66
0.64
0.23
0.24
2.37
1.21
2.53
0.93
0.02
0.37
0.87
1.17
2.22
1.01
0.04
1.23
1.59
2.66
0.74
1.83
2.28
2.18
2.16
0.49
0.69
2.26
0.78
0.91
2.33
2.19
1.54
0.17
0.55
1.48
2.41
0.11
1.26
2.48
1.19
1.03
2.48
0.79
1.28
1.67
2.00
54 19
3.06
0.99
2.87
1.50
3.02
1.74
1.05
3.59
0.52
1.73
3.63
3.63
0.74
3.65
0.31
1.05
3.20
0.60
3.57
0.32
0.02
2.99
0.46
3.32
0.52
1.98
1.05
3.26
3.52
1.23
3.26
2.45
3.51
1.94
0.67
0.27
1.93
1.40
2.93
0.19
0.95
1.45
1.21
2.64
3.49
2.15
2.79
2.64
0.96
0.32
2.82
0.25
0.50
0.16
46 38
3.07
2.40
3.09
0.80
0.59
1.89
1.84
1.74
4.63
2.56
1.14
0.59
2.55
1.24
2.48
0.06
2.09
1.25
0.77
0.45
4.13
3.61
4.43
2.75
2.75
0.00
3.09
1.48
0.94
2.73
3.85
1.10
2.21
3.05
0.08
2.60
4.59
1.73
4.40
0.69
1.26
2.97
4.03
0.22
3.30
2.78
41 21
0.75
0.90
0.96
3.42
3.42
4.59
3.86
3.29
4.57
3.89
1.57
0.53
3.75
3.35
0.95
1.29
1.54
3.08
1.56
2.35
4.32
0.87
3.69
2.94
0.53
0.95
4.41
0.98
4.66
2.84
3.09
0.32
4.48
0.24
2.94
0.12
0.05
1.24
3.65
4.20
3.86
3 3
21.27
51.35
27.38
93 69
1.29
0.14
1.35
1.78
1.50
1.69
1.91
0.23
0.18
0.50
0.40
1.41
1.43
0.65
1.17
0.20
0.68
1.38
1.17
2.05
0.05
0.66
1.41
0.11
1.24
1.63
0.36
0.47
1.58
1.75
1.04
0.58
1.10
0.17
0.75
0.18
0.46
1.95
0.76
1.48
0.67
0.69
1.53
1.08
0.75
1.79
0.24
1.98
1.94
0.56
1.20
1.67
1.09
0.22
0.86
1.98
1.70
1.88
1.50
1.46
0.47
0.38
1.60
0.71
0.41
0.89
2.09
1.68
0.03
0.94
0.41
0.70
1.30
0.37
0.83
1.74
0.51
1.48
0.06
2.08
2.00
0.28
2.09
2.06
1.49
1.48
0.99
1.52
1.92
0.24
0.66
1.42
1.54
72 17
0.92
0.05
1.19
1.29
0.56
1.94
1.29
0.73
0.48
0.79
2.20
1.48
2.65
0.64
1.72
2.17
1.20
1.60
0.54
2.50
0.19
1.12
1.87
2.18
1.32
0.10
0.18
2.55
1.23
1.83
0.81
0.51
1.07
0.28
2.25
0.43
0.75
0.99
0.75
1.54
1.34
1.98
2.62
2.48
1.77
1.75
1.09
2.06
1.62
2.80
1.90
0.73
2.23
0.72
2.78
0.18
1.84
1.53
0.35
2.23
1.98
0.79
2.58
2.51
2.68
1.61
2.00
0.63
1.10
0.15
0.91
1.17
96 65
2.08
0.81
0.36
0.71
0.82
2.04
0.55
1.60
0.84
1.79
1.31
1.00
0.19
1.64
0.67
0.83
1.33
2.00
1.06
0.88
0.44
0.93
0.80
0.91
0.93
1.91
1.64
1.60
1.98
0.56
0.75
1.46
1.02
1.90
0.28
0.42
0.68
0.80
1.00
1.27
1.92
0.43
1.32
1.38
0.67
0.35
1.16
1.53
1.21
1.23
0.01
0.34
1.03
1.38
0.17
1.70
1.63
0.06
0.52
0.75
0.61
0.29
1.77
1.21
0.56
1.78
1.53
0.90
0.25
1.96
0.01
1.02
0.27
1.30
0.94
1.86
0.12
0.74
2.03
0.38
1.63
0.27
0.39
0.26
1.94
0.31
1.63
1.31
0.83
0.98
1.39
1.70
0.47
1.31
1.94
1.53
55 6
1.78
2.43
0.95
0.81
2.32
1.65
1.04
2.18
1.71
1.78
0.54
1.81
3.11
2.74
1.86
1.10
1.87
2.31
1.53
2.31
1.79
0.00
3.24
0.43
3.10
0.52
3.08
2.16
3.03
0.90
2.57
2.39
3.04
0.72
2.94
2.91
1.80
0.67
2.43
2.59
2.48
2.38
2.03
0.11
1.09
3.19
1.54
0.60
1.72
2.78
1.75
0.59
1.80
1.60
0.20
82 38
2.47
1.43
1.54
0.20
0.33
0.23
0.17
0.14
1.65
1.27
2.28
1.89
0.20
0.87
0.65
1.31
0.83
2.38
0.66
1.12
1.73
2.00
2.38
2.28
0.26
0.11
1.99
1.13
1.82
1.54
1.15
2.09
0.87
1.52
0.36
1.22
1.25
1.55
2.24
0.67
0.54
2.39
1.80
0.03
2.21
1.36
1.15
1.27
0.80
0.48
0.12
0.58
1.92
1.66
1.38
2.40
1.92
2.45
0.29
1.75
0.97
0.40
1.72
0.03
1.05
1.31
2.42
2.28
0.06
0.99
0.22
0.03
0.19
0.41
1.09
2.18
0.60
0.92
2.27
1.37
2.26
0.95
52 38
2.47
2.27
1.19
2.33
0.20
2.62
1.51
0.76
2.88
3.68
3.38
3.64
3.10
0.54
3.54
1.15
1.40
0.75
0.77
1.00
0.00
2.45
3.60
1.72
0.12
0.51
2.32
1.61
0.01
0.82
3.39
2.26
1.59
3.22
0.71
2.70
1.43
0.62
1.89
3.52
3.43
1.02
3.14
3.32
0.01
3.54
3.70
1.60
0.62
2.83
2.11
1.01
36 28
0.68
2.71
1.41
4.21
1.28
4.29
0.82
1.87
2.24
2.36
2.24
4.42
0.34
5.65
4.42
0.93
2.70
4.12
5.45
1.58
1.47
4.95
5.19
5.36
3.54
1.01
1.83
0.05
2.66
2.45
4.04
2.07
0.91
5.06
5.43
0.26
74 65
2.35
0.76
1.86
0.92
1.44
1.73
2.12
0.59
1.45
2.54
0.17
1.18
1.59
1.80
1.38
0.61
2.58
2.33
1.13
1.29
1.34
2.54
2.17
0.36
0.34
2.53
0.25
0.09
2.19
2.00
1.17
0.95
1.25
2.45
1.77
0.08
0.60
0.16
0.29
0.89
1.96
0.17
0.05
1.61
2.64
0.72
0.11
2.03
1.05
1.28
2.41
1.96
1.15
2.25
0.62
1.36
2.42
1.46
0.41
1.89
1.68
2.40
0.88
0.90
0.34
1.93
0.41
1.85
1.39
2.47
1.20
0.72
0.35
2.69
20 15
8.07
1.04
7.13
5.36
3.46
8.85
4.00
4.29
5.78
3.67
4.63
4.63
2.69
5.08
1.61
8.08
1.62
6.10
6.96
6.95
64 63
1.22
1.29
1.99
2.03
1.69
1.48
3.22
1.60
1.13
1.61
1.75
2.67
2.63
0.48
1.41
2.78
1.13
1.98
0.02
2.39
3.33
1.12
2.90
0.82
2.13
2.87
0.40
2.59
1.95
1.86
0.40
1.45
3.01
0.00
0.26
1.66
1.73
0.63
0.72
0.00
2.46
1.29
2.07
0.38
2.40
1.49
1.51
2.25
0.24
1.16
2.17
1.38
0.58
0.05
0.71
0.78
3.18
1.90
0.35
1.29
2.77
1.92
2.44
0.90
19 3
3.69
7.54
1.41
6.31
3.94
0.57
6.26
3.02
4.25
6.09
3.99
8.30
8.11
3.05
3.44
8.05
5.19
8.14
8.65
80 76
1.49
1.37
0.30
1.39
0.72
0.46
0.04
1.24
2.32
2.43
1.74
1.75
1.83
2.19
0.34
2.18
1.79
1.17
1.00
1.14
1.24
0.00
1.74
2.48
0.80
1.94
1.64
2.45
2.30
0.49
0.82
1.40
1.59
0.41
0.30
2.32
1.04
0.25
1.60
2.22
0.86
1.06
1.91
1.89
2.39
0.46
0.08
0.55
2.29
1.08
0.85
1.30
2.20
0.65
1.49
0.96
2.15
0.35
0.18
2.07
0.94
1.67
1.14
2.22
0.73
0.29
0.64
2.18
0.95
1.83
0.09
1.01
0.43
0.70
0.67
1.63
1.01
1.26
0.95
0.97
42 36
3.51
0.23
2.51
3.55
3.02
1.49
0.29
0.16
4.10
2.01
3.23
1.26
0.70
1.27
0.88
0.38
3.33
2.84
1.23
4.19
1.20
2.19
4.27
3.11
3.79
2.78
1.38
3.67
3.18
1.88
0.45
2.26
2.76
5.26
0.22
3.00
4.47
1.08
3.68
2.27
1.85
5.07
64 15
1.00
2.33
2.09
2.49
2.88
0.41
0.33
2.53
1.46
1.76
1.33
0.51
2.83
0.46
0.12
0.25
0.40
2.47
2.50
2.89
1.41
0.17
1.26
0.13
1.73
0.27
0.69
0.55
0.13
3.07
2.45
1.72
2.69
2.59
3.05
1.33
0.65
0.19
2.78
1.27
2.27
2.11
1.46
2.97
1.46
1.21
2.97
2.27
0.86
2.37
1.17
1.71
2.52
0.41
2.99
2.12
1.12
0.77
0.20
2.26
1.28
0.64
0.79
2.90
25 17
0.57
3.35
1.18
3.18
1.06
5.41
3.74
0.26
3.44
3.12
4.56
6.98
0.87
7.44
7.00
5.34
5.54
2.39
4.80
6.58
2.45
6.47
5.29
2.44
6.54
67 10
2.69
1.38
0.97
0.07
1.53
3.09
0.53
2.39
2.63
0.20
0.26
2.18
0.61
0.02
1.68
1.06
1.52
1.39
1.77
1.99
0.93
0.32
0.73
2.08
0.29
1.01
0.34
2.14
1.97
0.05
1.26
1.76
2.22
0.95
2.32
0.64
1.86
2.52
2.73
2.77
2.20
0.58
1.96
0.88
1.66
2.86
0.53
1.93
3.15
3.13
1.43
0.37
1.64
0.78
2.94
1.58
0.41
0.50
0.01
2.45
2.67
2.98
2.15
0.93
0.45
2.25
0.73
42 24
5.04
2.74
1.16
0.84
0.02
2.25
5.05
0.75
2.06
2.75
1.09
4.38
3.42
0.31
1.83
0.84
1.72
1.35
3.40
2.34
2.11
4.16
1.41
3.98
1.91
2.90
1.18
4.96
2.69
1.49
3.85
2.33
0.73
4.58
0.44
2.52
0.38
4.76
0.81
1.09
4.42
3.96
92 29
1.58
0.07
1.56
0.19
0.02
1.91
1.17
1.90
0.21
0.96
0.06
0.17
0.56
1.39
1.22
1.89
0.52
0.10
1.78
1.92
1.81
0.39
0.17
1.06
1.29
1.83
1.06
1.40
0.43
1.69
1.11
1.43
1.63
1.12
0.83
1.16
1.92
1.27
1.55
0.93
0.52
1.48
1.01
1.61
0.57
0.78
2.02
1.87
2.00
1.44
1.02
1.61
1.77
1.62
1.93
1.84
1.13
1.83
1.69
0.58
1.21
1.76
0.02
0.81
0.87
0.58
1.25
0.80
0.20
0.66
1.88
1.01
0.63
0.09
0.79
1.46
1.45
0.65
1.02
0.66
0.76
1.24
0.26
1.90
0.64
0.02
1.84
1.10
0.33
1.42
0.44
0.67
22 7
5.45
5.23
8.24
2.36
5.67
6.88
3.10
5.65
0.09
7.23
8.53
4.64
5.20
3.32
5.77
2.26
7.35
1.06
2.95
5.09
1.30
2.63
84 34
0.81
2.23
0.56
1.88
1.62
0.27
1.53
0.85
1.62
0.15
1.74
1.82
0.60
0.09
2.20
0.36
1.85
1.83
1.71
0.98
0.08
2.63
0.76
2.61
1.04
1.52
0.08
0.16
0.52
0.43
0.24
1.47
2.02
1.06
0.35
1.17
1.62
0.63
1.32
1.23
1.38
1.22
1.64
1.37
0.18
1.38
2.23
1.26
1.10
2.45
0.20
0.11
0.16
1.78
0.01
0.14
1.37
1.62
2.51
1.15
0.45
2.42
0.98
2.09
1.39
0.87
2.02
2.22
0.42
1.46
1.96
0.71
0.39
0.05
1.26
0.83
2.10
0.96
1.85
0.07
0.37
1.90
2.56
1.77
4 1
10.42
25.36
48.85
15.37
90 7
1.69
1.79
0.10
0.85
1.65
0.31
0.43
1.77
0.37
2.06
0.74
1.97
0.15
0.90
0.76
0.54
1.75
0.06
1.44
1.83
0.83
0.22
0.18
1.77
1.53
1.61
0.86
1.89
0.74
1.63
1.53
0.62
0.86
1.68
1.30
0.46
1.46
1.30
1.70
1.87
1.00
2.00
0.65
0.73
0.81
0.30
1.74
1.91
0.65
0.83
1.67
0.93
0.69
1.21
1.01
2.02
2.01
1.53
1.68
1.70
1.28
0.18
1.55
2.08
1.35
0.36
1.07
0.18
0.21
0.75
1.04
0.74
2.08
0.97
1.25
0.06
1.47
0.84
1.18
0.39
1.22
0.62
0.05
1.25
0.90
1.89
1.84
0.16
1.92
0.85
23 8
3.51
4.57
2.59
3.31
3.31
2.66
6.89
3.78
5.92
2.25
1.15
4.90
5.95
7.38
4.81
4.52
3.13
3.53
8.60
8.82
1.73
3.04
3.65
32 16
1.19
0.07
3.94
4.96
2.11
4.56
3.79
4.70
4.89
5.30
3.19
4.66
0.37
0.10
2.53
2.14
2.65
4.91
5.45
1.01
3.20
2.34
4.89
2.20
1.18
0.97
5.81
3.68
5.88
1.10
5.77
0.46
12 11
12.25
9.15
10.31
10.45
3.37
5.57
6.04
11.83
12.03
1.54
4.24
13.22
56 21
2.61
0.50
1.17
1.92
0.77
2.30
0.70
3.03
1.94
2.71
2.82
0.43
2.76
0.12
1.89
1.64
2.37
1.82
1.46
1.30
3.13
1.32
0.87
1.39
2.28
0.73
2.12
0.77
1.37
3.03
2.82
2.90
2.32
3.01
1.50
2.93
2.66
1.75
2.52
1.29
1.51
1.09
1.59
1.12
2.14
1.55
2.24
2.51
2.85
0.08
2.43
0.17
2.33
0.84
1.39
1.19
83 22
1.22
0.35
0.98
0.62
2.34
2.09
0.69
1.08
1.98
0.67
0.79
2.16
0.58
0.03
0.43
0.67
1.74
0.41
1.11
2.16
1.47
0.72
2.21
1.84
0.43
1.32
2.22
1.91
0.57
0.93
1.32
0.88
0.22
1.88
0.12
2.25
0.40
0.84
1.57
0.60
1.32
0.87
2.44
0.68
1.39
2.06
1.70
1.27
2.21
0.22
1.60
0.89
2.47
2.06
1.85
1.89
1.85
1.34
0.70
1.33
0.19
2.08
1.35
0.32
1.85
0.08
1.09
1.47
2.18
2.43
0.03
1.48
0.66
0.76
2.08
0.08
0.15
1.13
2.06
0.11
2.08
0.36
0.04
68 57
1.77
0.43
2.45
1.21
1.86
1.63
0.75
0.00
0.30
1.93
2.61
0.98
2.08
1.61
2.27
1.83
0.09
2.49
2.24
0.14
0.51
0.36
1.06
1.63
0.13
2.38
0.61
2.44
1.95
2.17
0.73
1.18
2.17
2.22
2.44
2.40
0.70
2.00
1.92
0.73
1.10
2.07
2.08
0.64
1.51
0.05
0.56
2.08
0.04
1.80
2.43
2.66
1.37
2.37
2.38
0.50
0.13
2.47
1.57
2.10
0.92
2.20
2.46
0.67
0.19
0.63
2.06
2.56
31 5
0.81
0.69
5.43
1.78
4.83
4.17
0.43
1.66
5.53
5.78
2.13
0.57
4.48
4.30
4.12
4.26
0.59
4.42
0.74
1.64
1.91
4.63
5.56
5.88
0.62
3.95
2.00
3.56
4.48
4.21
4.84
75 22
1.83
0.82
0.67
0.85
1.21
1.58
0.80
2.22
0.33
1.25
1.28
2.16
0.92
1.65
0.69
2.78
1.77
2.38
0.32
0.16
1.54
2.11
1.13
1.52
1.69
0.56
0.10
0.72
2.46
0.10
2.61
1.55
0.49
0.55
1.11
2.36
0.99
1.47
2.80
2.63
2.05
2.08
0.74
0.02
0.65
1.90
1.22
2.48
1.70
0.69
0.98
0.82
0.42
2.67
2.64
2.68
0.76
1.62
0.57
0.65
1.42
1.33
0.95
1.66
1.95
1.93
0.69
1.51
1.55
0.69
1.44
0.48
0.25
2.20
0.45
65 2
2.83
0.57
0.01
1.56
0.18
2.11
2.14
2.45
2.74
0.29
2.48
1.84
1.38
2.52
1.48
0.85
1.77
1.46
2.69
0.93
1.52
2.79
1.72
0.45
2.15
1.74
0.66
1.99
2.42
0.67
1.25
0.81
0.91
2.32
1.77
1.94
2.08
2.63
0.22
1.58
2.30
1.97
2.22
1.15
1.42
2.71
1.13
2.11
0.81
0.39
2.22
1.67
0.19
0.08
2.11
0.90
1.34
1.75
1.40
0.87
1.91
0.35
2.08
1.14
1.88
63 55
1.58
0.63
1.69
0.10
2.79
1.70
0.75
2.14
0.49
1.66
2.43
2.37
0.34
1.01
0.28
0.72
0.81
2.47
2.53
2.82
1.71
0.30
2.33
0.85
1.37
1.43
2.93
2.43
1.16
2.28
1.20
0.52
2.41
1.73
2.72
1.87
1.11
0.36
0.18
2.32
0.93
2.37
2.00
2.96
0.10
2.83
2.40
2.35
1.91
0.03
1.97
2.47
1.32
1.76
0.47
1.97
2.00
1.89
0.51
2.67
1.32
2.75
0.50
37 8
3.59
2.87
1.35
2.22
3.69
0.22
0.63
5.35
1.89
1.63
1.57
4.69
2.25
4.91
4.41
2.31
2.96
2.00
3.28
4.67
1.43
2.73
0.04
5.22
0.08
4.10
4.30
0.36
2.81
5.01
2.06
0.26
3.67
0.50
3.14
3.75
4.05
21 17
8.57
1.61
3.71
6.04
9.29
0.84
1.66
3.82
7.03
0.88
9.59
5.34
0.16
6.68
7.13
0.45
9.36
8.41
6.58
1.72
1.13
87 21
0.56
0.59
0.14
0.27
0.34
0.53
1.99
0.97
1.11
1.35
0.97
1.94
1.74
1.20
1.66
1.88
0.50
1.59
1.08
1.40
0.93
1.17
1.15
2.02
0.83
0.30
1.40
1.66
1.44
2.07
2.01
1.14
1.10
2.00
0.08
1.07
0.29
0.53
1.82
0.97
1.43
0.56
1.85
1.31
0.68
0.56
1.19
2.09
0.46
1.95
1.82
0.26
1.92
2.17
0.97
0.70
0.81
0.50
2.17
1.53
1.64
0.92
1.33
0.22
0.93
0.76
1.23
1.10
1.55
1.20
0.66
0.91
0.74
1.58
1.08
0.84
1.89
1.55
0.58
2.11
0.73
0.25
0.13
0.31
1.60
1.75
1.69
70 67
2.28
2.41
0.69
2.95
1.77
1.89
1.48
2.56
1.66
1.28
1.09
0.37
1.43
1.40
1.64
2.35
2.41
2.62
1.38
0.19
3.00
1.60
0.71
0.65
1.52
1.64
2.27
1.11
0.23
0.23
0.78
1.02
0.58
1.93
1.96
2.16
2.72
2.03
2.27
1.54
2.23
0.19
0.48
2.56
0.91
0.08
1.18
0.03
1.33
2.62
2.90
1.94
1.81
1.80
0.38
3.17
0.01
2.72
0.55
0.02
1.10
0.24
2.27
1.77
0.36
0.27
0.55
1.02
1.54
0.17
5 3
38.61
8.64
4.94
44.61
3.20
0 0
