6 0 4 3 7 3 1.40
4 7 2 2 5 2 1.80
9 2 0 8 1 8 3.30
0 5 2 5 2 7 0.75
4 3 1 2 8 7 4.80
5 2 7 2 1 8 4.15
9 4 7 3 3 3 0.70
1 8 8 0 7 4 3.10
6 7 5 4 6 3 2.60
1 7 7 9 7 7 4.80
9 3 1 3 2 0 3.80
7 3 5 5 9 9 1.35
1 7 2 5 0 9 3.45
8 4 7 5 2 0 2.00
6 0 4 8 7 0 0.95
0 6 3 3 5 3 3.00
6 2 8 2 0 5 3.65
8 5 9 6 2 7 0.10
0 7 5 9 9 1 2.10
7 2 0 7 5 6 1.00
6 9 1 5 6 7 1.10
8 7 4 6 6 8 0.95
5 0 4 9 9 6 3.40
2 6 2 2 8 4 1.55
6 0 2 2 2 8 1.35
8 2 7 6 5 5 0.70
8 1 7 2 9 2 1.15
4 6 7 3 4 3 4.40
8 0 5 3 3 5 3.10
2 6 0 5 3 3 2.75
5 5 6 9 0 3 0.80
5 7 7 5 2 5 4.35
8 1 7 4 8 8 3.95
6 9 1 6 2 2 0.50
6 6 0 4 4 1 2.65
3 9 6 6 2 9 1.40
2 1 6 7 4 8 3.85
2 2 8 0 5 7 2.35
2 1 9 4 1 0 4.25
3 8 0 3 2 6 2.40
5 8 5 9 6 5 2.30
6 4 7 7 6 3 0.30
4 5 1 2 6 6 4.50
9 8 0 0 7 3 0.40
2 9 4 7 9 0 1.80
8 5 0 9 4 1 3.55
7 2 9 1 1 8 4.35
2 9 0 4 2 4 4.70
5 2 5 3 4 5 3.45
4 9 3 7 1 8 3.80
4 6 9 5 5 2 3.65
6 7 1 1 6 2 1.00
6 2 5 2 4 3 0.80
9 8 4 4 1 2 3.35
4 5 6 3 0 6 1.40
4 3 7 9 3 0 4.20
1 5 9 4 1 8 3.35
2 9 1 7 5 7 3.55
5 4 1 1 6 5 2.20
9 0 6 7 5 8 3.45
4 7 3 9 2 0 3.85
7 9 9 7 0 7 2.45
0 4 8 6 2 4 3.75
6 6 4 8 2 9 3.40
7 6 4 0 6 8 0.60
9 4 9 6 6 5 4.60
4 3 5 8 7 8 0.55
5 2 1 9 7 8 3.50
6 0 6 7 5 7 3.20
6 5 8 4 1 9 3.70
3 7 8 3 8 3 0.35
2 7 2 8 9 3 1.60
2 0 3 7 7 8 1.15
7 9 7 6 9 2 0.35
1 8 9 7 7 4 4.00
6 9 4 4 5 6 2.10
6 9 9 2 4 7 4.45
4 7 6 7 0 2 1.40
9 2 4 1 0 4 1.60
5 5 3 0 9 2 4.15
5 6 1 3 0 0 1.40
6 3 0 0 6 2 2.50
9 8 9 6 6 1 2.20
8 5 0 2 2 8 3.20
1 6 2 0 1 7 1.40
5 3 9 9 4 3 2.00
3 1 0 6 2 0 1.80
4 7 9 5 9 3 4.65
7 2 4 4 0 8 2.75
9 1 5 3 9 0 4.20
8 6 8 2 9 0 1.40
1 9 5 7 8 1 3.00
1 0 8 9 1 0 4.15
2 6 4 3 9 7 3.50
2 9 5 7 7 7 2.65
9 2 6 3 5 9 4.30
0 8 0 4 9 2 2.75
5 5 0 3 9 7 2.75
7 8 2 7 0 9 2.70
0 0 0 0 0 0
