51 48 26 837
0 37 883 649 374 469 552 780 612 480 852 501 105 391 584 39 440 593 223 406 140 425 947 511 619 896 565 152 906 913 883 625 301 117 273 674 585 824 806 196 656 9 49 760 399 984 799 190 577 373 595
716 0 149 894 227 119 789 143 622 46 407 857 670 707 973 943 733 910 118 890 457 773 898 505 533 649 489 683 838 417 407 785 132 555 678 710 25 466 853 647 512 259 503 533 318 827 475 50 736 593 291
545 717 0 188 401 249 836 241 283 26 657 689 810 141 595 487 850 620 304 702 618 815 313 120 700 630 298 174 31 386 118 673 930 835 860 330 435 48 571 718 425 579 406 234 719 1 720 569 972 23 622
589 190 934 0 60 889 915 357 414 945 742 884 617 671 70 829 353 504 228 275 221 652 853 979 237 924 331 956 492 302 330 465 242 519 399 301 759 313 657 173 610 399 408 578 421 477 758 125 980 337 399
553 340 604 883 0 576 527 213 531 370 866 213 834 107 731 584 759 842 249 415 366 858 165 773 787 938 249 897 62 228 233 813 132 573 416 14 148 294 226 31 15 443 243 848 901 325 432 659 166 680 426
531 889 590 655 27 0 879 903 923 941 483 508 753 614 80 520 628 579 813 205 961 827 648 203 26 548 880 809 559 45 840 984 928 80 925 934 107 804 837 29 96 319 536 200 932 967 719 911 546 883 116
858 61 115 61 438 14 0 940 247 572 336 438 555 615 518 480 549 624 635 385 4 730 55 892 929 338 858 999 249 755 233 364 613 293 478 25 82 843 964 680 415 651 118 969 266 635 800 166 610 434 902
613 163 956 504 443 293 714 0 441 541 468 673 256 432 317 85 456 399 928 771 78 342 422 195 662 39 181 814 204 790 247 457 755 762 412 258 204 56 971 997 949 791 669 204 222 338 641 678 736 920 800
165 613 221 712 274 611 892 87 0 166 34 686 622 788 447 33 397 2 89 368 998 389 510 19 592 731 356 584 760 443 503 560 607 115 132 318 741 743 562 827 260 595 864 882 734 662 914 130 664 354 849
13 742 358 31 686 441 738 621 552 0 180 124 463 787 590 947 456 330 689 17 509 300 611 372 181 696 34 447 826 49 800 26 61 894 384 444 931 176 181 903 727 361 378 190 499 968 488 954 649 528 971
157 827 933 881 8 629 266 454 806 314 0 605 831 726 850 566 169 780 741 702 35 820 62 412 361 560 379 848 865 28 375 835 536 201 120 768 208 100 33 661 905 698 266 735 776 115 301 296 247 393 997
281 212 410 44 572 321 423 771 186 802 145 0 372 689 346 491 457 905 590 841 566 494 891 183 581 666 649 233 961 247 977 310 879 189 719 923 112 40 697 883 225 498 27 948 538 724 439 994 629 380 187
546 226 77 728 806 94 728 390 406 975 366 715 0 853 906 786 127 370 825 823 252 401 320 630 348 210 706 138 203 334 518 741 231 743 169 310 900 262 37 641 20 363 358 734 568 264 519 694 633 695 517
236 447 188 217 795 397 274 284 952 959 153 692 189 0 895 861 498 146 474 887 786 493 249 496 579 816 759 449 510 743 496 378 330 942 565 546 88 962 820 372 265 778 524 956 319 771 168 816 916 994 702
54 838 303 549 768 118 659 217 979 401 712 708 730 5 0 273 627 93 586 798 464 850 928 987 157 246 757 677 61 25 22 115 430 859 417 330 627 886 988 195 217 740 258 924 821 262 548 799 354 485 597
169 686 876 508 195 121 264 223 533 640 244 647 421 454 415 0 750 80 653 89 626 869 180 235 144 352 849 44 503 202 528 451 723 214 326 230 760 446 845 982 978 485 225 977 257 678 743 359 110 395 447
87 615 979 322 111 682 170 154 184 723 681 634 445 246 959 26 0 5 404 871 338 734 707 562 62 963 592 804 321 701 199 120 139 165 98 460 275 779 981 428 315 704 461 948 500 58 907 526 415 662 396
752 747 454 666 808 416 257 964 737 309 514 208 447 678 657 907 305 0 787 887 84 101 942 544 49 794 954 307 671 368 320 418 471 419 871 136 578 286 744 541 374 52 54 581 499 84 237 405 388 24 643
471 124 937 367 524 82 672 830 752 391 502 169 861 920 39 349 497 324 0 92 390 50 144 443 630 642 878 867 398 617 242 392 440 365 680 806 241 761 477 70 512 219 923 32 79 194 70 427 691 746 871
432 795 14 226 424 7 104 642 404 720 883 147 159 600 827 316 840 939 144 0 261 451 362 184 834 441 729 904 219 419 1 89 202 795 454 428 570 460 531 212 215 602 446 362 761 397 540 428 236 478 572
497 280 285 32 114 77 760 369 296 531 369 736 732 163 190 511 84 1 41 295 0 216 643 93 577 755 489 116 534 725 945 105 573 225 742 956 338 818 67 706 465 949 74 201 33 588 742 543 671 94 936
318 309 930 762 237 36 250 704 569 326 649 26 250 225 767 557 562 584 624 619 49 0 924 44 601 956 983 694 851 653 787 786 322 448 67 83 36 102 333 740 670 10 740 695 260 964 461 816 877 397 791
847 797 67 890 397 22 872 442 224 876 580 361 198 27 427 632 415 528 964 506 550 326 0 245 244 937 560 57 104 436 805 895 634 601 961 523 997 334 746 790 910 621 369 270 170 748 697 802 162 576 117
667 125 442 263 721 378 822 777 834 609 581 80 242 181 392 116 529 725 861 318 986 833 38 0 256 3 785 952 804 298 879 272 316 4 714 578 724 443 751 852 276 359 432 355 952 964 746 419 844 823 279
513 808 464 550 415 466 687 718 621 984 597 892 652 600 957 229 675 752 980 526 27 690 309 734 0 994 272 831 412 467 5 43 979 165 506 528 579 323 566 297 943 902 893 186 553 844 143 781 518 894 112
43 272 802 703 357 147 326 540 558 792 544 600 770 60 457 649 639 779 215 935 721 116 179 907 668 0 22 401 800 891 646 912 285 269 65 987 978 211 312 517 120 103 412 720 224 472 176 872 110 955 438
396 27 553 926 285 572 299 37 372 189 682 635 825 303 699 811 280 261 474 796 380 928 559 451 151 30 0 627 374 491 933 812 886 311 716 163 596 288 461 632 11 1 666 645 825 320 695 987 599 307 460
746 686 739 304 489 241 686 467 615 176 399 426 414 61 141 576 656 780 37 640 790 389 657 786 214 976 832 0 552 926 490 12 671 528 102 326 16 343 11 482 309 539 232 734 952 292 226 527 300 358 915
291 499 656 947 637 869 274 820 420 199 310 783 221 837 237 898 204 579 909 685 887 799 268 972 750 911 549 628 0 210 906 895 852 405 550 798 393 770 423 212 541 621 521 324 193 709 560 91 912 490 351
948 728 149 215 699 898 478 599 877 39 505 771 891 261 672 40 653 441 463 864 982 83 737 657 276 445 216 718 357 0 57 68 656 784 216 223 834 465 700 432 341 738 288 464 980 900 135 20 904 576 482
120 557 916 856 565 191 652 780 260 360 188 327 16 323 542 238 156 358 289 587 699 378 227 162 358 126 648 377 30 223 0 210 501 131 125 356 695 668 7 826 927 367 365 254 734 687 147 323 842 505 611
781 555 340 359 68 697 484 715 425 865 290 986 365 772 111 72 819 130 431 996 56 797 361 661 882 47 160 204 241 664 166 0 373 570 505 731 637 202 566 351 978 431 992 964 147 764 426 571 582 555 1
577 962 149 289 623 30 336 134 585 928 797 750 300 366 254 30 354 807 595 704 785 377 48 100 876 811 525 446 392 79 446 320 0 392 946 609 366 975 296 499 559 223 295 660 874 12 913 255 717 72 201
421 208 930 468 307 805 630 183 602 373 613 399 692 4 344 652 370 670 947 868 228 521 515 239 746 878 151 1000 595 222 201 367 429 0 130 186 87 286 815 269 887 187 881 285 230 885 980 882 606 649 180
473 228 53 987 466 798 865 968 150 459 190 350 825 970 831 10 57 116 176 677 354 362 558 990 943 794 969 176 751 969 708 223 196 760 0 562 661 909 778 628 58 588 169 759 764 491 941 125 899 56 300
575 761 13 484 750 955 629 70 131 379 38 190 954 233 949 515 245 209 644 225 619 231 393 377 994 235 670 118 133 77 769 708 838 781 543 0 587 87 172 9 569 550 46 758 855 279 706 369 875 267 12
99 885 594 844 613 587 78 282 56 211 359 824 270 196 604 812 134 691 335 142 259 237 540 17 91 170 74 460 44 340 823 495 576 417 338 189 0 355 767 470 411 329 180 234 950 727 190 762 213 232 448
706 490 684 245 858 775 414 284 586 810 623 408 304 199 176 641 739 531 759 560 293 88 740 878 37 466 67 150 30 298 598 736 140 281 332 349 407 0 746 632 992 555 607 400 210 805 927 850 543 809 960
454 101 399 193 979 788 11 45 937 40 695 886 127 186 519 459 534 925 556 166 917 110 772 668 319 928 946 520 822 755 831 275 855 230 820 833 17 830 0 230 305 221 276 191 348 461 709 158 346 985 713
863 253 174 986 272 492 913 218 363 86 972 193 713 826 774 532 11 790 713 592 95 933 867 637 632 679 697 789 376 33 853 239 286 26 224 557 869 489 774 0 231 574 97 776 638 923 901 169 285 691 233
228 137 166 446 125 149 124 173 290 499 205 142 89 490 168 313 399 36 801 172 619 726 269 746 364 543 646 884 179 688 117 406 176 634 851 300 782 326 472 423 0 176 677 565 265 518 84 929 916 119 81
440 737 806 60 482 521 602 480 757 132 167 873 537 343 858 739 994 639 64 466 414 591 494 978 207 11 61 135 927 531 215 366 620 373 425 453 245 378 932 1 861 0 99 225 749 441 82 487 786 73 902
251 486 844 96 463 51 107 875 185 385 757 752 102 376 124 878 829 720 607 760 721 467 210 945 215 2 27 53 788 99 306 38 584 149 486 398 199 592 624 384 328 380 0 487 781 756 610 658 936 329 616
695 401 82 905 698 648 906 724 52 693 174 357 83 109 505 568 858 704 511 481 439 190 212 925 970 319 886 979 254 566 594 301 967 27 205 664 26 462 739 77 507 912 433 0 941 372 937 508 229 992 370
61 430 559 272 706 528 943 591 506 196 157 451 496 475 477 52 490 502 514 228 578 372 491 362 312 862 650 171 442 642 540 502 423 450 125 481 977 67 71 834 263 579 284 110 0 405 112 162 894 613 27
473 542 398 963 903 709 176 904 879 617 897 770 470 320 219 947 152 547 13 222 732 627 153 367 737 909 478 250 803 442 276 275 983 673 590 237 733 117 492 963 734 389 732 555 708 0 950 501 859 848 514
432 579 492 936 945 580 845 774 829 999 215 104 625 549 128 566 137 212 683 628 174 416 16 905 322 75 206 823 285 405 688 69 983 179 356 279 111 200 52 939 550 266 395 175 166 522 0 740 302 734 422
282 259 189 297 164 863 724 721 685 8 126 724 428 460 254 784 739 364 335 790 303 885 408 697 59 573 570 150 227 655 924 860 914 464 508 429 326 231 501 362 591 626 437 18 86 691 801 0 824 406 136
965 708 372 372 756 782 297 678 931 875 684 206 734 597 670 241 377 347 824 878 61 766 855 497 783 292 187 936 467 593 423 432 652 794 155 760 575 803 789 857 677 472 415 762 421 436 355 149 0 782 178
26 842 943 881 691 77 172 229 364 639 821 786 422 825 931 576 936 857 379 724 66 407 547 480 169 967 915 523 116 48 52 493 242 346 725 932 774 249 160 138 239 333 275 660 509 558 587 444 766 0 317
519 831 724 417 662 244 736 928 118 851 328 169 695 569 866 420 852 991 20 363 128 258 47 755 269 555 664 855 350 429 524 220 612 247 637 273 490 372 553 607 574 880 127 620 800 344 391 3 334 410 0
4 5 8 9 12 15 16 19 20 21 24 25 29 32 33 35 37 38 39 41 43 44 46 49 50 51

0 0 0 0
