666
3 9710 7411 8922
10 0646 8805 2945 0016 2772 5541 8560 6082 7784 8393
4 9105 2819 0025 9046
7 4072 6422 1429 5230 9566 4502 4003
8 5789 6973 9225 5249 6007 7468 3778 5676
1 1359
4 0834 1077 1834 4253
5 2437 8443 3328 9564 3272
6 0051 1894 6356 9843 7751 9242
4 5042 0591 2759 4821
6 1895 0567 7245 4086 3258 2722
10 2308 9564 6102 6182 2065 9568 0907 1226 9413 2885
9 9604 5673 1207 7722 1194 0509 8980 8284 3460
2 0838 7523
3 7395 7110 4490
10 4879 6906 7971 2882 9622 6589 7614 0513 9786 3666
9 5730 3865 7317 8143 2584 1064 1619 0207 8697
4 8078 6650 9766 1078
4 4634 7190 8391 0553
8 8970 6174 5955 7058 4999 6000 9770 9617
7 2348 8745 5477 8406 6967 6520 3025
8 6657 9698 2823 8709 7740 4974 0976 6009
8 5726 3299 7784 1286 3287 8739 3692 2276
10 6554 5400 9283 6457 7160 2653 9121 0755 9985 9587
7 8404 1819 9094 0008 4219 6969 0909
2 7989 4466
6 0023 9372 6799 5159 9543 2771
8 6128 6757 9075 1222 3579 9405 5876 8667
6 2734 2792 4830 6489 9341 5774
2 7391 4446
7 2859 6337 0923 4950 2947 1420 3397
1 5590
10 5443 8596 8009 2010 5843 0718 1121 5676 2997 2907
4 0177 3548 7385 4550
5 4982 0558 3998 7596 5374
9 1479 2343 7061 9159 8983 5309 7480 3008 0729
3 8178 3508 7539
10 3896 6770 4557 4356 2038 2017 2488 3724 7472 7093
9 9353 6616 5096 6503 7086 3708 3604 6050 4780
9 5449 1785 0417 5525 5802 6791 3237 0611 8647
6 9011 6728 9883 5050 7352 6951
8 0301 8378 3203 7570 3649 6036 0137 1906
7 1994 2452 8782 4769 9459 7453 1808
10 6594 5293 4024 1833 8953 1422 9062 0931 2231 0251
8 2304 7723 3558 6906 7117 9463 1933 1307
7 8415 9229 2129 9662 4950 0006 7704
1 1910
9 5376 7607 8819 3298 3508 5792 2764 1407 8360
5 7449 7478 3676 5761 7266
4 1195 8317 9753 9059
6 1373 1441 5412 6532 5910 9112
8 6690 1705 3336 9115 1997 9346 8317 2636
5 3505 6771 1990 2042 8880
9 6052 7744 7841 9316 4980 6284 9032 4986 2804
5 2123 7336 9301 9353 7897
7 3701 4824 8252 1145 8433 3698 4282
8 8177 4836 4393 6728 7280 5192 0489 5360
8 8764 1062 5934 9030 7078 5710 8664 3450
8 6682 1853 5388 7934 5886 9805 6496 9285
1 5084
5 4720 7119 1936 3269 2908
8 8491 3816 3358 3739 0984 7397 4736 9111
3 6275 4893 9132
6 9591 1694 3186 4897 3972 6801
2 3052 3615
10 1864 9577 5653 4147 3182 3044 6041 4595 0719 5137
3 7687 2130 7761
3 9375 8723 9205
5 2614 5548 0583 9296 7729
2 8466 9512
10 6154 7922 9523 1844 5061 9816 3358 4848 5156 0275
6 6165 6071 5008 0921 8162 4173
4 0579 6724 1066 6220
10 2984 1175 1709 2705 6405 0615 3820 1875 4538 0471
2 5343 7340
1 1524
5 0544 4433 4098 2643 5627
2 6170 5685
4 9255 3225 7975 2619
3 4338 7210 6545
10 7035 3501 4899 5978 4380 2477 6404 1893 0734 7799
3 5014 4795 2840
7 8450 1473 1939 8274 2143 7553 2814
5 4123 2099 7554 2127 1712
2 2582 0010
7 3694 8668 6091 7867 4179 9694 8733
4 7051 3868 1964 0834
4 1704 9004 6934 8737
8 5292 4868 7117 3753 9019 2339 9936 7976
6 7165 4155 8181 1615 8661 0452
1 8205
3 1104 6675 3518
9 0838 5369 1219 0725 3914 1106 5013 5422 8098
8 0531 6595 4367 3350 4020 4599 2674 2041
4 6810 5883 6833 1441
7 1776 7044 0826 9280 1444 7958 8804
4 1475 0666 8996 1521
7 9079 1821 0264 8217 7367 5910 4555
8 8039 5752 5195 5566 8707 6992 6028 2050
7 0307 6812 5547 8798 1263 4125 1906
3 5852 7586 8815
9 3465 6201 4362 3710 0867 4381 8970 8021 0545
7 4719 3922 3162 1660 4354 5840 3674
6 9869 4241 8605 2406 7393 8284
7 1283 5548 5601 9212 9673 6484 2204
6 7462 3395 9089 0165 1574 2884
2 1059 0633
6 1945 7088 0549 9394 2051 4447
2 4185 1671
9 3343 7127 0938 6169 8899 1575 2180 7292 0721
9 5507 2940 9855 9853 7224 7302 7644 6620 3572
7 3131 7181 3063 3439 6709 1206 6793
9 1607 2661 3237 3949 7476 5595 2815 4824 1866
5 5305 8765 9441 8060 9577
9 0296 6595 1875 8037 4309 6969 2711 6203 3107
6 1402 9009 1354 1822 6002 7833
4 3131 7160 9216 7164
4 0628 4892 0481 6905
7 1475 0554 6934 7245 6286 6875 7184
5 4589 1527 0176 9092 3726
8 4104 1900 8968 3115 4366 5280 7108 7021
2 3683 4203
8 1609 0474 9134 6934 5345 2195 7577 8607
5 9341 6414 9675 1305 5512
5 0237 8714 0323 9279 7659
5 9585 1250 9773 7882 5446
2 7957 8740
7 2872 7003 5888 6264 4952 7307 6038
2 3741 0287
10 6679 0302 8984 5358 0364 3232 6246 0576 8131 1647
5 1118 4718 9263 0848 2865
1 8313
5 6874 3351 0186 3794 1623
5 1408 3087 5641 5502 5675
2 0243 2774
8 6795 2455 8079 4730 1179 2874 7772 0203
8 0899 2327 9378 7198 2339 6972 7722 6859
5 5855 2421 2190 7424 4728
6 7642 2449 3699 8405 9031 9420
4 2081 4448 2233 3798
10 2098 3469 5246 8372 9556 7403 7212 0541 3527 5891
8 0832 5647 4020 2312 9764 2172 3321 3393
8 9510 1891 2281 4969 0502 7714 6305 4196
6 7022 8467 9363 3591 3149 2040
8 0459 2899 9584 8001 3913 3188 4452 6245
2 6231 5921
6 4749 4309 7134 4241 9847 6672
10 8916 1976 6897 0420 1039 6517 0891 4952 2579 1584
10 2548 4364 8155 1431 0569 6947 6702 5451 9154 3807
2 4854 1870
6 2550 0605 8699 2929 6406 6718
2 9192 1147
7 9085 3454 7385 3980 6252 6177 8747
1 2520
2 8353 2736
5 7690 4335 9033 3807 1110
10 7615 2965 9296 9679 8739 9474 4238 9292 1139 0788
10 7341 8909 5842 8468 8437 2000 2192 3153 9025 4894
9 6314 2304 2853 4395 0170 4646 7612 7694 7412
6 2813 8532 6300 0937 1721 6674
1 0141
1 6547
9 2556 8096 8544 2685 0922 7142 3092 9771 9406
7 8000 9392 7984 3510 4534 9122 6991
1 2572
3 7167 5040 7741
10 8160 3603 5647 3051 9556 9026 0711 3701 6710 6853
7 1421 8649 5458 9827 3199 9987 1348
3 9899 7638 3663
8 2903 3137 9415 8908 6043 7827 8301 8979
5 8196 2534 5158 5154 7422
10 4790 1506 1754 4620 0346 2782 1516 9035 7088 1503
3 1707 3034 8340
1 8206
9 8055 6364 1337 4757 5534 6813 5760 5626 6069
1 5554
8 2063 5409 7680 3971 2198 1924 9331 6957
8 3859 0281 8537 2107 8320 1041 6656 8683
2 5947 3400
3 2788 6585 8157
2 6624 1171
4 3374 3441 7586 0839
10 0128 7954 5403 4338 0800 7798 1339 2983 1825 7191
8 2485 6649 0083 8425 6874 2206 9015 0947
5 8295 4001 8413 3550 2518
5 4727 9453 5502 6563 9857
2 0658 8994
5 1969 2108 2537 3970 7352
2 1186 5779
3 4787 8947 3314
10 4976 7122 5152 4950 3901 9547 3497 8133 7871 3311
8 9638 3184 9309 6603 2899 2655 7393 7984
5 6136 8033 6194 5638 2278
3 7044 1999 6610
2 5780 5961
9 1670 8186 9013 5798 5012 2738 3036 6320 2365
6 4475 5486 6528 2996 9905 9013
8 3487 2624 6426 0842 6938 8979 3597 4100
8 8197 3800 0701 0603 2748 7271 9241 4845
6 2531 1504 9234 3145 2950 6774
2 0061 8262
3 0611 5343 7048
10 6691 0340 7456 1854 6774 6582 4346 0070 1837 5030
10 8345 6630 5278 3570 0446 2390 7798 6153 2802 6027
10 1460 4163 9954 6648 2871 6250 5086 1947 2734 4065
6 9710 8708 7200 1111 3334 5206
4 3008 8517 9267 0136
6 6240 9571 5676 2636 0679 6271
6 0450 6831 7464 1771 3825 5253
8 7181 6508 7738 9750 3243 4369 9170 4968
9 0575 0418 3468 0663 9218 9520 1586 9361 5899
6 4706 0814 0628 0611 6716 3278
10 6149 3789 9501 8397 0939 7620 0080 0980 5407 1362
10 1340 6301 9328 1582 7549 1206 0352 1291 9227 0445
10 7031 2360 6318 7677 4083 9219 1155 9250 3679 6464
7 7626 1377 6340 1273 4217 0777 7028
3 5554 6934 7168
1 9819
6 1342 8869 1265 9934 9810 0223
9 0258 1081 3415 6886 9581 8849 0526 5180 3357
6 1992 6025 1904 0631 5568 7247
3 2253 6300 0997
7 0762 6118 9198 7851 4268 7235 4846
3 7702 1661 8326
1 3767
6 3667 7399 0397 2165 1580 1682
6 8411 2587 7908 7760 5224 1228
7 3049 9215 9479 5062 7338 8482 7583
9 3391 7035 1579 3644 9097 7676 4654 9777 3390
3 8102 7283 9653
2 3648 5277
3 6391 4001 1367
2 3867 3214
10 6514 1852 7467 9149 3932 1882 0051 7613 1733 4830
3 0964 1592 4891
1 0605
7 4120 6623 0898 6081 6544 3064 4314
8 5875 0070 5896 1519 7315 6929 3525 8518
9 0092 3160 3752 4837 9064 6627 0223 2119 6251
9 5249 8791 2335 8729 3711 0510 6090 4502 8942
2 9340 1601
8 8639 1403 1614 4201 8733 1651 6580 7095
1 1551
8 3948 0236 5184 5907 9239 2161 4204 1148
9 6096 8367 9410 5418 1204 5194 7448 8884 4619
1 8470
2 1305 1300
10 0480 4100 1022 8815 5847 0449 8328 5539 6974 7042
10 7961 1265 2250 2115 8642 5036 5772 2919 0315 7861
5 8401 7552 8075 3621 1302
3 9681 3190 3527
2 5441 1675
4 6883 8662 1881 4695
7 0310 8098 9973 1387 8942 0774 9158
10 5232 4436 0134 7690 5665 5576 4276 3801 8247 7891
10 3779 1782 4669 3102 1568 8067 7406 7001 9213 7413
3 2885 4027 1957
2 6552 0923
9 0641 2854 1315 3963 4384 7969 1648 5784 3773
10 6984 0047 8237 8856 6512 0920 5614 7057 1514 1458
6 8962 4627 5654 9417 4336 4318
4 0623 7451 6648 9569
3 7399 3075 8732
8 0395 7137 0685 2707 1046 6594 2475 4910
8 6969 6535 5005 6769 8771 0229 9384 5773
7 9273 6090 6081 3746 8475 6737 6207
9 8507 3418 6231 3463 8148 5181 3146 0560 2400
5 2176 2767 8984 9177 6597
1 4600
3 9718 9107 5358
5 4247 9545 0526 7742 2527
8 3356 9916 2404 7630 7957 1247 8998 9325
5 0254 5262 7048 8536 8589
6 1446 7689 8660 8575 8938 1715
7 0573 0012 3904 0586 0623 9552 1706
10 9900 4393 5955 7540 0805 4499 9967 6935 4079 8453
9 4119 3820 3704 0100 4329 8466 3262 9636 1427
9 7307 6217 3516 2387 9296 2901 4462 6624 8853
9 2703 0110 8992 5551 6528 9338 4585 2792 7955
6 1807 9718 4248 8547 3290 3417
10 2712 9408 1811 6643 6257 0713 9394 5468 0626 2574
4 2174 2608 0852 2491
2 9749 1957
6 8910 2321 1272 2793 8947 7170
3 4019 7698 1479
10 3701 4445 6366 7471 5873 2844 8606 8965 0400 8224
4 8626 1738 4854 8954
10 6877 6538 0354 8085 1726 5127 0356 5125 6973 3560
9 0443 4992 2741 1745 5953 0400 1395 1460 5423
6 8793 1735 1021 2756 8835 9589
7 7187 1735 3903 7553 8255 1377 6399
5 8373 6733 1823 3287 4757
4 4840 1698 9770 0101
4 9895 5400 4743 8381
2 3965 5959
3 5260 7101 2867
3 2673 2148 5084
8 6746 9723 9223 7977 8172 7599 2757 7860
4 7505 3098 8468 0787
2 0601 3423
1 0454
4 8549 3340 2637 3090
5 1885 6718 8178 6875 3681
8 0065 3918 0315 5226 2514 5780 8303 7503
9 1184 4228 0032 4859 6647 1229 7254 8920 3971
2 4698 0106
3 4736 6620 8842
3 8678 2926 0308
4 6725 3614 6102 7527
9 5631 6823 3106 0308 1220 4600 0869 9973 3391
2 0592 1360
10 1266 0057 6893 7437 1878 1971 0994 0258 0010 6951
9 2204 0671 3383 9089 1187 3507 9809 2033 8434
8 5753 9559 4983 0050 8430 9760 2141 7091
1 1689
9 4547 2676 7019 9932 2768 3330 0702 8511 8585
7 0250 3576 8240 1272 4633 2109 1920
10 7388 1408 3630 7247 8002 3777 0238 8293 4125 3437
3 4133 9743 9672
6 0832 9785 1645 4631 3401 7934
5 2556 1714 4193 2827 1509
6 5174 6661 2168 0392 9761 1223
8 3782 4752 0916 0011 5179 8703 4852 4465
1 9418
6 3229 5422 9010 9673 6429 1309
7 0126 6583 2248 6692 0018 6230 5942
5 3410 4220 3986 4819 6962
8 8524 1349 9880 3861 9010 9770 7112 0255
4 3554 3049 7876 0858
3 8551 1189 3805
5 4861 0008 2668 8512 6362
7 1695 8944 4544 6502 2521 1998 0427
6 7805 7429 0407 8447 6893 5660
8 9084 3863 6103 9311 9325 7785 5645 2232
3 8651 9630 5906
6 6405 4453 8658 4770 6767 6403
5 1404 5288 2828 7576 0552
8 0085 3345 8798 9762 7098 6212 1771 8059
3 4271 5217 9533
4 7767 8943 5967 6244
4 6247 9237 7116 0335
7 6502 8044 5213 3314 6182 4271 7066
8 7333 6143 0012 0932 6700 5044 8985 8643
8 3929 6991 4796 1215 6180 4665 1475 2548
6 2628 2746 8970 7367 2337 0867
6 5057 1293 7811 5758 9314 4793
6 6999 5493 8621 5213 3490 5005
5 0747 5161 2226 1361 2077
5 5307 6710 6676 6268 3301
7 3234 0315 3031 1144 9109 0730 7950
9 0016 3397 5167 4672 1466 6897 7479 4245 5531
3 1122 6944 3687
7 2795 0544 1049 1407 3262 6519 4438
10 5159 5064 4925 7005 3298 4685 2642 2968 9859 1153
10 0476 3724 9409 2781 1580 4537 4461 5435 0534 1317
2 5100 7964
2 0608 6822
3 5861 2648 8061
7 3436 4149 3114 2490 8452 4316 9982
4 2371 9687 5849 8523
4 4627 7164 9241 1345
1 1228
4 3078 5531 8984 3388
6 1035 1710 5229 4818 2428 0493
7 3455 2728 9583 9060 3065 7048 2970
7 4873 0911 7211 1404 0102 6758 3781
6 2593 9648 1646 0644 4334 2344
4 3918 8232 2950 4212
4 1650 8097 4107 7486
2 0679 3554
3 7904 3309 6920
5 9624 3194 6319 1024 5365
2 8092 2108
3 5165 8284 2939
7 1934 4541 8077 1220 7854 8824 2447
1 6238
9 2234 9216 7573 6186 7356 0164 7910 0508 6303
4 4358 5707 2446 6020
9 4899 7563 9739 3237 3939 7803 3415 1022 9712
10 9486 3809 0882 9829 1451 9560 0963 3485 3606 5820
5 5757 2702 2646 0644 8973
10 5232 1223 2324 8160 2149 8867 3909 0539 3159 5005
9 9668 5606 0979 6797 5348 6414 8436 5105 7200
1 1475
2 7894 0272
6 6248 6691 1193 7082 5393 5304
2 9635 0269
8 2290 0723 6806 3194 3906 7639 6509 6500
4 5462 8533 1652 0377
1 3364
2 0057 2627
1 7118
10 2549 9633 0085 6548 5627 9194 8161 0621 9059 0197
8 0944 2425 8359 4345 5551 0644 2705 1959
5 1190 6824 1432 0981 5271
6 1141 6952 4627 3687 5984 2295
6 4627 6864 6179 1711 0667 6310
3 5644 1718 2744
10 4960 7890 9782 2400 8067 4884 5398 9559 4839 5840
6 8702 8837 7257 4823 7908 1730
1 6211
6 1494 0463 1421 2794 6115 8828
9 3050 8667 8176 0580 2971 2595 6780 1692 6367
7 6053 0971 9765 8350 0280 5633 2172
10 9212 0688 4969 6728 5370 3358 7117 9937 4836 8788
9 4611 2012 9930 5439 3386 6662 0671 3557 8799
7 9108 6715 8645 6461 9832 4572 1859
9 5362 5400 6358 2068 8475 7571 8382 8413 5332
3 9940 4688 0894
4 8771 0134 3942 4212
3 9265 8699 4052
3 0485 1681 6518
3 1431 5713 4336
7 2169 5756 4279 9483 8322 7828 3509
6 1829 6501 8327 1518 5023 9987
9 2232 7446 5983 9910 5973 2795 9915 2225 5906
7 8356 7308 4614 7936 3906 4689 5624
7 8239 8191 9460 6435 8020 1661 9229
7 9802 6982 1608 7131 7615 6142 7848
7 9784 1900 1672 7365 6619 1399 1881
1 3324
1 4861
7 4725 3897 9234 0659 6306 5627 6201
9 8378 9911 5715 8366 1861 3540 9205 4398 1742
6 3361 8677 2632 7482 4641 5258
9 8782 4268 1488 4097 7878 8075 7296 8194 1101
1 6268
4 2626 1038 5123 3823
4 7725 6855 8422 2957
4 8041 5736 5793 5563
10 3863 5655 1499 3291 6294 9437 4442 5638 7276 5608
5 7599 9033 9177 6021 4819
1 8060
1 3278
1 7675
1 2424
6 4046 9152 9003 8895 9682 9521
5 3990 1474 0918 4559 3894
3 8865 9142 1089
5 2920 6845 3707 1136 1924
1 1199
3 0094 2847 1337
5 6445 9999 8901 0603 8747
9 6293 0937 8611 8196 9796 9659 8244 9756 9119
2 9879 7811
4 8679 6352 9374 4684
6 1636 0542 1007 8781 8507 3617
4 6103 1782 9374 3904
8 1866 5704 8466 3511 6776 2284 1282 0096
2 0088 9729
3 3889 2180 1521
2 2282 5062
1 4966
9 8666 5663 7632 4742 7157 5152 3626 1893 2807
5 8563 5345 2994 4953 9214
1 0859
3 8272 8857 4127
3 1852 4434 1156
10 4786 5648 7701 2012 6570 4261 9042 8795 6237 7516
5 1931 1649 7971 3146 3956
8 5333 7465 1811 7956 2260 9484 0043 7192
3 7765 4392 2074
8 0912 5287 7180 2469 2653 0150 6309 0715
7 1288 0989 6502 8277 2066 1642 2447
5 2218 5087 7695 6107 0137
7 9032 7221 8207 6127 5219 9943 4947
4 9204 4526 3121 9801
5 1325 4220 8263 0783 2615
1 5355
8 1070 1115 5867 1435 2933 4670 0461 2432
6 4853 3906 5634 3930 8429 2901
4 2495 5292 9591 7687
7 9022 6533 1431 7994 5222 5474 4964
1 3506
10 6859 1681 6576 4987 8648 7273 4418 3737 2882 8004
7 9100 9819 9833 9376 2751 6131 1775
9 4097 8973 5512 6124 5473 5021 3143 1028 5025
7 3614 7136 0666 1354 8552 0592 8730
5 6508 0618 0830 5123 4885
9 5903 5105 3408 0676 2698 2682 6348 2362 9819
8 8783 5324 8887 8012 3632 1810 2224 8765
10 6439 9903 0634 3939 2662 1279 1391 5024 8988 0695
10 3228 3680 1053 5040 9769 1869 9706 2023 8751 9702
8 5233 6032 9046 5287 8807 4381 1699 6662
2 8204 9439
1 0768
1 5985
6 1092 4190 3557 7766 5786 7896
9 7308 3287 2395 3812 7317 3181 0614 5426 3926
4 4669 3038 7393 5364
2 5935 8939
9 5699 6921 4277 9215 5346 9181 3020 0588 1846
4 6153 9564 8579 3827
4 4379 0327 4186 6506
3 5641 5494 2472
1 2671
10 4443 3161 1083 5472 8480 3716 9849 2913 0729 4819
2 4944 5932
2 3118 6817
9 3419 6964 4680 5936 5592 3069 5039 3879 7543
4 6242 4127 7334 0467
6 7620 8845 6470 9912 2527 0284
9 7779 5396 9284 9751 2667 8289 2900 4753 3033
4 3382 5336 3061 2577
1 0441
4 1864 8139 9727 5925
2 9959 2027
2 7928 2080
9 5490 0107 2327 4845 2271 0510 0694 9106 5718
10 3654 1498 2006 8386 7584 4959 6966 1093 8721 0398
4 9453 5023 5557 0070
3 7380 5904 3822
4 8571 1612 7604 2968
1 5781
2 3311 4646
2 2443 4486
4 8650 4327 1848 9955
6 7810 9497 8127 8289 5748 1281
9 9968 0778 0619 8279 2408 5591 7250 2610 4772
7 4767 8888 0122 2897 9222 5954 6305
3 1362 4263 4730
7 9131 4791 2757 1094 8686 4843 2877
2 6524 8056
1 5268
3 7765 1183 1512
7 4020 2025 9961 9771 5922 8712 4238
7 9654 6243 9455 9205 1344 2460 9937
5 3305 8357 0095 9232 9025
3 2147 1294 0053
2 2364 1817
3 6869 0270 4771
6 2706 0923 7115 5374 8931 1383
10 7175 7447 9844 9250 0114 6371 5628 2957 1075 7065
8 6097 4441 7663 8505 8630 5649 7960 7248
3 2162 1500 1698
8 3157 1792 1915 1431 8654 1803 1072 6594
7 8066 5140 8894 7015 6811 6754 1332
1 1844
2 8646 4708
1 9782
7 1477 0374 2416 0750 6014 5002 2092
6 8357 0698 2276 9986 5864 2481
10 5374 6939 7216 4413 2960 1338 1094 2269 1369 8142
5 6617 8620 8796 1394 7498
2 4568 5682
9 0287 9085 3927 2233 6102 3371 3074 7228 9553
7 2116 3245 7075 2393 6044 5521 6299
3 2145 6676 4298
10 1478 3000 8664 2710 2610 1384 5839 5603 6496 3866
9 4105 7255 0863 0773 4900 1007 3946 6808 1076
3 8694 9701 5054
10 5104 2164 7808 2391 7198 4523 8106 2561 7624 6903
2 2579 3129
5 7183 5356 9974 0527 6208
4 9100 3999 1988 2572
3 5284 6539 1923
1 1296
2 8693 0110
10 4979 9055 2395 6659 6474 3649 5727 3603 4992 9490
1 4022
3 9710 9757 3876
5 1530 2492 1833 9334 4807
2 8338 9612
2 5625 8537
7 5363 1747 7959 4650 7563 0961 5337
2 3455 6082
5 5857 3628 9308 0560 6936
2 5695 9238
5 3791 0043 4383 2037 4928
5 6624 8430 5297 1394 3880
5 3801 4918 3675 9576 7577
7 9059 3104 0007 3025 7231 4570 7406
6 2398 3328 9667 8831 0801 1814
4 3931 1960 0915 1768
8 8221 9947 3140 4990 7758 6641 8626 2515
7 7183 0845 2844 1865 4096 2877 2177
10 3960 2871 6545 1474 3227 2034 3426 5938 2619 0207
9 7773 4235 7766 8422 5606 2524 0833 2335 5122
4 5839 6564 4502 9834
6 9114 7821 0770 8235 5643 4776
1 6735
10 0475 5180 4948 9133 1865 5915 3797 3565 5789 3711
2 2728 0039
10 6369 6438 0771 9002 2373 4739 3238 3913 1736 5145
4 7475 0580 0950 1539
7 6159 1129 0336 2186 4867 0181 3787
1 4661
9 3820 1663 7248 7424 9711 0361 6733 7709 2759
7 9318 3518 4557 7279 7788 4162 0507
6 1544 3870 1377 8128 3238 9830
3 2460 4939 2243
10 9507 5916 9762 8278 2944 6595 3569 8099 3019 8923
2 2697 0248
1 3145
8 9445 0553 5099 0029 7336 0095 0675 0925
9 4251 7464 5548 2609 9655 6306 8063 0189 8037
10 9676 0452 1925 1237 0259 1752 7633 2950 0777 0196
2 7101 9588
3 7491 5021 2449
5 1017 1956 2361 2659 9313
10 6363 6789 7547 7728 8764 1808 0645 1099 5583 1918
5 7964 2567 6984 0442 8107
5 5799 3656 8943 6743 5031
5 4193 4630 7888 7239 8997
6 3190 1911 6823 0654 6841 6768
3 8950 8519 3910
5 6290 4044 2725 5011 0384
10 5860 4975 1239 2859 3060 9497 8149 1761 5779 0282
2 8874 3702
1 5687
10 6305 8949 8771 7089 2092 0786 1266 4949 2587 7770
10 3686 1544 8608 6907 3677 4796 4961 5952 4931 5606
9 3641 4985 4582 1904 4399 8579 9575 3142 3990
5 4142 1542 9829 5903 2042
9 1606 3289 3195 1443 3671 6596 6049 6941 5496
9 5370 9546 5332 1125 3466 0469 4891 6004 4777
4 5719 5249 6911 5901
1 4828
3 3586 6564 8860
9 1180 2226 2517 9276 7852 3420 7966 7779 4107
7 4508 3881 3187 1692 8913 1705 9810
8 0279 4202 0080 9965 3024 7966 6476 6633
10 9153 0402 8868 6785 9959 7102 8464 2723 0677 6440
7 8531 1680 7806 5154 2166 9192 7292
10 6258 8553 5845 0983 2393 7267 5040 8156 1856 5422
3 5537 3304 0206
6 9737 5612 1943 6912 3753 8209
3 1549 6903 1351
10 4613 6535 1080 2341 0047 9382 7564 3527 8713 4996
6 0760 3004 2823 3959 7165 1857
1 5987
3 1944 2713 0994
2 8140 5215
3 4519 6209 0084
2 9257 5250
5 1730 8197 7289 9716 4811
10 1064 9028 4400 9558 0637 0851 8988 1856 4704 1767
9 8052 4065 2068 9239 5105 7983 9442 3197 1853
10 9732 2504 9456 7194 9329 7572 0517 4700 1969 4760
1 5580
9 9758 3059 8742 0839 6048 6465 6315 9351 5314
7 2248 7865 9778 2653 1581 2938 2018
10 1437 3084 8350 5843 3873 0096 8634 0687 5769 6539
7 1436 5442 2153 5568 2584 8817 8065
4 4436 7753 4159 8551
10 6667 4989 7683 0026 5914 5805 0910 3485 7908 5424
4 3042 4455 7832 9246
10 0855 2771 2604 6035 4860 6786 3850 3898 9618 8134
2 5766 6426
7 6775 2901 5934 8041 3259 9803 9385
3 4232 5156 8789
6 7301 2706 5348 3061 7596 0377
7 8658 0357 0193 4722 7752 5712 6510
4 3399 3700 6154 8758
10 5694 5967 7991 8563 8448 4897 4909 6824 5805 7252
6 0569 4660 3377 9615 5108 1260
6 9221 7921 5358 6197 1138 6601
7 4281 8765 8390 9739 6006 8766 0694
9 0673 3726 0428 3030 2463 6089 7320 8045 2330
1 8386
4 5824 7090 6173 5813
1 7977
9 6485 8739 5036 5951 5373 3917 9992 2977 8936
9 2522 8472 1081 9084 6575 9708 6015 7427 3073
4 4847 9971 1657 4660
8 0848 1271 6203 4282 5121 9229 7594 4418
