10
1 23 7
94
25
14
63
17
89
65
38
49
14
59
30
60
65
90
57
64
87
35
52
21
69
77
48
9
16
98
32
56
54
8 20 11
11
81
12
13
91
59
9
12
92
42
70
1
34
38
54
69
72
66
74
90
97
39
34
72
32
47
60
24
78
56
79
3 10 25
81
63
94
16
49
36
64
70
88
28
90
2
32
42
70
94
25
45
79
4
93
22
95
71
93
48
36
38
59
34
20
19
61
2
36
4 19 12
77
54
65
49
100
78
37
39
83
5
11
55
24
88
22
48
15
97
86
51
76
50
83
20
33
8
84
31
55
92
5
2 13 19
69
85
72
76
97
90
47
1
9
69
10
51
88
86
41
24
35
20
52
73
87
32
27
23
61
92
39
93
75
73
93
24
3 7 23
74
60
40
47
40
56
45
99
94
13
62
37
53
27
86
93
94
92
56
45
86
51
74
51
40
66
89
54
81
58
1 6 4
71
84
57
95
31
40
62
64
26
29
9 4 15
27
94
23
9
91
7
74
72
84
75
59
62
65
63
18
42
72
18
1
6 3 24
51
31
18
43
89
57
65
100
80
83
94
19
33
74
86
83
37
98
4
66
92
15
32
75
8
41
68
2 17 1
50
18
65
68
86
10
86
58
72
97
16
64
59
19
60
59
91
99
