2
3 18 41 57 68
4 22 44 46 70
10 23 54 73
14 26 32 51 61
2 29 39 49 62
24 68 75 26 20 42 5 13 15 11 53 73 10 3 4 67 59 16 64 28 51 41 74 2 52 27 31 38 61 1 23 8 9 22 46 25 6 65 36 32 58 55 45 56 50 72 7 21 35 18 39 43 14 17 71 47 33 70 57 34 44 19 29 60 63 49 62 40 69 66 30 54 37 48 12
10 17 39 49 64
12 21 36 55 62 
14 25 52 70 
7 19 32 56 68 
5 24 34 54 71 
1 2 3 4 5 6 7 8 9 10 
11 12 13 14 15 16 17 18 19 20
21 22 23 24 25 26 27 28 29 30 
31 32 33 34 35 36 37 38 39 40 
41 42 43 44 45 46 47 48 49 50
51 52 53 54 55 56 57 58 59 60
61 62 63 64 65 66 67 68 69 70
71 72 73 74 75 
