1000
70 57
59 44
62 13
53 31
79 29
91 36
79 68
81 43
95 43
70 59
56 50
51 43
69 18
75 51
84 61
77 46
91 47
55 26
52 26
93 25
90 10
97 47
82 29
61 29
52 52
83 70
74 11
61 62
73 65
54 63
88 51
100 44
71 66
66 12
90 28
67 25
90 30
71 56
71 61
89 60
54 62
84 62
90 27
70 58
82 22
87 60
87 41
78 57
71 21
82 69
57 19
60 65
82 41
91 34
72 46
50 22
94 56
61 48
62 38
64 26
85 12
56 22
50 11
77 42
60 24
72 14
87 13
83 54
73 24
73 46
82 65
77 19
83 49
61 63
70 56
93 13
63 21
99 32
92 20
54 60
80 21
51 40
68 44
57 62
94 20
76 31
56 18
63 35
82 24
90 54
98 25
88 22
82 64
91 58
87 50
52 41
54 23
53 53
72 52
66 18
63 32
87 10
50 54
81 64
96 35
100 41
56 33
94 54
83 11
52 52
71 17
94 51
74 60
81 70
79 44
72 56
60 66
91 21
51 63
74 58
90 43
61 55
98 31
71 27
72 53
52 40
51 67
80 39
97 29
83 28
81 67
72 54
90 45
60 17
83 39
83 66
55 40
84 14
84 15
60 14
80 31
75 58
77 26
93 27
89 67
88 41
53 70
58 16
100 31
83 53
90 29
84 64
64 41
90 10
72 16
75 26
59 46
69 54
55 11
58 56
60 69
93 53
95 45
94 41
77 17
54 47
63 67
67 59
58 52
65 11
78 60
64 31
88 64
89 68
86 47
99 63
62 54
73 52
85 56
55 12
50 53
51 44
90 47
90 61
80 22
90 10
54 58
56 61
81 28
51 70
75 39
63 40
82 26
52 46
83 48
77 34
87 65
81 31
58 63
89 24
92 46
77 51
83 51
72 43
83 61
82 64
82 14
89 38
75 15
64 11
64 16
90 22
96 11
62 16
53 14
87 21
70 55
80 10
80 51
99 42
57 10
95 56
66 23
61 56
86 67
84 68
69 26
89 59
53 29
52 10
92 56
56 61
72 20
65 40
59 14
61 49
99 41
68 36
68 57
60 20
58 36
89 34
84 47
96 67
63 70
63 62
57 63
64 40
81 38
93 55
95 50
72 34
97 29
75 42
97 10
95 17
75 12
93 46
55 54
89 50
87 12
84 40
58 60
92 28
62 48
83 41
59 68
50 12
92 67
71 44
72 39
54 64
81 47
50 51
70 69
80 50
68 42
87 68
99 35
70 39
72 56
75 59
57 43
64 30
61 65
59 65
91 22
88 21
62 46
51 63
81 15
85 52
56 66
92 53
92 33
84 15
70 18
68 29
94 57
67 19
75 32
55 58
66 37
67 23
51 62
55 46
91 11
59 61
59 12
74 43
83 69
98 19
89 34
98 25
98 17
57 35
68 16
57 51
91 22
97 56
86 11
62 36
64 18
63 54
67 69
78 27
98 66
76 22
54 37
84 66
64 52
68 34
52 18
69 60
80 64
80 52
90 33
77 34
50 32
91 27
94 50
99 41
83 40
72 47
64 69
91 29
82 22
73 67
55 24
71 60
86 60
76 36
65 20
88 49
63 43
60 21
78 41
89 49
82 23
76 58
58 26
60 69
74 44
62 19
95 68
72 19
53 43
85 62
98 21
92 36
58 40
59 34
96 26
91 30
73 56
58 37
66 51
80 62
99 21
90 48
93 26
55 31
52 63
81 27
69 70
90 60
72 26
70 27
77 36
67 27
91 32
83 33
80 17
90 32
73 12
50 40
69 47
89 11
90 65
98 23
100 36
77 56
95 29
52 17
77 49
84 57
73 25
66 43
65 10
89 69
63 50
92 55
90 69
77 29
67 25
78 44
73 25
60 14
83 52
62 13
70 67
88 49
78 57
58 55
96 54
83 46
64 49
81 41
53 46
93 37
83 12
53 59
88 27
91 10
92 26
88 60
56 49
79 66
59 37
81 65
56 43
67 33
54 46
89 62
62 28
50 20
96 57
52 43
87 40
78 57
79 48
60 22
77 70
82 58
72 13
84 39
91 69
100 13
64 31
85 40
50 58
74 18
79 44
97 69
89 32
94 23
61 50
88 21
72 51
64 63
87 43
61 19
53 11
73 25
81 20
74 43
99 18
95 68
60 53
53 41
74 60
94 51
65 18
68 41
87 20
99 32
81 50
69 50
100 12
70 67
53 34
63 51
67 44
50 64
63 31
93 30
50 28
54 12
75 24
75 37
80 37
78 25
88 21
100 62
88 19
97 48
69 35
79 10
52 28
98 58
96 29
56 58
78 24
83 15
81 12
61 27
99 14
72 44
66 39
58 18
68 38
58 53
95 13
77 37
90 25
95 15
67 65
55 43
56 33
100 19
81 58
89 40
82 70
81 49
92 33
91 56
66 49
88 29
72 35
61 10
60 67
90 26
55 28
66 55
84 50
60 28
99 65
65 52
89 14
65 13
61 10
61 12
58 16
97 27
56 56
84 52
75 60
63 33
58 64
79 61
78 55
60 43
67 67
64 18
64 50
87 31
57 60
91 51
73 58
91 25
69 69
70 34
72 20
66 46
94 58
76 19
70 61
70 49
64 16
85 16
86 30
67 24
93 13
60 53
90 41
54 19
81 55
73 26
95 25
93 40
53 59
65 29
70 11
88 43
60 68
84 21
84 57
62 67
70 35
98 10
92 43
74 65
85 47
73 53
81 66
95 65
63 52
66 17
76 41
85 42
65 50
71 25
80 39
86 17
78 49
84 51
59 37
56 21
83 32
58 34
92 48
96 47
87 39
70 25
81 44
67 31
58 64
93 24
58 43
94 65
79 33
81 27
95 52
54 17
67 61
84 44
69 25
73 28
86 56
83 10
58 40
83 12
51 45
65 41
97 40
89 39
51 57
56 16
97 12
62 57
73 35
98 16
95 11
60 10
62 12
56 38
74 10
53 29
57 66
53 27
93 62
86 60
99 13
57 18
55 12
56 35
55 13
57 45
71 18
79 12
92 66
54 60
78 53
56 19
99 24
82 64
61 33
50 58
62 52
81 33
86 39
54 56
81 32
53 60
52 36
58 26
72 55
52 11
58 36
89 61
84 19
85 41
81 35
50 46
95 11
90 57
55 32
50 54
75 58
68 51
64 70
65 47
81 15
66 63
87 31
78 48
61 20
63 37
80 18
85 44
78 46
74 66
59 67
71 50
90 26
60 61
60 63
63 64
75 33
71 69
71 57
64 54
60 42
54 54
71 13
99 39
98 22
76 53
65 26
84 16
99 14
56 20
79 36
60 13
73 32
58 69
79 12
89 13
94 45
61 56
75 56
65 11
51 28
62 34
88 11
69 58
62 27
72 20
61 18
70 24
85 17
77 54
50 48
89 51
96 11
92 49
70 45
80 54
98 65
65 40
53 23
63 13
53 65
57 52
82 65
92 44
75 51
86 31
53 65
95 24
89 11
79 46
63 38
79 28
71 21
81 43
60 47
80 47
63 54
99 39
99 30
55 63
88 15
54 64
83 18
78 32
77 45
68 47
62 40
83 34
72 11
75 27
64 10
88 59
86 43
89 49
83 30
70 63
74 56
68 68
50 67
67 46
91 64
77 55
84 43
100 26
98 32
77 40
73 21
64 17
87 35
89 18
82 35
65 61
95 32
73 59
68 16
65 66
55 59
87 44
73 51
96 62
86 27
71 69
61 40
97 41
82 13
81 56
52 46
98 54
88 19
84 39
81 42
80 34
83 46
90 38
84 66
51 31
58 12
52 19
67 46
97 58
95 11
99 64
67 49
52 25
75 49
79 58
51 11
58 55
77 24
75 30
95 24
73 66
81 30
75 14
83 43
63 13
62 63
62 54
72 55
75 69
66 29
50 69
98 51
54 43
90 34
54 18
98 15
52 39
77 64
97 31
68 30
59 63
62 55
68 48
75 37
56 37
90 28
52 62
55 42
55 21
71 54
70 40
98 48
58 49
57 33
64 32
82 23
92 25
80 43
52 23
95 29
61 64
97 35
58 25
99 29
52 12
72 33
86 20
79 29
99 48
60 21
56 45
60 63
65 26
96 54
78 59
66 26
56 70
65 29
89 34
81 22
56 49
94 55
67 20
100 53
79 12
54 31
94 65
61 17
81 56
66 42
90 55
73 25
91 59
91 66
53 14
80 33
69 48
89 62
89 67
100 35
84 64
60 69
95 30
59 70
94 26
58 56
74 14
88 37
56 35
61 53
99 57
85 40
54 16
96 12
67 32
67 70
72 63
100 26
67 51
92 45
97 58
82 20
81 40
50 35
80 59
61 37
65 52
85 20
100 69
85 22
98 44
83 50
66 26
63 33
72 50
52 26
84 65
74 25
72 41
78 64
96 40
99 18
59 61
82 69
58 34
91 58
91 12
64 10
67 55
59 14
88 23
96 41
60 23
66 31
87 37
76 40
91 16
97 21
52 27
91 48
82 35
68 66
62 58
70 39
86 59
65 35
93 33
