666
7 7 13 1
4 7 15 1 6 9 2
18 3 18 17
3 12 16
17 9 16 8 20 20 19 19 5
5 17 5 12 12
18 12 9 18
4 16 7 1 12
15 3 17 6 11 5 1 19 16
9 15
5 11 5 2 14 17 5
20 5 1 5
16 11 1 19 12 7 1 8
4 12
14 20 16 14
4 18 16 8
10
7 13 16 11 5 12
1
3 19
9 12 20
15
16 8 3 11
8
10 3 6 1 4 1
16 8 2 1 19 12 13 13 14
5
14 17 6 8
2 7
4 19 13 10 1 7
13 11 19 11 18 7 12
17 15 14 1 20 17 18 14 10 14
18 17 12 16 2 16 7 6 17
4 3 19 6 13 1 4
13
20 19 19 20 19
17 12 4 2 2
18 6 1
1
8 9 5 4 3 15 9
15 4 18 19 9
18 19 16 16 13 13 19
14 12 13 4 9 13 6 1
14
7 17 3 1 17 10 15 1 7
1 3 15 19 18 2
2 12 10
3 14 11 12 18 16 4 8
13
9 7 6 6 16 13
2 18 6 16 12 16
13 18 7 4 19 14
13 16 1 2 12 5 2 4
7 13 15 13 18 3 5 15 4
12 12 17 7
1 16 15 4 6 9 13
4 6 12 7 2 13 11 10 19 3
3 12 18 7 18 14
9 5
7 13 8 14 7 3 19 7
9 11 13 20 9 6 4 19
14 13 2 17 16 12 15
5 7 13
6
13
4 19 8 15
15 3 8 19 14 8 4 17
10 2 11 4 18 7 15
11 11 11
11 16 14 15
10
9 4 2 3 18
14
9
19 7 19 20 9 2 10
8 2 6 18 4
20
14 14 20 3 10 20 18 12 14
4 7 5 12 4
10 14 7 19 15
5 14 9 10 11 12
2 10
7 1 10 16 12 8
6 14 3 12 11 14 7 5 4
3 14 6 18 18 19 6 20 1 9
2
8 8 11 10 16 3 17 14 20
16 11 12 2 18 17 17 17 19 10
9 19 13
18 14 15 19 7 5
15 7 15 2 9 3
20 5 3 11 16
8 4 12 16
13 10 15 11 3
9 16 14 7 14 18 4 8 5 11
5 5 16 5 1 18 7 9 13
12 4 1 18
11 12 18 13 12 6
17 4 13 15 20 13 11 10 13 7
20 11 7 17 17 15
2
16 3 16 3 5 19 1 9
6 20 7 2 4 13 1 16 15 2
1
20 4 5 9 20 11 1
9 17 8 16
12
11 20 16 9
14 10 2 18 2 10 12 3 2
1 13
6 13 7 8 14
16 2
3 12 10 9 3 1 4 3 11
12 4 6 13 5 9 7 6 20
11 7 4 3 5 12 8
19 1 6 14 13 7
7 7
1 17 17 12 12 2 16
2 14 14 13 20 4 19
19 15 19 18 2 9
7 2 3 13 15 9 11 11 9
7 12 11 20 19 7 1 12 12
3 16 4 10
11 8 11 12
1 19 10 3 3 5 11
15 11 4 14 14 6
12 4 6
16 19 18 11 14
16 4 7 18 16 3 19
12 1 20 16 4 5
6 9 16
6 20 3 10 5 18 5 15 15 7
13 2 12 19 11 19 13 1 4
2 16 12 17 20
14 20 1 13
1 8 15 17 5 11
11 17
15 10 3 14 20 2 6 1 17 2
12 6 2 4
15
12 20 20
7 14 20 3
11 5 12 2
1 5 12 1 18 10 13 6 3
10 8 19 13 19 13
2 4 7 5 2 12 4
8 7 20 19
19 12 12 2 12 1 3 16
6 1 16 13 11 20 3
6 4 19
8 20 16 4
3 10 15 13 9 13
13 15 7 13
2 11 14 14 6 19 4
1 19 3 5 17 6 4
13 19 11 7 8 18
17 10 15 1 16 2 13 5 15 4
9 1 16 4 18 9 2 12
18 9 20 6 2
8 20 18 5 19 6 7 6 6
7 19 18 1
8 1 14 15
3 3 18 14 19
15 19 13 16 17 12
14 9 6 20 15
5
9 15 18 1 8 17 2 14
18
6 15 2 4 2 16
6 3
18 9 4 6 6 15 12 8 19 11
6 8 17 5 4 10
7 19 6 12 13 7 7 7
1 12 8 10
16 13 6 2 19 17 9 10 8
15 7 5 19 3 6 17
4
4 8
10 14 5 10 6 12 12 6 7 16
20 15 20 1
19 9 18 18
8 12 18
12 1 9 15 8 8
14 12 6 11 3 9
2 4 11 13 18 3
1 1 1
10 5 18 1 2 13 12 14 2 6
1 2 7 13
17 7 7 4 20 10 7 13 20
5 20 9 18 10 19 2 19 19
11 3 1 12 8 14
1 12 9 11 20
17 16 15 19 2
18 10 3 9 10 12 18
6 8 19 1 19 13 13 2 12 7
13 18 14 3 10 1
5 7
6 13
7
19 16 11 9 16 16 16
8 14 18 20 8 9
5 13 16 19 16 17
19 1 5 12 18 9 2 4 7
19 17
14 12 8 11 19 13 8 19 20 9
5 1 3 15 8 19
18 19 9
8 9 10 11 7 2 10 4 13
7 20 6 18 13
8 4 13 15 8
18 2 13 8 6 11
6 19 6 6 1 17 13 14 18
18 4 14 18 1 3 2 6
5 10 17 13 15 14 6 20 13 4
11 9 20 17 15 12 5 7 5 2
15 5 19 12
14 5 3 3 9 4
13 19 4 11 10 17 14 19 19
10 15
2 19 14 18 12 19 12 9
3 6 3 19 8 17 20 3 8 12
3
2 11
20 10 9 10 4 16 3
2 20 18 12 12
13 6 11 15 5 10
4 13 3 7
5 1 7 16 7
5 7 7 20 15 1
8 1 4 19 12 9
9 12
5 1 1 8 13 3 7 18
7 4 7 5 1 3 12 20 2 18
20 5 20 3 3 3 3 6 12 14
16 15 16 16
11 14 16 10 20 19 16
12 18 19 11 11 16
2 20 2 4 15 4 19 20 7 4
15 18 11 2 17
15 4 14
3 1 1 14 18 20
20 7 5 2 7 6
13 2 7 12 8 11 19
20 1
16 13 9
6 14 14 6 7 19 15 18 14 6
10 19 2 8
14 9 2 18 16 12
10 12 16 4 19 20
10 17 18
2 4 5 8 1
5 17 20 4 18 19 19 4 7 12
14
8 3 19 15 19 9
3 19 10 20
3 16 10 2 8
6
2 9 2 20
5 6 11 17 20 6 4
16 18 4 4
6 14 12
19 6 13 20 7 12 10 12
4 1 9 3 19 5
9 1 20 6 16 13 1 5 9
7 14 18 10 11
15 15 7 1 19 9
14 12
2 14
18
11 10 13 17
18 17 1 6 1
11 11 8 14 18 2 20
2 18 13 5 11
17 4 9 19
3
2 7 17 6 4 14 18 1 6
12 16 3 5 14 16
10 17 14 14
4 17 2 20
20 12 19 20 14 6 17
1
9 14
4 5 15 19 1 20 14
9 3 9 2 16 5
17 4 6 8 7 5 7 20 2 15
14
11 7 15 14 3 9
15 8 18 11
20 11 9 7 7 18
10 15 2
11 20 8 12 15 18 6
20 4
6 7 4 9 1 3
3 10 17 6 18 3
7 17
2 18 2 12
9 16 4 19 13 5 18 16
15 14 8
7 11 9 9
18 6 18 20 18 4 17 3 17 6
9 15 4 16
14 8 15 12 3 7 18 17
1 15 16 2
16 19 9
10 18 8
20 17 4 15 5 18 18 20
12 19 2 15 1 20 12 9
5 3 1 6 18
16 18 12 5 7 19 3 6
6 12 11 15 1 2 2
20 15
13 6 2 13 3 6 8 15
17 2 18
13 2 20 3
17 10 1 8 12 8
14 9 12 5 16 1 9 1
2 3
1 17 13 17 18 10 2 2 4
5
9 14 12 16 5 19 15 10 19
7 14 19 15 15 12 8 9
20 18 15
7 17 17 9 20 9
10 17 18 1 4
19 19 4 18
10 3 6 16 9 18
18 20 15 7 6 11
2 19 13
8 17 3
6 15 8 20
18 15 15 13 4 17
11 6 8 6 15 19 1 1 4
5 18 1
10 6 4 4 2 9 3 1 4 10
4 10 6 4 10 3 3 8 7 1 10 9 7 2 4
3 5
1 7 1 1 1 1 6 2
7 6
8 3 5 7 1 8 6 10 4 7 5
7 5 3 6 5 9 7 5 9 9 10
4 9 3 6 1 2
8 10 2 3 9 7 9 5 5 1 3 10 3 1 6
3 2 7 2 6 4 8 4 9 5 4 10 4 10 8 3 2 10 4
8
3 6 5 3 1
3
7 7 3 6 10 1 10 3 10 3 2 9 7 5 1 10 5 3 10
4 4 9 6 6 7 6
4 9 4 8 4 5 10 5 9 2 7 10 10 5 7 2 7 1 4
10
9 6 1 7 3 3 4 6 1 9 6 6 3 5 10 1 6 8 2 8
9 1 10 5 8 10 4 8 7 4 3 8 10 5 2 5 2
7 10 7 4 2 7 1 1 1 8
9 5
2 3 8
2 1 9 1 7 10 6 9 4 10 7 6 7
5 3 9 7 10 4 7 10 10
2 10
1 1 3 9 3 9 1 8 9 4
1 6 9 1 10 3 10 7 5 5 5 4 6 4 8 7 5 7
9 1 4 3 1 4 1
10 1 2 5 1 3 6 4 4 4
8 3 5 1 10 4 6 8 2 1 8 4 6 1 6 2 3 7 1 2
8 10 8 5 5 1 9 4 2 6 6 9 9 8 2 4
6 5 8 3 5 3 4
6 10 10 10 9 1 7 3 5 10 1 8 3
1 9 1 2 2 7 6 9 1 3 3
7 5 9 4 4 10 3 4 1 2 9 5 3 9
9 8 6
7 10 6 5 10 9 7 3 5
10
5 4 9 1 4 2 9 10 4 7 4 10 8 1
10 4 6 8 8 7 6 6 9 10 10 1 1
8 8 3 8 3 4 6 3 9 4 6 8
5 7 8 8 4 7 7 2 2 4 1 4 3 3 4
1 7 9 10 2 4 5 4 2 9 1 2 9 9 6 7 9
7 3 4 9 6 6 4 1 8 9 10
8 5 1 9 1 6 4 4 4 5 5 4 5 10 1 5 6
8 7 2 4 2 7 6 10 5 5 6 6
9 1 2 4 6 6 9 2 2 2 7 4
9 6 6 9 4 9 2 6 5 9 7 2 3
6 5 7 8 7 10 4
5 5 10 3 8 3 6 9 10 3 7 6 4 10 1 8 8 9
2 8 7 6 4 5 2 6 8 7 5 4 4 6 7 3 9 4 1 10
7 1 8 7 1 5 5
6 8 5 4
7 1 8 4 5 1 7 1 9 9 1 2 2 2 10 8 9 10 8
2 4 1 10 9 10 4 4 5 4 1 5 1 4 2
2 2 2 4
5 4 3 3 4 10 2 5 3 5 7 4 5 7 9
2 9 8 4 4 1 7 5 2 8 8
3 1 6 7 6 1 8 7 5 2 1 2 6 5 10 4 3 2 8
1 6
2 4 6 10 10 10 4 1 5 10 6 7 7 2 1 8
5 8 5 1 3 7 8 5 9 8 1 10 7 2
3 5 3 6 5 7 7 10 5 5 3 8 5 6 1 9 5 8 1
8 2 4 8 4 5 6 7 10 9 10 4 4 7 8 10 6 9 5 10
4 10 4 5 4 3 5 3 8 5 6 4 4 9 8 1 5 9 9 6
3 1 4 8 1 10 9 3 3 3 4 8
3 5 10 10 1 7
5 5 6 1
7 7 10 1 9 3 8 2 4 8 6
10 8 10 9 10 7 10 1 7 6
10 10 10 10 4 6 8 2 6 8 1 10 5 4 6
3 4 8 10 6 8 1 2 7 2 10 2 9 4
6 3 3 1 10 5 8 8 7 8 4 2 5 8 10 7 4 10 9
9 2 4 2 3 7 2 9 10 1 4 4 6 6 3 2 6 2 8
9 9 5 10 7 8 1 5 8 8 6 1 3 9
1 4 10 3 9 3 8 6 8
9 8 7 6 8 5 3 8 2 2 8 8 2 7 5 2 1 4 9
2 9 8 2 4 6 10 1 6 10 9 4 9 7 1 5
8 4 10 6 5 6 2 9 7 7 7 8 2 1 8 2 2 1 9
4 3 2 9 3 8 10 7 10 1 5 3 10 2 8 8
4 10 4 3 3 6 10 6 10 1
3 10
8 6 3 9
2 9 7 1 10 6 8 4 3 3 5 8 5 8 6 7 5 5 7 9
10
9 9 9 10 3 3 1 3 1 3 4 6 1 8 10 5 2
1 4 6 6 10 4 6 6 6 7 9 2 5 7 1
5 8 4 7 1 8 2 3 7 3 7 8
1 7 5 6 6 8 3 3 4 9 1 7 5 10 9 3
10 4 9 10 1 2 4 9 6 1 7 9 10 9
4 4 4 8 7 7 8 9 4 2 8
8 7 6 2 7 7
1
3 1 6 2 9 2
6 2 3 4
4 3 3 2 7 9 9 5 6 2 3 2 8 5 4 2 3 8 4 8
2 9 9 9
4
7 4 2 8 10 2 9 6 7 2 1 9 1 5 4 4 7 2 9 7
10 3
3 2 3 2 1 9 5 5
6 9 2 3 10 4 3 3 9 6 8 5 9
3 10 2 6 2 1 8 3 3 1 4 4 5 8
3
7 1 8 9 5 6 5 3 3 5 9 7 8 10 9
1 4 4 4 4 9 7 8 6 10 9 10 1
1 2 5 6 10 1 10 4 8 10 10 7 9 10 1 10 3
6 7 1
8 5 4 9 5 10
4 2 2 3 4 1 8 1 10 9 7 1 9 9 10 1 2
10 6 3 6 3 9 1 1
10 9 6 1 3 8 6 5 7 9 5
7 5 6 6 7 9 9 4 1 4
8 6 8 10 10 10 9 9 5 1 1 4 7 5 10 7
5 7 9 10 4 6 1 4
7 1 8 6 8 7 6 8 7 6 8 1 7 10 5 5 4 4 1
7 5 1 9 1 8 9 4 8 1 1 10
8 6 3 7 4 9 4 5
1 1
3 6 6 9 3 6 7 3 3 7 6 2 9 8
6 1 6 10 9 9 10 2
6 5 8 5 1 10 3 6 1 5 3 9 9 5 6 6 8 4 4 1
1 1 10 1 1 2 4 6 7 9 2
2 8 10 9 8 6 1 9 4 7 4 9 5
5 4 4 8
8 7 7 2 4 5 2 5 1 9 9 1 8 7 8 3
8 6 1 7 10 2 10 7 5 6 4 1 1 3 9 9
5 8 6 8 6 6 8 4 3 7 8 2
9 5 4 9 6 3 7
2 5 2 4 3 10
5 9 3 2 4 9 9 9 1 5 7 4 9 4 2 6
3 1 8 7 1 1 1 2 7 5 4 6 2 8 4 5 1
1 8 5 7 6 10 6 1 1 3 7
9 4 2 9 5 4 3 1 1 6
5 3
3 10 7 2 6
5 10 9 8 2 5 2 9 4 7 2 4 3 7 6 3 7
9 9 6 6 3 9 8 9 2 3 4 1 10 3 9 7 5 6
1 8 6 4 1 2 2 5 1 6 7 1 5 4 6
5 10
3 8 7 5 6 5 1 3
3 3 2 7 3
8 6 5 6 8 1 1 5 10 5
2 7 3 1 5 7 6 1 10
6 3 10 8 9 5 5 10
7 1 9 7 1 3 6 7 2 6 10 10
6 7 8 6 6 8 5 1 10 5 10 1 1 4 10 4 5 6 6 5
8 2
8 6 3 7 6 8 3 5
2 10 1 1 6 10 1 6
1 10 8 8 5 4 6 4 6 2 6 3 7
4 8 4 8 3 3 1 4 3 2 10
7 8 6 10
9 3 9 4 8 4 5 4 8 2 1 9 7 10
2 6 5 8 9
3 2 7 2 9 6 10 4 7 3 5 10 2 8 5 5 8 8 8
7 1 10 1 8 7 8 8 6 6 10 9 2 1
1 3 6 5 7 7 6 7 1 1
10 3 4 6 5 5 6 2 1 5 2 9 10 1 7 4 4 4 5 6
10 5 6 7
9 6 8 8 8 3 4 4 10
2 6 9 10
7 10 4 2 4 9 8 5 10 3 3 7 5 1 5 1 10 5 10 5
4 10 3 5
5 4
5 7 4 1 7 4 5 7
5 2 9 9 2 9 3 4 3 4 9 6 4 1 2 2 3
5 8 2 1 4 2 8
6 4 5 10 5 3 10 9 3 5 2 5 8 10
2 4 5
1
4 1 6 5 8 2 3 5 5 9 4
5 1 6 9 4 2 7 3 6 9 6 1 5 9 1 8 9 3
8 8 8 1 2
10 7 8 4 1
2 2 1 8 6 8 8 4 8 5 2 8 2 2 3 4 2 2 1
4 2 9 5 10 6 9 3 6 7 4 9 9 3 6
9 3 6 3 3 9 4 7 5 6 8 5
1 10 9 5 1 6 3 3 3 2
2
10 4 5 4 1 7 6 2 3 4 6 10 2 2 5 3 2
9 7 9
1 6 1 4 8 2 10 7 7 6 2
10 3 9 3 8 8 6 1 4 9 5 10 1 3 6
8 4 3 10
2 8 8 10 5
1 8 3 9 1 2 6 6
6 9 1 9 3 8 1 9
1 7 2 10 8 9
6 8 2 6 7
9 8 4 7 2 5 2 2 7 2 4 4 3 2 1 6 3
4 6 8 3 6 5 2 7 3 8 3 9 7 10 4 5
6 4 7 8 7 1 10 8 3 7 2
8 6 4 2 1 10 3 8
2 2
6 4 3 6 2 6 2 1 4 4 10
8 5 6 4 4 1 9 5 4 8 7 3
4 3 10 4 8 5 8 5 6 5
8 10 7
7 6 3 10 9 4 10 5
1 1 8 3 4 1 4 9 10 8 6 5 6 2 3 3 1 4
1 8 8 4 9 8 9 8 3 7 6 5
9 2 6
7 2 7 3 9 10 5 3 10 1
1
6 1 10 6 10
6 8 2 9 7 3 6 10 4 2 3 2 5 1
4 10 1 9 3 4 2 4 9 4 3 7 4
9 6 2 9 4 6 4 3 10 7
3
4 1 3 4 10 7 7 3 1 8 6 5
1 5 9 6 8 7 9 4 2
9 10 5 1 8 8 6 8 1 10 9 9 8 1 9 7
2 7 6 7 6 3 4 2 3 7
1 6 5 6 6
2 1 5
4 2 10 4 9 8 9
4 6 10 6 2 3 8 10 8 5 1 3 9 6 1
4 2 5 6 1 10 7 3 3 7 10 2 7 4 5 4 5 3 5 8
7 6 7 10 6 4 2 7 3 5 1 7 2 3 8
1 5 7 2 3 10 8 6 7 2 3 4 4 9 10
1 5
3 10
9 9 6
2 8 5 8 1 7 10 9 4
6 1 5 4 10 6 8 3 2 7 6 4
7 7 2 4 4 10 7
5 2 10 6 2 4 3 4 1 3 10 5 4 5
6 1 2 10 9 5
8 3 10 8 9 3 1 5 5 3 2 8 8 4 3
3 4 2 9 8 9 5 8 2 6 8 8 5 4 6 9 3 3
5 4 2 9 7 9 6 1 4 6
1 1 6 8 2 2 7 3 7 4 1 3 9 6 1 2 10 2
5 10 3 3
5 3 7 5 10 8 5 8 7 6
1 8 9 1 10 8 8 3 1 7 4 9
8 6 2 9 8 7 2 4 3 3 1 7 10 8 5 9 3 7 6 3
10 6 1 2 2 4 10 5 5 9 1 9 8 8 7 1 1 9 3 4
3 3 5
10 9 7 8 1 2 9 2 3 4 2 8 9
9 9 7 5 9 9 5 2 2 1
4 2 2 2 3 1 1 10 3 2 10 4 5 4 7 4
3 4 7 1 8 6 9 2 9
6 8
2 1 1
10
10 9 8 5 8 3 10 6 7 3 2 7 10 9
7 10 6 4 7 5 2 8 7 2 1 9 2
3 9 2 9 6 6 8 3 3 10 4 1
8 5 1
5 6
5 4 8 8 2 1
5 3 7 3 10 2 2 2 4
7 5 10 4 9 10 3 2 6 8 8 2 2
1 7 1 6 2 7 10 8 9 10 9 10 1 5 4 8 1
6 6 1 8 7 6 7 6 9
9 1 7 1 6
6 5 7 7 5 8 9
7 1 8 7 9 5 7 6 4 5 5 9 5 5 1 4 5 7
4 5 10 8 1 8 5 9 6 3 1 4 6
4 5 9 1 8 5 5 9 10 1 9 5 8 6 10 2 9 4
7 10 3 7 5
9 2 7 1 7 2 1 10 9 6 4 7 5 7 6 9 4 3
3 4 7 1 2 6 5 8 2 2 4 10 5 3 2
3 1 2 10
4 4 8 4 7 10 3 3 2 8 1
8 9 8
4 1
5 10 9 9 2 2 8 9 2 1
6 1 10 8 6 4 8 6 8 8 6 8 6 7
9 6 4 3 7 4 1 8 5
9 10 10 1 5 1 3 5
2 3 5 9 8 2 6 6 3 4 5 10 9 9 6 2
9 9 3 9 1
7 4 1 1 9 8 4 4 2
6 10
6 5 8 4 3 5 8 4 10 6 5 2 6 5 3 4
7 4 9 4 7 2 6 3
3 7 10 10 1 9 3 5 4 2 9 3 9 5 6 4 9
1 8 6 4 7 9 3 8 6 5 6 8 9 2 10 8 2 10 1 7
7 7 3 1 2 6 1 2 5 1 9 2 5 7
7 6 3
2 4 5 9 5 4
9 5 1 5 9 1 9 6 1 10 3 2 10 4 8
6 5 2 10 6 7 1 9 3 2 6 8 4
10 1 3 8 1 1 4 4 2 8 7 3 1 4 1 7
8 10 1 6 3 9 10 6 6 7 9 6 3 9 6 5 8
3 1 8 10 7 2 3
9 4 7 8 4 7 3 8 8 2 3 5 10
2 3 5 8 1 5
5 3 5 2 5
9 7 9 5 4 4 4 8 1 3 1 5 7 10 7 9 4
1 2 9 7 6
2 7 7 10 1 5 8 1 2 1 4
6 1 10 10 7 2 9 5
10 7 3 8 5 10 3 6 4 1 4 5
3 4 4 5 8 10 5 3 10 6 5
5 5 3 6 6 2 10 5 6
3 4 8 7 9 1 9 1 5 2 5 4 3 1 8
2 1 5 8 5 10 3
2
3 4 3 6 3 1 4
6 10 10 1 5 2 1 2 5
5 4 3
6 3 7 9 7 4 1 2 6 7 5 6 2 10 6
5
8 10 8 4 9 3 1 4 6 2 8 3 4 6 1
2 6 7 8 10 4 1 1 10 8 3 6 5 9 6 5
5 1 9 8 6 2 7 10 6 2 1 10 2 2 5 8 1 7
7
2 10 5 10 5 1 8 6 5 9 6 4 4 8 10
3 6 4 5 9
9 6 9 1 5 3 1 6 3 8 7 9 8 5
3 2 8 8 9 10 3 3 2 8 8 8 6 7 4
2 9 9 5 1
8 2 9 6 6 5 10 8 8
6 8 10 10 2 8 9 1 5 7 4 3 1 8 1 1 4 1 6
8 2 6 3 8 5 3 5 5 10 2 3 9 1 6 8 1 6 3
5 8
9 4 9 4 7 7 3 10 4 8 8 8 10
1 6 7
4 9 7 9 1 6 2 7 3
3 9 3 9 7 2 1 7 5 8 6 5 9 9 9
7 10 2 10 8 10 10 10 5 4 8 9 7 4 2 6 8
9 2 10 6 2 5 2 2 6 10 3 1
2 7 1 3 8 2 7 1 1 6 10 4
1 10 8 2 1 10 9 4 6 10 6 1 1 8 4
5 6 1 10 5 4 6 6 4 3 7
3 1 2 2 4 3
6 9 1 1 1 3 10 4 2 10
2 10
5 9 10 10 7 10 2 9 1 4 10 6 8 3 8
10 6
