19 8 16 5 19
19 15 30 34 16
28 8 3 31 49
28 22 24 37 32
38 1 30 46 26
43 15 3 1 4
26 17 47 47 39
13 36 23 22 31
37 50 24 15 36
23 16 43 7 27
32 41 24 2 5
46 46 42 7 45
26 25 39 22 35
26 36 34 24 47
21 1 10 26 38
34 39 13 37 49
46 32 44 38 4
16 39 32 7 47
46 49 40 17 15
46 7 3 30 46
48 43 32 8 29
13 30 38 18 26
18 27 23 35 48
29 4 40 44 13
2 10 23 25 17
8 18 5 24 4
23 6 30 39 48
39 39 21 39 43
2 25 48 46 8
39 29 11 39 36
42 1 32 15 39
27 11 40 11 32
1 38 35 1 29
45 39 25 40 47
23 46 37 16 21
40 45 16 48 4
23 19 6 38 37
28 26 14 28 13
37 40 28 42 6
13 45 23 27 9
1 49 27 31 50
27 15 32 43 8
20 49 22 44 17
31 27 21 14 20
29 4 37 12 22
5 19 19 20 32
3 11 50 23 6
9 8 17 40 2
42 21 20 3 37
33 34 35 35 26
8 9 18 28 30
16 47 27 40 23
35 2 20 35 47
3 40 37 33 13
39 23 21 33 47
46 22 45 47 6
21 22 48 45 21
13 6 33 20 8
28 26 50 20 1
17 22 16 7 17
16 2 43 39 9
3 43 25 9 50
24 8 34 2 3
12 30 3 25 26
40 18 31 21 29
5 5 16 23 18
30 10 3 7 49
44 50 50 22 50
49 1 6 6 50
2 30 36 1 32
3 37 45 39 17
45 18 23 44 25
18 36 18 19 4
38 48 27 30 11
22 14 27 7 17
23 26 17 13 3
29 27 16 43 41
41 15 12 41 39
11 19 41 50 46
30 7 17 43 23
36 7 13 36 41
29 43 11 49 49
37 26 18 40 12
38 34 19 21 19
5 38 16 17 15
10 11 16 41 50
34 17 43 13 27
4 30 3 26 32
37 20 13 23 27
28 47 10 14 13
40 24 49 9 27
15 16 35 47 34
48 10 33 30 36
49 28 16 46 26
4 11 21 31 50
23 7 30 19 24
35 37 35 39 28
4 18 5 40 13
3 41 2 12 25
43 47 45 50 48
31 25 10 14 46
34 11 44 5 35
41 16 33 33 16
32 33 45 3 49
29 48 16 10 44
11 10 30 18 4
46 43 5 31 47
48 24 26 14 46
30 28 30 8 33
40 6 45 28 18
40 31 39 36 34
36 23 6 49 1
14 49 40 15 30
49 47 40 37 5
1 33 27 39 10
28 3 20 32 11
29 21 13 12 4
11 39 40 20 42
1 19 36 12 10
12 28 14 18 47
20 26 6 28 24
3 49 8 45 30
1 48 45 48 28
50 43 34 4 23
16 3 29 35 7
12 28 42 36 11
42 9 48 17 28
5 29 43 22 28
42 5 43 39 35
5 3 2 18 21
41 24 49 8 21
20 2 9 1 12
44 36 20 18 46
40 10 1 25 5
21 8 13 27 27
12 29 5 45 6
22 9 20 9 22
17 44 41 20 33
28 11 10 20 48
18 10 4 23 44
45 22 23 23 18
50 20 33 15 7
15 23 19 44 31
6 38 8 42 1
1 2 10 38 39
23 27 21 32 4
42 36 15 31 50
12 27 16 8 20
14 4 22 33 15
14 30 22 13 37
40 16 30 2 50
21 30 15 41 38
13 35 21 38 29
24 34 13 31 7
18 9 40 50 4
19 39 43 21 32
13 48 27 32 50
28 35 18 46 14
38 34 49 14 30
2 4 6 15 20
45 6 43 21 43
8 12 45 43 31
47 5 30 10 36
40 30 2 10 49
41 31 34 38 24
45 35 33 18 47
6 46 15 43 12
38 16 47 8 1
48 6 42 28 1
4 7 14 22 1
28 1 17 29 27
44 15 28 28 22
16 21 28 26 47
2 9 37 46 12
4 17 44 9 26
21 21 49 15 42
37 48 22 36 18
25 8 29 45 14
18 12 10 50 43
34 47 5 28 9
33 31 27 25 39
10 45 34 9 40
18 38 45 42 24
44 15 20 27 41
38 4 34 24 28
6 6 14 44 31
1 28 22 18 41
31 27 46 9 3
2 40 31 19 46
49 44 27 20 39
39 27 7 45 18
40 38 47 5 17
20 39 29 32 18
45 50 32 47 46
22 49 38 38 39
1 49 19 30 34
15 36 3 16 46
16 41 36 24 33
36 10 14 14 20
6 27 23 12 12
11 24 27 30 45
1 33 46 34 45
7 10 10 46 20
44 25 29 23 36
21 3 12 45 48
17 25 43 4 17
11 28 46 50 47
50 33 21 30 40
9 26 28 1 17
45 11 41 28 24
7 31 50 25 5
3 36 19 41 31
9 22 46 1 10
45 38 50 40 7
34 50 14 4 37
10 8 1 15 24
2 32 4 38 7
14 13 27 6 39
33 29 43 14 11
30 4 14 31 46
32 1 33 2 12
12 40 36 16 11
30 46 3 46 1
11 16 46 14 35
41 25 30 34 22
30 31 18 16 18
39 4 21 47 18
17 49 23 7 49
43 17 21 38 36
34 8 18 42 48
23 42 16 3 14
48 11 13 50 35
19 42 31 29 30
33 30 16 39 25
1 33 7 8 28
28 41 44 24 20
46 27 1 18 26
19 22 45 11 26
33 30 50 36 50
1 22 22 40 45
1 17 31 8 3
32 39 37 16 43
29 23 38 26 49
14 10 3 36 27
35 3 46 10 49
9 30 36 22 23
41 29 40 31 19
23 43 32 17 49
28 48 26 19 50
38 38 8 43 50
34 41 16 28 43
7 33 17 25 4
39 3 31 46 50
31 9 14 3 39
21 3 4 4 19
41 50 34 13 30
43 14 12 30 23
6 7 27 20 23
36 34 23 2 32
44 2 12 21 22
45 15 17 5 43
11 9 39 12 49
10 47 9 22 26
24 4 1 43 35
4 4 20 27 36
11 19 35 6 27
25 48 38 2 41
37 8 37 46 40
31 39 49 18 43
25 19 19 26 10
29 11 50 42 6
18 17 48 14 28
3 19 4 44 46
11 8 12 50 28
30 47 45 18 17
16 6 35 3 17
10 31 17 34 40
17 49 13 26 13
19 12 15 14 30
50 39 48 16 43
20 5 21 44 18
47 1 24 38 19
33 3 49 42 14
43 37 6 50 11
43 39 36 27 38
1 21 38 33 27
22 2 20 31 10
50 38 44 19 38
38 15 16 37 21
37 40 6 38 19
46 16 1 48 30
27 45 32 50 47
5 41 10 41 24
40 12 5 44 42
17 39 31 14 49
12 43 1 45 15
19 15 36 41 37
7 24 3 15 41
17 22 27 23 27
4 17 1 15 42
33 38 46 47 27
15 18 6 33 40
37 1 19 16 15
50 37 11 44 16
19 18 19 38 19
21 47 43 43 22
33 15 40 5 40
27 22 3 16 8
5 22 17 18 20
37 11 23 24 36
48 10 39 9 49
28 38 3 41 24
34 32 19 28 47
21 40 20 2 32
28 35 46 31 43
16 3 31 38 12
10 15 14 8 1
38 3 33 32 35
32 17 15 13 6
27 23 42 37 18
31 48 21 14 11
22 8 23 18 7
33 40 38 7 14
8 36 11 23 11
13 48 45 30 6
16 10 31 36 27
46 32 28 38 47
33 19 17 43 50
15 48 4 19 38
12 42 37 42 12
13 4 49 46 49
30 36 45 26 28
14 2 25 48 4
12 32 8 20 4
32 12 2 20 21
33 26 25 7 27
47 29 8 7 38
45 14 46 33 15
24 47 40 7 33
37 15 49 25 20
26 45 3 35 19
44 32 30 29 29
13 42 50 40 45
32 21 26 34 38
23 32 32 25 47
23 46 34 43 25
43 14 32 33 22
1 4 23 46 40
48 21 35 9 38
22 12 18 18 6
19 29 8 34 22
2 4 35 5 32
37 41 30 38 29
29 8 40 37 17
27 1 39 35 4
15 26 7 8 41
27 31 3 13 49
48 22 42 11 17
43 37 30 28 47
33 50 44 34 17
27 44 43 31 44
36 12 48 20 11
8 41 45 38 25
12 15 41 14 20
10 37 50 18 45
13 4 24 16 16
15 31 32 38 20
45 45 30 38 7
8 4 10 25 46
35 37 43 17 24
45 5 23 25 32
40 29 31 14 21
26 37 41 31 50
20 34 47 31 1
34 15 12 14 12
33 3 36 13 41
24 12 12 34 26
39 22 1 44 2
43 18 16 14 7
38 21 36 50 27
31 42 20 20 4
31 26 25 10 22
43 41 45 46 19
48 2 16 40 38
14 18 40 6 37
6 31 14 2 17
37 5 34 16 29
6 33 13 50 8
14 2 29 19 42
27 19 16 20 50
18 15 36 35 45
41 43 26 25 15
30 28 18 50 30
15 5 11 4 36
30 15 18 6 36
5 39 48 3 22
11 10 50 7 23
7 10 39 39 33
3 13 2 39 48
44 46 27 7 38
46 10 5 45 30
13 18 49 5 11
23 30 5 38 50
46 39 32 32 21
28 19 20 27 5
27 32 4 26 44
12 36 27 33 37
18 39 6 42 49
43 20 4 29 35
7 33 13 19 7
49 30 41 26 11
11 28 8 37 41
22 27 36 38 36
22 2 45 34 34
41 36 29 21 23
48 39 24 40 11
27 43 31 13 4
44 29 21 9 50
47 38 19 40 22
20 38 18 13 42
11 19 25 32 25
25 27 6 38 30
41 26 44 19 40
13 22 16 40 37
22 26 49 49 2
2 25 29 13 30
26 28 31 5 35
13 8 15 9 23
18 47 31 17 8
33 20 2 38 23
8 46 6 48 33
3 47 5 46 33
8 24 25 21 39
14 8 36 44 7
2 40 18 5 18
15 46 14 1 34
32 23 42 26 18
8 18 49 18 50
50 12 7 38 42
31 6 26 14 32
25 43 13 33 49
25 29 49 26 7
39 41 43 50 49
29 45 41 49 7
17 20 15 50 48
7 6 43 49 37
37 19 7 42 28
15 8 1 6 33
2 9 14 35 41
35 31 22 36 21
15 45 25 3 36
31 24 37 31 47
7 47 48 20 16
40 49 20 6 41
27 26 2 40 49
27 42 4 41 10
50 46 45 34 1
12 48 27 23 13
33 36 28 31 28
25 2 28 40 23
3 14 39 9 22
47 32 39 12 50
10 26 33 17 37
37 21 9 39 22
44 2 33 12 16
41 1 19 8 40
24 35 31 40 34
21 19 3 23 6
28 15 9 22 9
29 28 33 33 12
17 4 22 32 47
4 50 17 20 45
32 14 2 19 43
9 27 10 6 21
8 11 9 25 23
4 28 13 49 38
27 47 41 24 49
42 9 22 31 40
44 3 2 18 41
31 1 47 21 46
13 8 42 15 4
35 38 44 19 17
47 13 50 20 15
2 48 15 18 18
24 7 5 22 10
45 48 1 31 13
29 20 40 17 16
39 32 4 17 31
1 23 39 31 9
46 48 30 31 25
24 37 30 14 47
13 25 1 27 26
19 28 15 49 41
3 41 25 16 2
24 16 21 17 39
20 36 30 37 35
21 12 14 43 21
33 10 5 2 38
37 16 2 34 6
6 41 35 41 6
24 37 26 27 26
26 50 17 25 3
16 21 11 3 3
34 27 15 16 30
27 33 50 6 33
1 40 4 27 1
22 20 22 50 46
40 11 15 5 32
49 24 5 3 42
37 10 37 34 41
49 4 35 45 14
18 33 43 26 8
13 35 7 35 17
20 10 28 18 2
50 37 24 10 31
14 6 46 25 13
27 28 2 16 8
23 31 5 8 38
48 20 13 3 50
1 12 28 47 38
19 10 48 4 25
20 19 12 34 35
29 36 48 1 30
29 17 27 50 22
13 47 13 17 37
1 27 10 25 36
47 11 18 14 12
34 31 20 2 26
25 18 38 34 32
5 43 24 31 24
33 12 45 42 22
39 42 3 48 48
43 43 6 13 24
9 4 5 31 2
43 47 46 9 14
27 2 14 36 44
31 10 27 37 19
9 31 19 29 6
43 40 26 36 8
34 19 34 47 7
32 17 23 40 10
24 18 14 14 17
24 44 49 42 45
46 2 20 26 36
43 36 13 22 27
31 26 20 32 37
26 33 27 10 5
17 39 46 21 16
39 7 18 22 44
30 3 1 48 18
45 41 31 37 30
38 22 48 20 29
8 1 16 8 12
20 20 11 2 33
47 14 31 41 46
24 12 34 23 14
12 11 7 29 45
13 12 7 11 26
14 18 45 12 36
43 42 43 7 23
5 16 6 39 18
41 47 24 29 7
42 16 12 6 25
29 12 33 20 1
26 36 12 25 34
44 13 28 50 18
40 43 49 46 8
8 42 12 38 47
9 5 38 17 35
36 46 17 48 26
24 12 3 33 1
29 28 11 4 21
40 37 28 36 21
12 48 7 41 49
4 8 7 34 13
13 50 22 35 17
19 32 22 46 15
11 10 19 47 40
14 39 1 41 18
35 33 13 26 23
24 39 41 44 5
36 14 36 45 20
25 17 23 9 17
8 44 34 10 44
43 50 9 7 13
34 29 21 12 1
24 37 1 6 34
35 7 38 33 44
41 50 22 6 14
18 15 27 33 14
20 43 28 5 41
7 1 8 36 49
5 35 16 46 3
32 23 48 50 50
31 7 14 37 43
9 12 26 1 35
5 40 36 26 11
13 27 41 3 5
8 25 21 1 34
22 12 35 16 27
2 6 43 34 13
30 39 18 22 10
2 45 41 5 27
44 42 17 11 37
20 9 40 4 1
38 14 6 47 2
36 47 2 20 2
39 26 39 21 27
14 11 33 16 9
50 26 22 4 34
35 38 18 17 22
16 43 28 4 46
12 24 19 15 25
20 38 33 36 16
6 23 18 13 14
32 34 34 1 26
47 29 25 36 50
33 46 8 45 30
20 31 10 5 43
27 33 17 22 41
20 9 16 25 39
45 36 37 15 32
41 50 13 21 25
5 4 43 13 39
2 49 6 22 11
36 34 45 27 33
30 43 2 6 20
36 26 35 6 8
34 25 39 42 15
5 30 40 34 29
30 33 37 39 1
7 7 34 18 48
12 44 5 41 40
28 21 3 26 4
9 31 39 49 18
14 26 10 24 33
11 31 10 37 35
18 44 30 42 50
29 18 19 4 6
18 5 18 30 21
29 16 12 18 2
26 32 15 26 38
6 9 36 4 2
17 33 6 3 34
2 22 1 12 23
16 45 3 36 3
20 6 43 35 32
2 9 18 16 1
1 23 15 25 41
21 25 45 16 29
41 6 4 10 42
9 50 18 25 34
46 20 25 3 49
17 35 10 13 11
6 19 11 48 34
13 31 13 46 44
13 44 8 1 26
36 1 34 17 32
45 35 31 37 25
34 40 31 25 39
36 26 28 7 9
2 29 14 22 24
36 4 41 11 41
22 44 4 6 1
48 5 15 33 42
35 7 25 16 23
22 47 5 10 42
5 39 15 13 42
3 24 33 2 23
24 23 48 40 45
21 8 32 26 6
1 48 23 27 35
21 19 24 34 20
11 8 7 44 25
19 21 5 8 15
29 44 23 28 32
13 46 25 21 29
40 44 48 31 19
47 13 11 9 38
24 3 39 19 14
11 22 49 18 38
32 8 45 45 28
48 11 20 28 18
37 9 26 35 43
47 5 49 9 31
29 42 26 7 47
36 47 50 19 33
36 25 10 25 16
43 17 24 16 40
43 35 12 17 23
19 1 44 16 47
29 33 44 45 50
43 32 9 9 1
33 37 17 47 38
4 41 46 34 36
45 4 11 2 42
43 20 43 11 27
26 24 19 20 22
3 27 48 25 35
7 38 13 47 12
23 45 9 34 13
37 5 29 43 1
1 1 6 32 5
26 39 13 50 35
32 7 29 43 14
24 15 13 35 35
39 5 8 18 4
21 6 46 1 23
47 29 38 37 11
44 40 13 18 26
24 24 2 2 8
50 23 36 26 11
23 15 1 29 25
16 40 39 8 2
21 29 18 24 10
12 2 44 42 37
15 7 6 50 5
17 32 30 4 31
45 43 7 25 4
4 44 37 39 18
34 32 46 34 37
13 28 46 35 47
15 33 41 45 25
37 17 22 8 9
12 31 9 23 7
33 44 41 16 1
23 24 27 18 18
46 35 18 8 44
31 45 29 32 32
31 1 33 47 49
32 35 10 37 42
17 6 8 28 11
8 36 29 4 31
38 47 3 42 15
9 38 10 12 21
15 9 44 48 35
12 38 6 28 24
38 45 23 41 3
15 37 43 3 9
19 42 5 49 45
6 41 27 14 12
10 45 47 9 17
10 8 6 38 21
21 7 6 42 24
22 41 44 44 15
33 15 26 27 1
36 16 31 34 41
49 6 8 31 32
9 25 12 30 8
34 4 35 40 11
50 43 40 1 29
38 38 21 39 49
15 15 38 31 50
2 8 16 30 4
13 1 42 45 23
22 6 30 40 16
6 9 15 22 49
35 29 39 12 23
15 41 39 39 34
21 44 49 22 40
46 12 43 2 23
38 29 11 44 3
2 26 18 32 17
43 2 12 31 1
13 47 22 43 13
1 20 21 41 38
31 18 40 19 44
35 42 46 40 41
15 4 36 21 46
22 47 48 41 48
10 5 49 34 15
2 29 44 30 20
15 21 20 15 13
4 8 30 5 21
30 5 42 17 10
27 32 2 27 39
5 2 16 10 18
42 16 10 19 31
41 9 30 45 5
44 50 50 50 12
29 8 27 42 14
13 5 31 6 28
5 9 28 46 23
46 43 26 1 14
28 34 50 19 32
13 9 42 43 14
17 42 50 38 48
21 47 44 20 46
14 5 32 42 35
9 6 26 7 19
48 36 11 24 44
34 34 5 17 26
35 32 4 2 27
10 48 41 48 42
10 48 5 5 19
45 43 46 31 22
21 38 36 42 43
27 5 10 11 4
43 49 3 31 32
18 45 46 18 11
30 43 47 47 5
33 41 21 37 29
5 19 8 30 28
20 6 40 9 22
45 17 50 35 9
13 47 38 41 19
1 34 18 24 44
49 28 13 11 19
38 31 38 29 45
14 42 4 40 4
8 36 13 48 33
27 12 31 33 27
49 17 27 7 12
22 10 3 34 40
7 37 49 27 37
29 3 6 7 19
36 5 6 23 22
26 42 21 50 21
15 9 20 42 24
22 41 7 37 4
46 9 35 16 31
3 21 6 9 10
21 1 10 14 28
36 47 32 48 22
49 45 16 7 25
28 45 6 9 14
7 12 36 34 6
50 12 18 1 44
17 37 12 9 40
15 15 47 30 49
41 2 4 9 9
14 35 20 24 12
36 17 38 26 11
39 38 46 35 37
30 50 42 37 20
11 28 9 39 43
16 18 32 19 15
45 42 8 34 50
43 45 30 22 17
31 3 24 39 45
22 1 37 21 9
10 48 37 40 4
34 45 41 4 35
14 17 36 18 32
30 26 18 16 36
45 30 15 8 27
26 9 13 5 34
30 35 41 27 44
22 26 32 43 7
46 18 21 49 23
4 22 1 30 35
15 37 30 6 16
34 5 22 26 14
12 3 37 19 47
14 14 32 6 44
14 22 14 23 15
40 3 20 5 35
16 38 10 23 41
36 15 41 23 9
24 47 47 50 37
28 22 39 41 32
3 50 36 35 39
2 16 34 46 13
14 12 21 5 9
30 21 35 24 40
19 38 46 33 39
50 3 20 35 39
47 26 2 47 11
50 38 3 30 39
10 9 6 14 10
26 18 22 19 29
45 40 22 32 27
16 1 26 1 10
20 21 36 16 50
48 10 43 10 9
24 15 39 39 19
3 15 27 38 34
27 7 37 4 30
38 43 44 1 2
30 33 25 28 37
27 3 29 38 36
4 1 24 47 40
3 17 48 25 28
13 14 23 5 47
29 8 1 40 44
37 39 26 17 13
47 33 43 15 6
3 41 23 45 36
15 26 8 48 15
10 11 12 23 26
41 20 4 28 34
8 25 36 46 41
10 10 50 48 25
44 48 16 26 4
26 16 43 16 20
49 24 36 5 4
14 37 10 3 3
31 29 10 9 26
17 34 21 45 16
44 49 6 36 23
16 10 44 10 23
37 5 10 7 33
42 45 8 42 14
33 27 13 45 16
6 18 4 19 41
46 41 37 37 8
11 41 24 27 41
25 39 16 18 28
18 38 7 19 48
43 34 9 31 27
22 32 27 5 43
29 27 42 41 46
17 1 23 41 27
24 20 21 2 24
32 16 26 28 38
22 13 44 17 14
30 18 16 17 23
20 27 47 45 26
26 46 23 15 19
9 46 48 15 14
19 17 6 36 6
24 1 35 7 31
48 26 3 22 19
1 5 32 10 11
44 25 5 45 3
37 14 7 14 44
20 43 15 30 7
44 18 5 26 30
4 50 34 15 36
13 8 14 18 35
33 25 32 38 22
33 27 32 32 33
21 37 3 1 12
4 42 37 12 46
11 29 33 42 42
18 33 44 20 5
30 30 34 35 17
27 5 2 41 46
7 11 30 16 34
25 18 33 12 23
3 9 13 35 7
20 30 36 9 13
14 10 20 40 30
12 44 30 9 34
39 28 37 34 1
23 44 16 33 45
37 50 7 7 40
9 21 16 22 25
11 14 35 28 7
43 40 6 29 31
8 14 41 47 29
13 30 2 12 9
25 39 33 31 38
43 13 29 47 7
44 28 19 31 35
39 16 15 42 27
3 24 49 6 9
38 26 36 1 43
48 23 12 20 34
16 13 2 10 32
32 33 32 30 39
10 22 1 34 22
29 35 6 15 6
22 33 13 43 41
34 30 39 2 22
32 48 44 4 29
30 14 40 32 34
29 12 32 21 30
45 31 33 46 37
15 20 44 22 26
47 19 47 4 15
40 11 10 44 8
1 4 25 37 31
20 37 47 25 41
21 41 50 30 26
15 25 8 21 1
34 48 33 49 43
49 11 36 1 11
21 15 40 6 14
26 19 33 3 12
9 29 46 26 36
4 45 39 15 28
41 50 41 34 41
25 31 37 1 4
13 11 31 7 48
49 41 39 50 7
20 5 26 49 37
32 23 28 37 32
26 15 44 16 7
11 12 41 43 44
23 6 2 24 36
41 27 24 36 41
29 22 42 7 21
16 1 12 29 39
23 21 8 39 2
42 50 47 25 4
17 28 24 30 41
28 15 9 5 20
32 12 26 26 37
0 0 0 0 0
