2 1 1
3 3 2
2 6 3
6 4 4
2 2 5
8 4 6
5 4 7
11 10 8
8 4 9
8 5 10
1 12 11
3 7 12
11 2 13
6 4 14
12 16 15
18 9 16
14 9 17
11 20 18
5 20 19
9 24 20
20 19 21
14 8 22
4 3 23
26 24 24
8 22 25
26 11 26
6 6 27
12 24 28
20 28 29
23 31 30
25 20 31
29 5 32
15 14 33
16 9 34
32 29 35
4 20 36
22 18 37
24 21 38
24 28 39
25 35 40
31 42 41
16 18 42
15 43 43
4 37 44
15 42 45
47 26 46
40 9 47
3 2 48
50 45 49
22 50 50
8 52 51
13 29 52
31 44 53
1 52 54
27 48 55
38 37 56
49 3 57
56 27 58
61 14 59
14 3 60
54 60 61
21 31 62
35 44 63
41 21 64
51 5 65
16 52 66
23 7 67
29 69 68
56 47 69
17 33 70
4 73 71
12 62 72
45 6 73
1 65 74
12 54 75
69 49 76
53 56 77
79 15 78
19 36 79
20 37 80
19 48 81
37 28 82
66 1 83
52 5 84
45 83 85
8 46 86
52 86 87
52 49 88
40 28 89
15 66 90
19 73 91
27 79 92
48 7 93
75 37 94
32 76 95
37 61 96
37 56 97
76 89 98
70 53 99
39 97 100
7 51 101
52 73 102
18 60 103
55 99 104
35 49 105
52 91 106
2 110 107
106 104 108
27 39 109
21 72 110
71 64 111
83 48 112
34 10 113
103 74 114
104 104 115
119 50 116
50 6 117
96 61 118
123 89 119
65 60 120
75 67 121
123 91 122
51 1 123
66 8 124
105 56 125
105 51 126
49 68 127
31 87 128
91 18 129
6 74 130
104 90 131
11 122 132
8 37 133
89 78 134
85 1 135
25 14 136
90 28 137
80 81 138
54 9 139
1 140 140
38 121 141
61 97 142
104 134 143
85 27 144
53 126 145
126 68 146
17 128 147
109 40 148
107 10 149
19 150 150
2 65 151
10 90 152
62 140 153
122 83 154
86 139 155
72 58 156
74 105 157
3 48 158
55 138 159
38 16 160
40 110 161
23 147 162
103 33 163
49 100 164
119 79 165
156 23 166
5 16 167
24 153 168
22 75 169
11 11 170
75 64 171
45 14 172
62 31 173
28 36 174
51 20 175
35 15 176
61 23 177
95 48 178
169 133 179
145 181 180
177 19 181
25 72 182
119 129 183
64 126 184
182 108 185
176 130 186
124 69 187
184 95 188
167 83 189
152 75 190
145 40 191
108 151 192
150 56 193
118 106 194
171 29 195
160 20 196
94 81 197
193 26 198
30 193 199
11 202 200
50 42 201
66 117 202
200 143 203
55 103 204
70 84 205
171 206 206
162 181 207
59 186 208
164 180 209
92 150 210
193 174 211
37 129 212
79 126 213
190 67 214
172 102 215
148 146 216
6 173 217
44 55 218
141 111 219
179 36 220
75 130 221
224 7 222
44 103 223
4 144 224
23 199 225
212 55 226
153 132 227
175 173 228
92 108 229
27 126 230
22 130 231
180 234 232
92 223 233
103 162 234
42 55 235
72 15 236
18 50 237
183 121 238
24 180 239
201 170 240
5 111 241
232 64 242
63 224 243
206 44 244
32 15 245
153 54 246
139 112 247
41 48 248
13 138 249
47 233 250
212 221 251
255 50 252
70 47 253
96 143 254
103 13 255
143 4 256
133 45 257
190 118 258
26 160 259
261 243 260
5 136 261
129 233 262
77 85 263
257 69 264
12 30 265
230 262 266
61 226 267
183 220 268
232 12 269
245 36 270
99 222 271
157 164 272
216 209 273
175 65 274
173 277 275
226 209 276
234 273 277
138 26 278
234 269 279
1 153 280
22 131 281
224 172 282
148 34 283
191 94 284
246 200 285
235 245 286
57 152 287
165 179 288
194 16 289
40 130 290
22 125 291
44 60 292
288 210 293
281 283 294
90 125 295
242 119 296
137 29 297
132 19 298
204 223 299
81 228 300
19 218 301
30 287 302
62 93 303
196 187 304
157 171 305
245 191 306
141 224 307
103 226 308
179 122 309
67 175 310
80 229 311
248 53 312
38 242 313
156 317 314
174 297 315
14 114 316
252 212 317
51 22 318
26 234 319
149 212 320
153 230 321
137 15 322
87 18 323
216 108 324
143 316 325
196 2 326
271 105 327
312 21 328
191 332 329
319 165 330
233 114 331
282 162 332
132 94 333
93 318 334
324 13 335
106 329 336
228 180 337
192 193 338
8 324 339
338 91 340
232 161 341
67 315 342
282 132 343
164 155 344
210 47 345
19 236 346
158 322 347
109 255 348
133 328 349
183 225 350
176 266 351
17 17 352
263 259 353
319 222 354
95 240 355
64 205 356
106 113 357
146 93 358
323 54 359
250 341 360
85 264 361
113 99 362
274 63 363
262 24 364
131 250 365
60 166 366
330 27 367
21 132 368
133 61 369
119 174 370
318 39 371
333 65 372
3 329 373
258 328 374
268 262 375
345 89 376
336 151 377
342 40 378
365 30 379
23 143 380
239 144 381
113 2 382
332 379 383
116 175 384
322 152 385
56 162 386
312 299 387
27 164 388
356 146 389
312 110 390
389 161 391
221 249 392
277 177 393
349 58 394
200 57 395
215 225 396
148 83 397
284 125 398
247 384 399
211 19 400
177 52 401
94 224 402
153 199 403
208 264 404
1 315 405
272 303 406
390 403 407
294 280 408
140 13 409
175 299 410
299 282 411
136 390 412
29 366 413
82 111 414
89 235 415
346 45 416
91 219 417
323 411 418
42 327 419
360 8 420
106 369 421
421 45 422
261 186 423
367 261 424
419 400 425
127 263 426
23 87 427
360 56 428
395 410 429
198 13 430
323 244 431
410 181 432
296 107 433
69 415 434
359 324 435
317 388 436
207 33 437
137 378 438
222 394 439
355 331 440
38 256 441
88 345 442
208 89 443
396 311 444
375 45 445
436 331 446
286 140 447
210 208 448
141 386 449
36 104 450
278 371 451
411 114 452
87 68 453
282 193 454
205 228 455
339 105 456
307 340 457
411 285 458
264 276 459
348 402 460
153 123 461
136 199 462
54 363 463
101 21 464
324 159 465
324 200 466
106 270 467
337 62 468
386 252 469
4 173 470
353 128 471
406 198 472
89 186 473
335 81 474
394 17 475
92 24 476
124 34 477
51 123 478
114 347 479
369 290 480
25 50 481
98 80 482
272 179 483
254 401 484
159 299 485
165 437 486
265 129 487
293 368 488
336 485 489
216 248 490
271 128 491
339 225 492
138 248 493
387 460 494
109 492 495
236 201 496
427 85 497
109 357 498
143 443 499
467 102 500
313 102 501
277 491 502
478 28 503
188 86 504
380 30 505
175 57 506
174 187 507
356 491 508
73 202 509
19 480 510
343 55 511
193 466 512
26 227 513
502 155 514
202 212 515
67 452 516
507 453 517
343 30 518
493 51 519
522 313 520
349 297 521
87 234 522
193 114 523
518 400 524
428 20 525
126 234 526
527 80 527
196 268 528
333 245 529
463 89 530
113 436 531
371 385 532
390 268 533
382 377 534
427 481 535
122 27 536
317 290 537
293 329 538
403 17 539
106 7 540
90 349 541
400 61 542
175 175 543
379 194 544
305 89 545
337 217 546
275 75 547
344 501 548
517 15 549
256 515 550
315 308 551
541 14 552
184 315 553
462 226 554
107 150 555
237 9 556
453 298 557
521 111 558
192 158 559
96 193 560
469 281 561
274 26 562
434 312 563
78 366 564
425 264 565
375 321 566
149 317 567
84 28 568
356 6 569
382 313 570
537 477 571
404 238 572
410 71 573
397 435 574
101 450 575
580 468 576
145 265 577
253 429 578
296 51 579
517 306 580
451 153 581
64 353 582
236 100 583
308 220 584
539 544 585
505 207 586
577 439 587
309 525 588
112 554 589
517 230 590
556 56 591
528 272 592
484 365 593
233 154 594
580 495 595
521 233 596
388 382 597
570 22 598
296 239 599
119 101 600
8 376 601
545 219 602
184 521 603
117 294 604
597 529 605
592 431 606
488 319 607
393 153 608
575 159 609
153 353 610
282 506 611
483 413 612
196 84 613
617 236 614
83 445 615
575 215 616
377 137 617
45 257 618
56 443 619
237 89 620
436 442 621
39 222 622
372 56 623
64 137 624
475 148 625
97 614 626
31 255 627
214 445 628
34 247 629
20 221 630
622 459 631
346 468 632
128 227 633
182 30 634
576 465 635
135 318 636
76 493 637
262 427 638
637 15 639
90 503 640
498 429 641
617 458 642
100 105 643
385 603 644
294 187 645
298 418 646
318 386 647
391 13 648
118 118 649
8 24 650
550 258 651
554 166 652
162 653 653
48 491 654
369 185 655
362 639 656
202 300 657
457 213 658
441 266 659
469 548 660
625 9 661
81 261 662
433 194 663
408 607 664
464 532 665
444 219 666
43 1900 8434
2092 4516 6132
4667 6535 6702
392 104 1032
3418 1466 3478
4587 3913 4995
859 842 1359
5768 1689 8223
550 1981 2076
288 253 5242
3499 2606 3935
2710 567 4109
7057 5041 8988
272 904 2698
1703 64 2985
837 310 1235
4056 2063 4111
819 208 1484
6527 173 6570
364 3035 3067
565 2546 2942
2694 4194 6281
644 749 1083
272 3123 4855
764 3292 9018
1458 266 1607
3013 3123 7874
515 5824 8230
1309 190 4196
1429 1190 3162
2711 2626 6303
2829 3585 5699
4170 6060 6482
1620 1957 6409
2050 4048 4455
1532 1896 4154
1530 2747 3148
5067 1938 8146
1346 1739 2020
6143 4381 7549
4325 1509 4621
3762 7964 8874
403 3479 8066
1222 1787 4887
661 785 1035
2265 1351 4846
449 821 1203
1576 3190 5920
416 529 1481
6100 5489 8806
4676 7436 9315
815 1342 4949
1899 6788 9988
378 832 1218
2938 657 3141
3766 946 9479
241 679 5485
762 1649 1738
5691 1909 8113
6964 841 9807
3149 2343 3684
3865 3074 4046
3646 3843 9240
2407 3871 4099
6416 6443 9382
635 4031 4192
946 288 8090
320 637 1520
1451 5283 6979
2767 4773 4839
1083 923 1647
4426 6383 7375
997 571 2898
1188 730 5335
3857 3456 5870
4107 830 5591
1113 723 1993
2991 1254 4278
991 5041 5718
1264 291 4144
3463 1255 3658
2210 3637 4630
857 2528 4658
375 751 1080
2335 1064 5762
1 1314 3900
4615 5430 6621
4482 2034 6761
3950 1579 5057
1731 7410 8622
367 907 2965
2110 104 2417
4023 3069 4729
1449 659 2787
2725 5187 6041
830 1993 4873
3657 3286 8826
3605 2684 6988
2353 1661 2528
709 2946 5128
185 4926 5922
1979 1642 9260
4694 292 6165
4173 2230 4885
4409 812 7107
5234 5521 6052
379 6558 8958
3524 1882 8875
3052 4534 5375
1486 708 1583
1751 6645 8587
1100 2170 3100
6463 336 6750
1273 7182 7844
163 890 1163
4331 5701 9470
1713 4935 6015
2622 5222 5419
898 1494 4442
1370 927 1846
504 2409 5250
1251 568 1268
927 3709 4019
3529 3864 8231
2581 3220 4043
1740 2273 2847
3005 1026 5868
3403 6828 9282
612 382 1077
5072 1971 7132
1821 208 4576
5614 389 7329
360 1094 3003
2447 28 3114
938 4960 5194
50 1002 1053
911 3562 4742
7304 8407 9922
2333 1421 2764
6635 1668 6698
2325 3050 6953
809 167 2117
1137 3504 4345
1760 459 6681
444 733 4322
5732 3544 7485
2106 1232 2935
943 1202 8391
4194 3737 7623
440 3029 6719
457 969 1230
6206 487 7052
34 1983 3804
3510 2506 9857
33 36 1737
3782 133 4191
928 43 1064
2249 306 6225
1998 372 4657
1069 2776 8086
4781 2379 5698
2832 798 3716
7770 3018 8469
4928 860 5015
657 689 3410
158 5473 8903
3422 1162 6195
252 2072 2731
440 877 1079
1941 6522 6708
397 29 3611
4956 3131 7795
3582 6261 7674
1252 981 1296
2186 2950 3340
2255 6208 8129
2852 1306 4145
2285 4261 8676
725 1639 2112
2316 2424 3779
3288 913 4044
62 262 3135
1767 545 1807
6653 3820 8161
5012 443 5108
770 1427 2385
2168 3960 8478
5500 105 6506
3804 3687 4342
1622 3345 5642
2880 4449 5843
1155 554 4346
5539 4344 9163
428 30 1817
6710 4380 6972
3010 5506 6387
3976 1543 7966
2272 1929 2607
920 120 1040
4969 4801 9696
6400 1137 7281
1671 1077 2759
1028 1463 2923
990 704 2799
1101 1419 2682
4297 7441 8615
1967 3374 3375
4097 2085 8106
1608 725 9836
3571 717 9675
5053 3562 7755
3 2416 4471
3243 4188 8308
114 299 2073
1272 607 1926
2748 606 9326
3803 3998 5009
1651 4970 5452
4787 1817 7160
4838 4363 5532
1041 4150 4152
761 4458 6271
626 2397 2530
2096 2087 2148
910 280 2237
3303 4481 9824
7075 2937 8592
331 982 2857
8927 8989 9579
1633 164 4445
7279 3285 8854
4649 822 4735
159 5311 6549
1884 3334 3514
4122 3115 7485
2859 3426 7439
5602 176 5693
1811 4223 4623
627 1156 2334
4308 5368 7661
202 444 2279
6537 1296 8293
1280 1160 8527
1809 6426 7638
6527 3728 6700
1662 5306 6636
1755 3013 4125
873 841 3173
4897 5179 8233
652 317 2167
1577 827 3802
656 1624 1994
6331 3843 8365
8818 8787 9091
8363 7266 9025
551 8749 9403
804 737 1049
1458 2110 9553
5774 6768 7124
837 1234 2340
1940 138 2351
901 1806 2305
6925 4173 6992
9186 3862 9257
3102 1209 6317
3872 2870 4657
1377 1677 1714
3849 1577 5885
2346 4782 5440
6968 3325 8066
7811 5461 8774
2691 697 5138
5220 591 8156
5043 7 10000
2650 1666 3013
616 1214 1894
409 2075 3277
3552 33 4992
1853 5346 6562
6035 2986 6219
3420 1732 5130
2659 6952 9800
3182 4773 5871
8145 1208 9706
190 3071 6100
4246 2341 5725
1028 2405 5337
509 529 2334
1473 1146 1566
323 805 1210
164 1345 2607
2134 1811 7107
1081 411 4365
4031 2943 9373
1830 2211 3387
413 3129 4429
5786 1120 9801
3500 5660 8570
2278 587 2970
726 364 1146
5088 4903 6459
3905 8848 9737
119 2583 8766
6574 6929 8053
213 1030 1245
462 2441 9412
3355 4326 9093
3568 3233 8918
902 86 1230
586 661 3237
6244 3502 8510
5126 408 9530
5156 5175 6098
2548 217 5730
310 1750 2837
531 1136 2516
2729 4124 6845
4766 6734 8512
321 1187 2497
283 858 2071
5987 40 7442
1857 467 2217
1156 1365 1502
1962 1476 6013
4575 5676 6122
1978 708 4215
6716 522 7425
554 5483 9200
1604 7523 8109
3625 5700 9826
1083 1708 5495
5843 3747 9576
3422 1323 3803
789 435 8647
224 1851 4158
5543 8023 8582
1721 3136 3330
6637 3480 9197
560 6942 7102
2077 5835 6274
2723 935 8948
2483 3700 8337
512 669 3972
9583 8403 9948
987 268 1348
5450 858 7008
2437 3197 5146
2711 903 4256
4821 4661 9201
3618 4154 6124
8302 2422 8801
2440 7074 8319
722 2156 3248
5706 8488 9439
380 733 1202
3397 4106 5360
6305 3044 9777
820 6554 6581
3377 1051 3972
308 850 2705
2808 2677 3663
370 4620 7635
2058 2428 2548
6625 959 9206
4749 7417 9309
1037 747 2312
1788 1768 2148
987 3882 8498
123 450 2559
5016 2009 5783
2357 2402 8093
504 5180 5786
2265 5127 6200
217 1472 3306
2204 1759 3402
1737 148 6837
3168 4274 7970
611 701 1945
3015 705 4723
761 2794 2800
3640 1718 5002
555 61 1131
523 423 1152
2967 6488 8368
3667 6432 6867
1966 334 5848
5017 4887 7024
674 713 1171
4030 3194 6574
7068 7989 8203
6015 4451 7763
4257 2056 5268
2771 3243 4704
1260 417 1266
266 5069 6864
65 4126 5454
1005 452 4700
1496 5626 5748
361 127 4449
6729 135 8713
4794 950 7969
5407 2145 6663
7074 7801 9579
2812 2474 3917
4194 5062 7334
1397 4201 4231
4053 2225 6798
810 18 4002
6800 9060 9493
8082 5500 8993
2999 3623 4301
99 3203 5771
666 47 1884
1970 3637 4439
420 3747 6509
3982 4673 4958
1437 1738 1987
5918 314 6267
907 1490 3673
3987 822 6129
274 2324 8133
3431 6761 8504
1418 701 2509
7270 8324 9202
1177 571 1849
1633 1191 1665
4630 2763 6753
2727 967 6514
4209 939 5697
1515 2485 7750
184 1562 2385
2140 2748 9275
1963 3934 7081
2169 728 4381
803 578 1444
195 4749 7251
494 340 1735
3916 293 4991
1667 2137 3075
6856 450 9776
7112 1918 7142
2771 1966 3771
4034 1485 5487
4986 3340 6823
5970 6684 8568
5922 4652 7230
1253 4181 6768
2827 564 2871
1538 1177 7158
5091 5197 6949
1802 1637 2076
8357 2109 8671
1066 1518 4591
1495 104 2990
4195 601 6775
886 260 1440
2859 2326 3003
4724 2825 8216
175 479 1943
4615 2302 6882
8592 5205 9134
778 792 1084
1728 2072 3709
4733 2030 7737
3306 3151 4902
1340 1339 4646
6622 1433 7923
3842 4029 6469
3008 4189 6920
3322 2494 6056
748 278 1002
277 742 3197
6425 3502 7467
2491 972 2945
3304 5543 8159
3407 3233 3674
123 6273 7369
3754 1731 8067
1134 429 1285
3027 7418 8532
1530 4224 6109
738 46 1443
284 742 8555
635 3495 4037
1560 485 5229
5313 5065 8905
807 61 1210
500 3629 4793
2684 2768 6221
520 598 1142
657 3253 7084
3690 8109 8885
1486 4145 6628
6 1988 3021
1516 7853 8504
1930 4084 5275
9677 5094 9683
1293 7756 8001
3458 2346 5699
4135 488 8695
991 895 1396
8064 1546 8157
3162 2206 4173
2486 7162 7558
443 1076 3314
1554 2608 3893
1606 1590 6674
2193 264 2673
8878 5541 9012
21 1553 1623
2892 2692 6038
915 1346 1420
1543 2367 2509
4966 1550 8914
323 1534 1967
392 1215 1249
2036 1267 3016
123 963 1125
170 1455 3072
3592 3545 7726
3165 565 3579
757 1040 3066
3328 418 7720
2035 5099 8872
1639 2154 2189
7237 1551 7879
298 17 3216
5830 2943 8531
7114 5221 7528
4663 443 4905
432 1212 8356
9032 2759 9277
2709 305 3175
4438 8096 8574
7283 7309 7681
8216 756 9159
1844 4432 6902
61 968 1287
2637 1332 5635
4837 5888 7308
629 6404 6930
2344 2152 6890
2104 4326 7606
5706 3471 7940
1618 2441 4155
6847 1374 8867
2520 23 5380
61 292 1006
4238 4560 5924
1300 3419 4207
2677 3721 5228
5408 6554 8916
703 418 3041
5547 2300 5970
1272 2651 4927
1059 1023 1100
2833 445 7718
986 4286 8997
9110 2610 9819
1100 4092 5065
786 1267 1286
6681 254 6894
1808 8182 8461
1952 8194 9217
522 805 1383
6443 783 6992
6119 364 7202
7786 1010 7915
3835 4842 6768
2039 534 2045
636 1431 3756
5417 7543 8831
1281 2381 7807
401 513 1993
735 1779 4681
1291 6007 6321
4362 5088 6836
1577 726 4252
3863 849 4928
1722 1869 8490
637 2396 2793
5354 5550 7416
778 4170 9626
1469 1658 5111
1735 365 2544
641 917 3205
2360 1512 3487
1344 360 2165
3747 6110 9881
191 1507 3159
2999 1977 4063
1590 2030 3877
142 1606 5846
3801 4079 5783
2699 866 2904
534 172 1294
3008 8560 9594
4092 2100 4357
25 551 4145
3379 2989 9430
1606 2521 3255
1259 1992 6375
708 1365 3325
3307 1589 3559
2741 2512 2772
1254 394 4646
495 1328 5501
5993 2812 8524
5708 6088 7967
1892 2469 5108
5612 2343 7436
2305 202 2448
3437 429 5559
632 2064 7393
2639 2300 3060
6216 344 6809
2214 832 2842
3655 6293 8999
4853 1835 8444
4709 4694 4760
1888 1295 2755
356 778 5491
1149 329 1547
3850 3043 7417
6789 8724 9883
627 3870 5553
2766 6268 6368
8273 6797 9274
7991 54 8626
4401 7107 7570
1367 1368 6591
2228 2640 4238
9437 8210 9590
5343 3117 6971
1207 1054 1588
4825 4779 7916
2868 363 5249
3127 3447 4438
4232 561 6656
3996 946 4573
492 3235 4943
82 1161 2554
3414 3128 7853
2338 2233 4751
3792 4728 4936
476 2 2522
1096 2959 3319
8077 5141 9167
3794 4537 4769
6459 493 9216
2615 1479 2971
1235 1208 2086
1465 461 3105
2037 1295 2872
190 2484 2505
831 927 1888
189 1560 2925
1635 771 1984
1878 1061 4689
5205 7330 9666
7917 129 8132
5280 1148 6734
2773 2507 8709
709 338 7293
1415 2546 3161
2237 725 3252
