240 697 721
177 983
209
14
68
218
171
126 375 937
136 46 581
109 624
258 828 986
207
130
59
292 118 339
172 744
55
38
60 753 941
84 201 301
296 437 747
173 202
182
27 288 317
47 131 327
0
278 336 969
51
248 966
96
41 362
155
264
273 465 500
64 753
193 850
254
231 518
287 835
145 594
190 152
183
65
259 439 981
295 904
55 148 553
201
289
168 738
248
213 856 887
194
76 209
211
189 183
105 482 645
264 390 665
179 247 784
52 675
104 937
0 792
116 906 985
162 767
227
179
259
172 683
68 401
254 339
286 831 940
59
292 619 626
95 717 989
102 185 604
255 329
77 488 661
198 890
263 788 816
106 486 576
187 695 797
213 654 860
65 839 863
140 966
177 679 822
68
154 495 754
152 47 953
95 563 970
115 2
264
222
197 322 847
223 816 825
166 327 505
250 391 680
300 138
285 486 524
227 490
105
167 558 819
109 416 625
187
17 46 774
263 58
64 878
58 526 892
156 291 841
148 939
123 441
181 638
184
155
128 437 615
27 185
104 238 438
265 28 872
284
152
273 102
226
206 36 589
217
90
137
182 991
287 564
225 300 437
60 894 995
106 820 830
12
288 615 993
263 206
256 483
150 646 705
296 900
93 423
153 976
167 538
233 357
10 875 899
74 873
233 643 681
45
236 729 808
6 136
193 845
296 386 543
261 788
6 439 544
188 999
77 202 628
204 788
9 399
217
107 179
282 133 157
144
104 255
23 569
271 271 902
146 771 914
283 110 954
208 622
43
246 781
228
190
1
255 17
124 600
165
260 63
191 99 317
182
38 194
293 886 888
126 121
298
231
185 365
265
27 526 569
287 130 178
235
175
51 780 877
247 355
253
57
289 565
286
199 255
175
221 197
107 17
48
80
260
142 749 869
80
86 724
176
161 955
263
226 718 960
7 596 937
53
82 583
283 646 805
279 498
297 16 477
213
146
108 819
93
16 627 947
96 650 860
248 232
220 556
52
265 494
212 510
217 409 732
158 918
144
286
98 133
264 784
104
23 621
115
134 572
138 544
35
32
243
212 654
146 215
45 559 573
156 519 984
181
44 961 971
252 967
217 990 994
83
166 618
41 460
170
178
91 940
31
161 107
157 653
184 770
156
261 444 592
18
209
199 729
276 232 757
58 171
252 645 673
60
18 855
51 17 282
139
269
135
40 262 860
284 304 692
68
275 135
73 799 970
30 532 829
228 982
66 198
198 376
187 823
102
295
194 964
7
123 93 465
72
217
57 888 904
264 380
290 857 861
209
220
163 584
64 468 517
209 505 616
249 813 973
53
51
82
198 692 776
230
17
273 160 367
84 210
58 62 543
31 796
132 274 829
220
251 428
33 304
264 728
143
58
91 51
280 649 770
79
114 682 955
131
80
254
250 267 624
75 571 673
33 902 907
259 643
144
37 792 963
290
239 891 896
205 311
61
151
226 756
180 590 652
254 870
161 623 761
30 382 478
142 264
155 266 822
287 751
137 666
141 83 738
97 5 32
273
267 457
111 862 999
28
270
16 152
113 558 885
74 962 988
261
58 617
203 330 709
218 390 640
13
54 460 836
283 128
65
257 490 924
125 451
235 958 978
166
248
166 444
143 528
197 654
218 974 979
107 823 960
68
41 505
187
87 367 998
294
271
178 950 965
53
42 627
285 872 949
186 695
229
219 803
93 120
44
52
220
93 545 578
67
159
21 610 719
157 907
159 533
255 459
135 669
179 428
206 481 944
214 712
193
133 120 143
252
42 326 789
20
171
45
61
215 660
120 114
70 45 766
172 185
173 813
124 1000
77
283
286 467 750
118 893 984
219 242
38 356
186
55 196 834
231
103 557
103 450
35 624 819
85 782
277
218 147 525
178
203 922
108
175 612 705
258 912 939
261 51
295 101
153 610
17 928 980
56 74
180 495 552
202 299
93 300
300 405
120 207 726
287 696 917
135
152 365
21 668 943
56
150 409
52 399
195
229
94 922 975
125
234 212 652
292
265 169 452
128
262 31 383
284
201 833 865
269 261
173
229 134 258
176 466
247
224 296 906
147 258 746
119
22 963 975
87
267 747 854
255 150
274 975
160
247
214
267 939 973
169 887
124
175 501
65 3 390
127 624 722
298
221
80 202
120
232
102 70 893
116 647
206 202
154 350 571
223 305
124
56
213
87 363
59 802 890
146
141
58 828 828
114 30
128
243 359
185 848
191 347
15 19 748
72
258
23 111 553
197
105 577
82
126 357 936
153 625 707
183 879 987
243 369
238
195 857
201
32
45 795
198
153 686 779
292 129 946
151 660
153 256 805
54 827
82
108 716
68
162 260
59 701
266
278 82
141 211
2 857 869
218
93
281 879 943
174 284
263 715
96 940
276 491 902
188
64
29
160
154
30 416
260 736
186 625 983
11 851 871
83 101 693
44 831 998
290 973 979
258
186 928 992
117 902
50 398 585
100 41 838
257
249 701 858
67 129 824
256 782 821
186 305
51 318 487
62
152 75
209 867 898
38 942
10 806
273
236 538
101
262
260 796 930
109 113
155 642 983
25
106 287 788
44
138 565 817
29
3 603
263 228 482
9
50 919
78
261 82 731
111
292
35 689
38 372
67 956
178 670 901
233 244 903
39 505
263
95 650 941
293 487
149 211 446
130
171
64 516 683
0 876
87 538 659
30 733
198 664 887
278
270 972
257 582
209
168
233 944 990
123
154 588
94 125
12 731 972
7 394
148 704 784
251 110 845
242 894 932
190
260 420
30 727
256 251 433
16 398 994
146
155 614 614
9
95 100 771
238
6 237 918
192 85
51 211
19 460 498
282 945 982
100
70
128 854 942
260 644
196 234 589
242 758 958
222 656
89 393 964
226 363 771
145
153 416 687
192 123 664
110
296
217 760
181
74 324
274
61 778
79 123
195
297 900
229
79 697
278 174 563
56 347 683
148 868 978
203
34 30 883
195
176 136 993
229 476
56 626
290
162
205 490 712
196 499
67 523
50 537
15 426
170 441 574
156
239
295 125
205
184
0 347
71
177 243 268
275
244
183
53 47
117
153
52 482 897
275
221 710 866
108 945 986
234 368 651
216 587 691
226 211
172 388
185
213
175 409 788
39
165 263
14
70
104
210
146 303
155 215 749
193 293
170 880 910
80 804
69 47
234 310
104 231
262
215
91 608
81 420 473
23
245
286 782 958
204 275
189 189 343
155 509 636
2 99
265 802 810
38
150
173 279
76 285 975
289 795 873
32 941 961
19 954
197 116 483
202 18
242 184 751
126 374
128
127
175 527 898
96 457 526
236 341 773
95 616 754
268
183 509 845
234 495
286 481
227
262 767 933
83
214
136 170 988
99 886
133
94 255 626
252 13
52
287 331
221 577 814
215 81
236
203 916 980
229 140
61 981
198
197 183 718
202 805 948
271
115
86 848
141 0
43 889
43
119
274 626
120 168
183
182
97 174 831
137
104 565
239 197
233
5
48 333
20 942
2 220
150 16
156
172
291 672
212 941
37 688 854
146
235
46 78 841
118 710
144 13 900
219
199 321
60
204 716
117 574 635
141 322 879
74
108 229
276
288 493 693
268 180 245
115
174
78 507
244 669 810
219 820 958
32
110
79
165 112 615
293 571 934
107 436
281 941
180 388 956
152 720 973
265 212 569
99
127 606
216 700
158 596
28
274 640 967
116
266
38 913
266
297 242 942
125
273 997 999
260
191 224
158 584 852
55
166 717 762
243 289
221
217 125
281 63 861
243 939 953
80
38
196 788
276 48
230 505 739
171 880 913
128 134 938
154 996
296 90 109
216 701
142
209 888
101 250 394
52 917 974
284 811 869
143 678
32 327 960
222 4 987
65 395
131
41 11 372
286 953
97 417
29 99
59 957 980
123 597
118 201
268 896
206
262
300
13 491
135 234 673
295
263
170
173 247 361
84 983 994
177 583
31 703
16 543
239 991
284 613 690
55 853
283 699 782
201 606 908
240
91 601
210 820
60 709
100 566 592
13 85
284
82
151 904 941
267 962 997
131
109 809
283 38 453
47
169
62 507 549
212 238 581
278
35 544 795
258
34 317 800
170 125
42
53
256 310
176
89
252 642 744
82 287
117 626 760
280 758 817
128 331 892
219 530 551
250
140 435
142
142
127 242 283
28 884 945
174 264
56 21
260 273 750
282 606 793
220
77 752 770
238 683 759
19 615
47 629
191
123 261 561
3 543
66 929 937
294 677 816
152 341 653
201 226 717
288 555 915
137 750
58 483 512
37
229 322
51 941
155
240 45
48 76
80 503 636
277 34
187 465 575
181 421 889
164
42 443
250 492 711
168
294 367 933
215 594
169
73 781 922
217 178 555
32 203 477
66 197
227
115 657
46 516 614
103 912 916
216 363 769
43
261 328
6 149
285 353
158 967 972
265
97
207
296 426
195
85 530 729
297 699 852
27
249
137
268 911 911
163 769 875
163 530
55 498
178
250 543 686
254 127
95 159
177
102 76 300
194 820 893
257
278 808 946
208
34 88
246 868
99
195 856 964
9 565 606
32 641
86
166 98 799
68
111
154
137 736
125 136 809
46 200 246
253
235 972
122 531 611
25 653
106
216 641 949
156
87
191 920 968
19 415
69 766
223 829 879
223 130
176 826 995
247 258
38
225
127
86 106 997
226
79 6 698
220
176 261
62
46
279
264 370
47 525 1000
21 648
181
240 412
264
271 783
77 144 996
82 904 986
257 721 816
94 656
238 180
289
16
144
58
234 557 801
90 557 886
195 189 412
172 967
125 132 351
48 37 139
198 381 700
117 868
61
174 797
138 423 672
290 861
154 899 963
208 35
42 388 410
100 308
116 503
139 765
149 839 905
59 443
209
94
70
48 623
41 241
244 629
27 127 279
172 620
197
256
186
246 323
217 666 870
232 876 883
290 523
129
234 115
206 444 614
217 731 955
77
283 247
43 183
199 849
31 807 834
83 329
43 224 701
298 551
284 583 701
120
132 960 989
266
158 553 622
25 771 970
17 48 287
161
87 90
183 828 916
246 503 831
104 529 670
6 285
31 528
88 84
119 166 867
111 851
136 464 690
257 529 872
57
91
121 243
141
65 528
284
145 642 879
65 1 185
184 766
152 910
198 240 734
119 645
32
241
193 440
176 364
166
64 124
188
181 582 748
147 181
7 309
140 344 959
173 151 798
237 281
50 890 965
53 274 900
201 650 772
90 323
132
139 541
230 80
148
219 920 988
129 864 929
258 448 1000
41 633 991
300 53
268 976
200
75 76
115 115 905
45 989 996
88 514
295 929
16 181 718
84 406 623
36 528
86
71 888 985
86 773 923
133 395 813
201 599
261 923 957
105 794
27 422
266 167
123 625 966
273
58 899
180 645 970
22 634 820
85
198 886
253 369
266
249 649 894
212 252 860
217 349 722
213 926
94
266 407
27
46 255 832
98 624
133 446 787
233 73
165 729 741
264
204
32
253
141 118 158
115 829 997
42 260 640
211
243
204 943 989
208
171 909
252 513 971
79 792
273 911
213 935
256 824
133 651 767
176 410
114
288
186
142
121 808
123 528 682
100 717 862
117 965 968
287 612 883
286
256 899
143 801 958
125
9 658
136
67 322
156
279
87 430 462
67 82 530
61
266 710
95
1 424 953
4 665 671
271 907 962
127 46
117
210 721 902
47
22 260 539
241 587
191 404
74 551
262 216
65 271 829
101
45
255 805
180 228
47 48 472
177 8 33
140
87 654 819
140 245 858
48 329 494
166 577
50
154
249
150 724
125
195 662
282
26 888
167 334
71 504
111 605 758
6 353 641
295 160 373
123 574
200 476 939
218
147
160 452 894
14 866 870
130 431 767
144
243 366 739
36 68
65 166 386
200
33 793
142 820
68
36 740
124 815 863
293 684
267
38 734
134 903
130 759
169 964
120
113 129 309
278 941 989
226
139
131 69
42 484
145 478
95
225 968
96
216 340
127 615
144 279 997
94 341 562
198 316
78
55 507 749
126 63 993
1 832
39
97
224 212
277 662
216 679 963
252
265 493
269 452
66 890
27 793 813
127
64
129 894 918
96 435
154 205 872
66
61 96 863
91
244 1
5
208 51
240 101
127 993 993
99 268
253 202
206 816
296
256 53 798
289 108 847
106
263 129
7 97 389
222 89
41 719 852
172
135 83 600
294 251 870
174 597
112 715 945
165
179 74 916
44 746
34 26
267
6 24 791
17 451 646
81 266
98
24 617 821
220 719 854
168 954
136 691 860
217
243
116
256 462 474
225 509 565
108
162
93
83
175 604
171 21
181
46 562
99
154 388 392
36 626 711
248 657
58 896
166 406
61 68 653
94 90
24 636 886
254
107 113
109
110 906
133
99
231
5
273
244 495 681
263 779 904
288
241 726
293 726 968
39 552 904
179 436 884
97 351
18 981
86 245
93
197 674
105 87
115 847
176 262
222 420
29 170 923
216
14
81
268 152
263
65 720 876
10 808
204 111 513
50 754
171 898 954
65
85
20 906
82
149 616
164 515
112 316
50 121
169 233
47
219 375
195
75 476 976
142 381
62 412 705
64
44 570
136 303 581
95 285
143 944
116 934 978
156 747
281 561
11 259 486
89 402 992
67
152 804
287 513
214
5 730
123 76 303
195 823
181 323 989
26 272
69 597
149 325 803
237
139
86 345 714
119 798
209 875
104 697
229 771
39 443
77
56
286
2
77 674 701
208 493 754
127 982
36 856
207 131 909
17 595 685
134
140 387
281 28
32
115
256
70 390 525
91 37 444
154 767 936
69 621 683
85
227 650
182
227 840
41 833
199 461 793
36 434 741
294 551 884
65 462
171
104
66 913 983
73 637 809
52 279
200 426
61 571
53
213 963 965
88
4
101
57 906
189 819
269
100 785 902
157
109 504
296 992
157 321
113 600 653
100 769 921
150 365
155 218 236
210 4 321
63 193 696
153 224 703
8
254 689 754
31 519 905
143 180 655
101 604
122 732
99
238
53 749
208
4 913
259 375
7 349
106 558
209 736
34 553 779
158 975
219 711
273 92
253
149 293
23
294 372
46 323
206
231
215 862
106 555 781
82 694
267 370 669
284 614
210 922 930
209 723 893
95 377 880
159
201
20 69 785
220
115
224 880
50 242 783
153 11
294
290
269 973 976
265
153
242 873 989
290 472
289 39
194
128 72
44
281 369 804
274 937 982
205 450 653
142 400 741
3 36
93
82 436
180 811 908
1
178
21 927 981
182 863
120 499
59
22 844
110
153 261
229
128
57 4 959
260 437 540
181 825 848
292
51
94
220
82
108 232 619
2 818 925
150 308
157 121
44 248
204 612
269 697 938
29 680
27 984
84 843
295 963
57 885 959
251 420
43 547 599
134 281
163
84
238 300
48
154 108 218
276
94 777
269 757 965
294
148 657 687
203 164 376
122 424 804
44 262 429
43
127 49 94
216 826
30 784 868
201 255 258
18 500 988
188
295 35
252
40 217
216
117
263 113
224 262 317
271 330
88 796 934
265 618 741
60 103 363
84 340
196
132
191 704 873
84 880 984
95
191 692 815
61
5
232
187 546
203
118 745
208
20 581 684
150 895 905
80 745 933
161 127
248 949
2
212 734
122
6
193 119
29
211
222
193 496
209 847
264 159 921
51 893 938
157 21
25
227 570 817
224
86 884 909
257 676 838
164 489 927
9
125 506 561
69 998 1000
19
154 533 834
2 550 763
81
229
59
173 178
40 346 469
20 196
92
261 935
275 82 757
226
171
239
53 147 976
289
125
165 260
285 775 828
159 456 665
58
88
257 9
127 447 451
284
69 316
187 668
92
290 273 639
220 791
16
20 95 556
184 558 589
38 727
272 205
40 211
158 323 363
208
173 794
179 721 819
204 256 593
181
194 631
182 358
8 517 584
166 352
267
189 125 711
169 723
37 440 681
36 697
276 162 609
145 625
148 664 912
243 127
276 622 834
31
12
288 228
79 583 907
143
128 765
216 198 211
228 32
257 11 440
66 551
2
4 82 703
200 174 337
87 133 540
161
178
253 599
237
193 629
115
130
156 690 853
44 966 992
237 222 272
248 355
284 4 211
50 603
129 614
120 149
148 915 940
30
163
83 649
193 478
192
63
298 746 767
160 39
282 37 542
108
137
138
220 114
202 180
278
42 112
90 488 559
189
293 963 977
236 842 884
88 539 694
82 854 867
252
152 451 568
11 217 395
206 395
53 74 604
80
191
64 608
131 150 661
23 694
274 172 809
285 529 656
169 404
274
261 412 558
60 982
246 82
298
188 571
116
0 40 345
197 616 667
168 547
209
88
153
85
130 792 965
39 212
54
238
87
208
100 427 840
72 865
152
108 364 582
9
153
195 853
183 228 235
298 827
198 380 642
17 717
82 798 939
281 355
24
65 486 966
70
11 71 991
243
56 451 624
73 768 995
85 241 709
137 760
222
282 12 183
8
40 41
166 541 667
34 836
59 993 999
26 176
291 617 678
151
103 681 1000
133 252
122
300
204 294
107 212
286
53 159 972
156 977
45 307 796
27
289
76 267 528
109
265 195
148 937
295 13 139
17
104
133
209 445 586
74 327 721
229 944
250
108 189 492
269
170
27
26 116 339
191
100 410
148 855
172 944
277
285 726 856
83
156 338
176 144 344
108 780
208 670 996
247 658 863
127 820 909
26 65
42
189 337
13 415 741
106
246
271 499 633
187
133 628
219 705
0
58 465
168 742 780
177 509
168
273 716 732
46 126
129 69 309
23 591 684
5
173 307
279
35
158 720 873
31 766
255 914
129 983 984
214 110 971
288 497
237 329 888
115 8 964
120 882 901
276 567 870
115 4 322
281 79 166
199 334
114 578
3 657 836
208 610 914
149 521 580
78 156
215 636 886
194
295
110 232 404
147
21
226
117 340 415
300
36
22
299
273 561 630
278 814
120 325 892
112 393 484
232 41 261
263
129
3
84 522 880
18 835
86 863 914
278
31
221 689
268
137
0 206 887
126 935
0 25 506
41 328 384
173
186 977
37 496 688
149
182 646 931
213
262 325 760
87 283 904
68 135 767
209 481
220 241 395
256
284 132
115 402
144 579 954
149 350
202 914 956
45 976 991
178 537
201
21 155 244
185
145 764
74 596 962
59
99 838 971
42 788 817
203 454
144
34
127 13 208
281
240 972
190 362 785
69
263
280 694 975
185 361 792
290 137
6 112 328
277
270
16 989 989
108 395
177 455
294 793
8 486
82
2
241 834
264
254
189
265
127 640
96 590 648
56
248 976
137 704 727
226 271 858
216
72 908 991
174
95 304 485
6 499
291 913 962
208 667
293
66 435
212
107 582 887
268 955
90 839
178 788
290 376
230 492
25 478 902
118 21 703
297
65 775 788
58
25 738
126 367 491
242 866 922
151 301 651
110
293 63
131
6 37 807
47
105 517
114 949 990
194 731 951
34
185 298
228 946 972
49 41 250
70 7
263 789 954
257
144 250 363
260 310 849
228 369
233 657 945
101 292
128 992
273 156
294 269 312
170
253 291 711
114
257 721
285 108 350
196
54 994
212 412
249 662
79 632 900
86
221
239 157
59 907 988
89
149
244
83
48
260 10
35 934 984
266 255
32 276 283
43 123
201
293
297 637 908
13 27 200
255 666 857
67 832 983
36
82
297 581 709
120 394
28 680
188 883 891
86 926
4 131 852
102
266
82 308
114 483
1
109
214
279
207
21 290 592
91 215
205
38 397 520
68
253 933 989
214 857 918
175 784
60 84 738
136 808 849
246 830
151 999
211 343 794
221
273
64
137 134
268 684
256
217 166 799
39 665
277
98 903
156
237 957 978
270 603 659
232 351 548
146 882 895
63
259
140 895
66 825
61
217 86
2 109 609
183 652 728
231 507 683
38 135 876
79 540
288
86 241 970
264
265 355 735
229 244 370
140
254 319
186 516
103 57
83 585
83 502 757
1 793 853
183 776
140 485 589
4 459
137
89
236
217
27 515 931
102 311
220 538
2
97 250
237 307
101
242
119 316 518
281 428 623
159 907
116
41
25 44
27 283
267 171 665
260 722 798
103 572
151
218 314 744
278
158
154
20 244
99 568 595
29 862 966
108 391
57
229
79 828
176
83 294 682
283
7 150
296 725 873
21
80
268
24 617
245 863 968
282
93
224
282 17 962
221 398
166 714
170 798 846
246
249 684
281
177
180 978
104
291 221 801
288
117 281
54
27 592 880
66
138
35 695
134
272
80 95 560
72 755 921
81 129 636
272 147
299 878
14 119 280
278 216 915
38 273 275
31 37
113 683
66
0
217 801 995
280
281 654 821
66 796 915
221 900 913
73 174 540
238 488 629
160 400 873
77
288 972
116 798
274
40 955
245 166 310
238
89 165 703
110 963
80 962 971
18 442
96
143 815
117 507
131
75 585
77 189 228
130 659 869
199 132 446
180 93
183
264
153
71 573 981
206 1 687
111 872 980
193 55
224 507 574
252 452 650
275 384 902
241
3 392
97
252 997
64 384 852
157 794
68 934 991
245
39 475
90 992 996
34 473 772
112 624 769
248 949 953
170 22
276 506
225
259 350
245 449
159 664 698
191 278
252 84 904
51
256 562
237 619
238
124
266 255 504
41
287 214
143 568
111 46 963
81
132 725
60
294 495
180 903
109
280 558 899
236
171 848
169
57 642 779
241
46 840 856
144 506
281
75 678 889
59 201
110 712
216 182 821
97
25 917
122 735 994
72 264
281 237 808
32
69 230 509
243 931
230 201 976
230 112
126
280 555 719
286 261
256 352
66 590
150 998
117 918
128
46 804 851
164
67 772
91
283
241 997 998
13
144
222 493
263 80 150
109
37
269
269
240
158 260
144
84 382
155 825 927
294 464
126
28 939 998
218 215
4 100 785
217 78 760
187 387 583
49
26 498 514
105 736 744
230 786 986
209
75 437
175
88 113 431
38 574
119
178
34
286 608
89 455
297
281 656 830
161 45
49 161 225
132 957 969
83 293 863
182 299 894
196 598
297
55 886 983
87
71 277 515
138 320
274
48
133 677 812
58 877 889
46 171 705
148 223
22
62
133 675
197
284 628
4 252 785
286 334 813
103
116 267 667
184
31 508
55 986 990
259 350
71 449 500
43 493
72 149
180 483
52 372 948
11 992 999
189 57 712
68 522 793
264 894
20 822 848
73 534
67
196 157
42 580
240
144 732
80 921
49
100 321 742
18
167
222 664 862
241 535 630
128
172
72
172
272 34
232 402
31 502
123
216
186 383
152 46
209
47 878 984
33
42 283
68
173
104 493
160
52
268 819
104 299 348
144 94
38
91 808 832
280
181 970
261
157 934 983
147
263 57 209
34 623 950
237 252
54 792 792
123
219
284 560
90 858 998
231
157 98 781
104 334 884
188
76
107 575
91 950 998
246 456 719
12
232 730 894
84
233
0 894
283 914 923
76 502
95
186 247
260
55 401 827
0 798 985
189 81 154
34 901 991
261 568 584
110 752
92 899 993
279 721
140 165 952
129
11
240 255 279
107 669 789
82 385
56 23 142
130 577 615
46 145 175
201 254 799
90
164 524 784
152
42 839
284 124 363
222 987 1000
210 956
206 229 362
151
132 641
183 338 954
204 1000 1000
214 723 839
36
258 661
238 650 834
251
17 691
204 548 754
65 219
143 81
30 362 428
204 84
72 932
18 918
69 257
277 538 971
212 215
48
80
129 125 193
195
130
15
191 356
298 673 987
0
62
122 956
282 614 903
275 286
139 665
119
172 614 691
283 405 800
192
298 519
99 536 918
243 537
113 468 484
111
299 734 893
284
53 53
299
145 811 900
85 329
145 576
258 92 672
38
228 59 997
206 231
146 873 915
191 427 699
150
175 706 951
181 885
0
280 540 720
118 245
158
74
115 206 212
81 846 885
208 941
3
123
35
285 88
293 711
14 427 523
53 263 514
22 3 469
34
82
137 962 989
140
124 480
20 400 557
50
281
199
105 995
263
26 690 969
182 398
171 736
63 29 491
256 97
90
140 746
283 158 813
180 313 429
221 4
210 958 979
113 184 611
171 532
108 526 887
294
146 173 457
65
245 860
244
108
257 155 515
7
42 961 981
89 244 979
163 865 907
29 800 814
81
276 920
49 457 539
149 971
156 242
170
218 64 713
296 206 895
238 670 810
144 225 524
121
145 212 943
32 255 379
61 999 999
252 329 903
28 131
157 270
58
106
29 80 740
147
218
240 683 689
210 506
233 209 500
207 539
152
281
288 830
130 355 656
99 71
222
181
29 945
252 958 980
279
78
285 602
235
8 16
183
89
257
181 704 857
26 269
30
265 239 448
20 406
83 802
17 929
112
273
113 171 534
5
190
104 86 381
170
88 9
127
2 475
110
80
132 449 823
112 693
131 761
16 361 958
161 449 818
231 977 979
293
244 645
2 956
134 610
98
133
192 297
208 14
278 335
112 474
278 404
219 264
174
194 554 624
296
151 108 611
254
244 517
152 635
260
298
271
298 786 864
152
45 152
140 881 959
248 798 853
289
256
238 265
257 141 825
217
215 478
99
60
55 712 878
151 206 537
24
262 451
82 863 990
174
165 896 949
250 305 600
278 479 984
28
225
72
51 330 864
248
296
294 538
61
87 105
37 199
195 452
62 538 852
284
212 900 928
125
21 355
105 274 660
298
295 649 818
253
291 620
38 302 906
40 755 965
66
113 574 721
161 582 983
2 556 907
217 737
170 831
109 450
80
154 465
121
187 572
27 587
234
210
298 497 960
263
21 237 502
163 58 471
137 719 966
22 283
204
213
135
148
119 573 913
190
191
141 275
185
82 59
196
299
243
95 656
21 387 661
184 855
112
278 351 889
118 744
243
262 805 951
147 573 629
214 139 805
154 545 755
41
249
82
16
73 917 987
91
1 253
59 707
115 970
209
234
295 240 922
35
8
7 610
30 930
139 404 651
13
119 54 816
38 714
294 550 722
122 59 665
136
138
23
148 561 697
279 991 996
8
300
30 635
153 568
261 808
10 13
234 501 792
203
167
292 571
287 815
281 342 938
62 424
70 693 728
148 588 807
31 381 612
206 68
37
28 958 970
210 999 999
245 341
182 510 878
172 883 906
66 470
160 977
163 674
294
281
9 285 947
218 283
132 34 773
66
163 817 923
203 899
144 564
77 235 755
43 192
1 56
191
47 772 781
118 785 809
203 328
50 191 773
250 322
276 35
101
105 732 736
95 128 442
278
291 253 352
146 575 665
148 813
50 639
45 28
298
207 141
137 731 997
263
189 59
295 201
176 838 868
87
71 415 447
126
115 243 244
60
117 638 721
121 21
9 81
205 835 995
42
4 393 922
221 580 652
261 126
50 48 775
240
137
97 790 875
190 98
170
161 130
106
122 935 980
155 687
186 358 875
290 67 733
64
272 917
274 90 715
6 980 992
151 593
212
215 522 605
40 283
184 343 394
247
79 279
96
163 51 129
239
203
89
161
284 33 920
94
279 74
153 107
123 658 894
183 301
115 609
144
77 436 683
48 30 770
293
171 854 879
263 988 993
182
51 682 684
100
213
5 267
0 92
259 685 950
182 533
166 900
148
273 976
220 16
208 599 886
31 272
273 412 464
261 20
284 430 656
282 903 960
259 891
264 581 711
150 16 50
29
9 721
296 950
61 55 339
162 328 878
64 232 509
193 122
123 679
12
72 807
290 843 924
213 847
200
122
284 505
30 114 945
41
19
129 34
142 825
214 631
219
234 943 971
58 43 122
8
173 357
101 162
139 936
93 507 742
163 331
57 949 957
27 500
122 588
79
36 589
237
163 798 878
265
278 342 746
284 412
181
136 156 275
1 460 758
52 756 799
171 974
239
219
183 803
296
152
243 192 916
126
46 740 895
46
68
107
86 570
24 530
7 347 748
169 432 876
220 808
89
231 390 950
283 736
300 514
279 739
77 937
158 784
7 131
46
100 190 976
121 31 524
154 964 991
230
221 314 748
157 297 660
256 119
133 228
118 702 856
143 980 985
163 953 982
134 606
271 822
120 826
156 507
242 625 805
214 829 945
96 79 197
85 750
227
192 180
188 651
17 326 381
35
242
154 504 656
21 737
55 983 993
255 434 696
183
269
15 899
249
264 641 860
60 777
170 308
254 928 998
197
11 962 996
189 17 349
131
56
134 472 886
246 112
19
187 113
89 850
116
69 665
263 548 760
88
219 762
214
243
141 262 729
285 764 846
278 596 885
36 868
91 236 889
280
153 39 258
223 244
300 404 883
164 356
4 619
182
180
298
138 74 704
263 398 664
54
205
174 1 621
293
97 661
87
203 877
226
223 663
206
88 75 187
168
294 20 442
229
50 382
262 224
298 47
7 618 830
282 215
69 496 691
184
45
246 561 639
193 567 911
34 631 975
54 928 992
39 541
219 806
160
256 993
218 993 1000
251
144 851
215 107
53 910
236
74
58 916 968
154
121
21
167
172 107
290
222 880 907
71
187 587 875
189 193
196 668
240
274 833
79 643 644
64 902
53 234
66 513
86 10
148 385
243
249 21 931
272 182 934
29 439 446
145 236 483
79 176 459
162
116
95 532
160 129 945
154
247 117
159 299
53
51 47 415
154 608 855
225
202 924
214 313
100
221
226 529 697
270 199 915
274 841 951
48
152 287
77 802 932
89 482 774
95 133 703
88 881 918
186 948
109
82 361
196 33 787
292
17 396
250 160
3
98 232
180 340 393
105 820 871
96
203 803
22 904 918
86 649 960
233 111 828
40
183 228 338
84 499 722
22
272
66
219 837
267 472
25 157 255
251 381
81 144
39
27
264
59
254
175 490
205 504 509
264 463 617
3 608 667
21 532 978
65 369 829
228 463 740
7 52
124
65 328 673
16
11
78 243
250 266 711
96 694 990
125
37
3 555 825
133 382 391
37 396
292 514 651
257 676
206 819
126 100
162
245
269
222 162
268 485
53
220
125
128 558
138 391 801
18
206 691 944
118 499 710
216 829
274 729
88
270
83
279 531
273 937
202
169 406
57
46 681
291 308 501
288 777
118 204 346
122
13 838 947
236 545 684
45 380 410
231 786
172 359 781
205 754 903
217
167
202
191
110
140
34 864
32
155 165
109 594 821
260
40 619 887
258 443
29 269 883
166 424 579
207 118 987
150
220 68 166
205
43
28
174 2 756
4 440 870
80
246 375
296
232 683
167
86 788
104
280
113 549
236 559
47 524
2 964
127 781 957
74
209
163 967 980
262
218
98 876 924
260 422 504
231 522 991
24
252
147
122 452 604
271 344 943
123
290 386
134
122 354
77
239
81
30 343 923
205 859 871
288 310
209
44 53
30 666
264
164
235
78
197 116 487
174 433
27 128
114 689 886
260 90 100
154 563 954
115 95
201 340 358
194 654 671
289
139
175 875 880
142 842
300
199 466 724
77
114 946
79
168
123
179 534 835
107
282 222
116
257 963 973
206
224
5
229 270 721
79 119
127 186 668
279 150 506
167
66
165 113 178
292 712 807
208
200
197 540 821
249 349
232 233 321
70 953
186 470
59 618
263
203 646
147 137
46 868
284 342
4
102
268
55 54 750
10 560 785
268 177
81 594 912
76
80
75
254 163
142 270 709
33
146 709 929
111 566 605
39 890 935
42 489
148 426 980
66 331
269 184
151
253
208
189 299 545
4
74 536
11
227 92
267 716 856
150
222 119 473
50 46
111 675 689
283 414 766
69 592 730
96
62 146
205 775 888
280 359
280 434
244 247 614
197
170 583
192
86
107 177
223 593 834
297
212
33 828 937
99
113
171 407 493
288 326 681
218
213 610 760
78
58
90 481 605
181
296
43 77
184
190
284
98
291 669 930
189 341 667
279 811 959
220 243
100 145
34 565
167
277
138 766
297 579 837
212 663 730
16 3
43
124
33
104
92 805 809
101 660
195
20
33 891 971
129 491
287
253 94
44 968 998
89
250
142 718 820
235 377
135 375
168 909
287
233 72 82
193 283 384
222 541 796
267 45 86
229
0 475 566
140
18
135 895
28
17 989 989
286 119 865
200
150 133 965
183 480 659
163 924 964
300
154 128
150 818 844
206
24 950 988
246 866 904
67 806
199 172
41 164 595
148 589
265
2
11
137
44
159
158
280
210
239
81 55 868
198 677
156
55 349
6 454
196 925
122 682 874
275 978 988
200 364
41 13 279
206 628
275 407
178 419 618
166 980 991
173
225 244 323
36
94 841 945
96 27 587
173 220 286
165 829 830
273 938
250 811
170
94 243
199 994
293 30
294
155 840 857
31 433 727
191 750
123 3 318
210
47
209
42 66
20
262 192
290
24 533 778
267 772
150 388
273 722
244
30 673 999
238
181 468 700
40 985 987
44
183 211 601
270
61 765
162 473 916
299 836
152 509
227 707 853
51 499
146 980 986
69 246 675
233
43 961 983
227
159 330
153 850 952
143 26 632
57 912 941
106 85
175 938
41
77 738 940
103 226
172
126
248 409
63
49 4
127 530
100 556
147 463 768
203
141 151
110
246
160
203 667 888
148 7 638
223 27 881
107 165
254 964
137
111 7 235
273 885
49 900
252 72
51 345
162
291 889 981
10 483
141 292
89 486 900
64
50
196 576 706
237 420 780
86
61 808 878
98 386
62
171
198
73 106
129 18 865
182 894 919
59 578 731
205
248 609 997
17 192 303
275 738 760
234 355 963
180
150 322
224
125 473
125 74 616
109 644 938
211 42
87 602 844
129 422 475
240
39
138 806
176 181 653
227 950 982
243
136 108
283 585 680
2 877
209 389 838
284
6 905 959
165
298
173 789
8 330 961
100
32 26
50 864
290
226 910 946
42 500
164 880 958
39 543
220
228 765
5
136
231
218 509
207 289
240 830
22
33 774 821
264
169 406 857
228 230
98
232 668 744
267 920
217
184 137 640
115
29
92 71 921
200 58
237 321
206 556 954
31 493 623
298
214 860
202
275 153
24
249
280 178
251 338 891
13
83
5
144
287
250 489 622
155 643
74
200 462 761
135 32
85 26
57 347 824
295 290 332
175 857 985
155
11
288
61 120
108 257
12
110
3 830 885
161 867
299
261
166 647
270 468
85 943 950
151 643 854
118 709
0 653 952
270
263
220 275 300
83 88
294
201 348 413
99
236 733 989
80 433
292
272
283 291 436
215 57 394
196
219 309 533
146 762
157
252 36 370
69 479 805
100 878 978
41
235 777
106
127
45 883
221 641 911
127
261
104 646
162 225
277
111 270
188 205
242
194 658 815
225 851 913
265 491
128 552 976
125 197
21
298 989
210 816 878
246
158
96 509
38 284 655
13
124 271
145 824
219 711
154 824
163
221 498
115 652
164
53 482 858
179 801 858
258
266
50 278 921
278
60 978 978
79
42
31
98 777 986
255 258
232 152 470
46 53 899
102 519 856
222 237
205 27 936
81
61 75
20 229 350
10
261 893 903
65 971 978
110
200
296 752 785
253 656
283 357
83
218
250 868 886
205
202
228
125 636
79
168 687 836
3
70 290 393
188 846 933
15 896
236
90 798 974
204 298 741
220 767 888
7 361
83
154 791
34 336
298 181
12 767
148 219
15 707
59 170
7
225 820 998
232 58
228 510 590
279
44
32
189
242
141 424 481
40 959 962
1 995 996
230 780
128 499
50
44
89 936
247 973 977
208
30 742 976
178 537
133 870 954
200 297
42 162
116 713 737
269 290 500
194
173 790 913
172 867
146 420 532
145
41 375
233 354 713
19 336 473
131 996
258 157
170
88 827
287 316 588
116 426
116 977 981
76 258 606
191 543
243 230
206
31 469 636
191 853 957
146 545
117 207
202
139
288
159 826
9
40
241
289 591 633
163
69 786
5 704 835
288 609 995
152 135
66 774
273
271 561
36
294
240
51 767
121 552
32 352
245
33 834 946
160 472 499
248
149 928
195
75 403 699
182 850
144 194
268
116 98 154
13 818
250
195
297
168 376 1000
4 492 530
19 21
283 7
67 927
269
41 325 671
37
279
253 26 110
214 661
167 663
257 47
71 491
139 214
20 544 562
165 16 158
127 373
292
21
71 969 993
124 631
39 288 702
244 203
149 749
22 292
169 623
52 558
140
9 147 563
294 806
184
91
235 54
145 884 918
32 235
220 970
75 409
68
60 77
287
96
90
267
189 705
2 310 944
68 680 717
273 198 614
19
278
49 664 742
39
109 298 866
140 453
228 995 999
88
65
190 117 616
279 861
128
148
259 891 905
189 758 908
285 82 216
86
244 286 654
149
268
111 62
123
124 896 964
287
38 289 415
275 228
212
247 931
29 509
279
289
90 986 996
177 171
232 965 998
59 229 889
282 923 986
72 923
260 970 973
92
65
181 834 886
242 996 998
297 891 991
166 957 975
236
112 192 410
88 720
203 67 500
214 307
195 368 849
88
236
274
249 189 993
116 928 987
70 592 885
153 83
269 765 769
23 690
177 57
11 652 961
16 185
64 64
48 817
98
189
282
260 867 985
102 941 972
67 920
298 995 995
123
167 60
251
186
104
293 54
73 637
42 585 778
231 275 324
15 158
132
255 540
244
143 331
165 669 697
2 284 510
211 279 533
281 108
262 285 446
241 816
298 549
284 995 999
162 662
20 645 907
143
53 484
56
286 529
30 603
245 202 329
7
289
8 103
59
28 59
0 304
166
21 867 959
227 913 921
138
178 212
140
230
257 503
28
205
29 475
243 388 813
267 499 746
292 585
20 872 942
70 754
300 76
216 912 931
227 601
111 590 923
197 979
117
38 659
187 361 913
89 267
260
11 874 922
208 475
181
241 271
243 745
234 373 963
149 437 805
285 488
46 268 742
272 54 654
257 679 945
4
296 287 597
136 988 989
229 87 425
248
181 277
153 413
124 53
143 1000 1000
293 102 512
145
223 394 725
91 815 974
126
247 296
99
253
155
124 550
255
91 946 963
293 859
169 381
209 890
126
123 704
188 262 975
100
82 952
80
79 390
123 620 664
33 780
38 965 981
225 906 977
61
260 616
104 794 816
90
140 202 899
40
96 449 594
257 475
38
250
109 774 856
148
79 349 799
84
229
179
238 712 816
143
269
239 188 308
110 168
51
163 248 679
251 321 984
83
267
39 435
84 399 566
212 721 741
207 630 815
255
200
273
61 676
220 605 875
275 476
23 252 291
64 341
97 13
3 742
100 581 898
51
183 610 749
142 692
94 586
49 883
237
36 165 424
78 156 508
110 572 910
163 768
295 668
188 933
178 985 994
245 389
46
166
233 237 345
182 815 850
117 76
89
202 79
147 825 986
114
92 872 993
30 343
68 668 782
260
74 452 665
121 944 953
70
60 78 266
105 419 912
43 266
274 393 980
298 342
257 219
179 815 896
220 783 840
131 36 976
265 211 302
194 560 955
211 9 188
59 557 653
251 553 675
66 57
170 234 391
8
82 689
261 591
62
138 802 860
273 326
219 573
75 560 880
21 415 455
5 339
156
224 49 788
198 760 780
154 912
89
57
8 22 459
244
186
140 1000 1000
193 627
37
80
209
190
274 415
73 161 722
7 299
40 789
47
161 419 607
298 315
284 403
98
25 688
93
259 31
52
65 181 895
5 970
91 591 828
290 366
209
142 728
18 266
143 488 916
96 209
273 682 764
269 727 865
224 586
213 151 513
121 476
222 375 985
230
182
197 43 477
27 709 786
245 799 848
33 242 972
6
246
66 443
174
166
156 209 739
19 142 915
57 215 484
266 577
275 972 990
245 382
51 761
293 527 666
60 271
103 480
133 630
170 833 969
29
240
188 973
138 267 904
147
84 284 919
257
242
167 148 439
127 993 994
51 608 654
57
257
94 299
137
92 11
0 987
277 397
131
100 593
130
97 991
129 537 610
9 508 821
49
226 78 632
190 436 752
194
275 95
121 32 824
60 500
289 36 716
274
193 301 455
292 700 844
176 381 453
41
108 248
215 816 925
51 555
76
213
278
158
193 318
27
104
86 346
267
18
185
163 152 743
91
116 212
62 456 813
185
234 28 60
128 31 968
268 209
98
167 64 88
244
104 613 853
246 265
75 401 854
19 286 531
113 132
226 226 632
3 760
150
275 156 314
61 657
83
274
134 346 839
139
79 273 308
175 886
28
190
41 446 462
117 150 151
202
260 9
76
131 140
33 139 495
179
2 371
18 768
251
192
23 965 965
205
235 420
261 214
164
296
270 889 984
9 139
280 964
129
125 172 316
176
194 431 563
265 183 700
131 466 716
133 724
84 385 417
29
72
251 647
222 993 1000
161 421
50 564 615
208 83 344
79 759 908
211 640 862
171 137 606
287 9
209 746
256 7
215 83 528
124 345 494
201 122 411
242
19 198
145 225 777
30 480 619
222 917
299
162 593
215
32 474 878
292 801
240 828 866
87 834
91
148
136 0 370
50 703
208
189
114 535
65 991 999
149
118
173 540 637
63
161 855
271 261
101 863 894
159
17 337 873
22 481 780
35 981
66 747
26
77
270 595 976
35
49
172 900 940
231 836
83 620 869
198 578 926
70 776
96 206
186 256
268 54 544
278 539
63 576
3 157 240
244 155
26 476 987
53 528
281 908
116 773 843
150
209 780 808
274 687
226 934
81 24
267 376 790
256 825 836
194 336 630
120 753
48 823 981
20 919 988
187 367
104 703
210
89 879 1000
176 574 608
230 27 182
191 471
110 594
296 613 764
289
120 885 927
161 374 774
161
295 351 379
239 982
241
289
176 610 827
269 680
256
197 605 713
198
220
29 709
248 990 997
185 563 869
256 997 997
229 950 957
160
156 787 803
259
262 397
215 125
112 827
128 766
286 913 960
140 37 831
259 449 950
271 871
100 741
126 622
31
167 104 422
227
66 712
280 624
296 223
49
147
221
186
35
105 175
85 731
56 631
40 330 526
298 421 990
21 9
134
73 632 863
19 227
255 254
15 903
73 750
118 520 987
276 511 555
169
140 804
190 762 771
44
58
282 316
190
282
71
21
258 510
137 884
6 368
228
66 319
5
111 82
112 367
1 997
208 410 909
296 381 745
133 798
208
209 863
190 799 813
55
166 525
51
246 579 594
203 659
245
71 691 866
10 292 443
182 970 987
264 159 617
155 860
206 563
39
239
215 92 784
289 511 654
98 113
270
132 362
44 789
89
70 433 990
98 105 675
41
94
214 97 496
239 667 828
280 286 743
97
90 715
48 767 808
196 766 913
83 394 474
262
13
190 540 952
86 843
253 41 449
186
88 806 897
206
188 113
33
62
23 75
187 116
76
63 687
148
55
13
170
84 654
240 452
219 447 537
30 174
118 801 873
52
277 928
214
269 776
257
7 632
249 79
219 763 789
232
45 829 842
16 629
135 706 951
109
134 939 974
207 311 627
29 43 590
253
126 637 990
198
73
10 488 802
135 194
4 357
143 295
139 145
99 182 912
262 528 739
263 856
39
204
200
294 120
199 353
265 667 765
283 619 689
151
113 42
211 695 990
140 700
211 155 739
285 224 620
225
34
36
296 606 806
104 736
174
225
174
195 534
76
14
300 352
145 315
128 992
29 335
122 57 524
286 983 991
181 381
217 536
207 265 690
157 559 750
263 874
222 418 818
18 443 849
243
69 794
285
259 357
14
6 737
112 361
200
111 806
151 361
170 252
27
24
254
263
164
196
74 475 695
218
150 380
185 594
140 150
41 889 943
46 807 978
11
198 88
94 519
14 165
66
208 418
221 955 955
272
111 822 888
269 168
181
118 762 894
24 237 936
115
98 693 784
38
34 293
170 801 927
216
0 624
187
254 350
63 39 607
20 132
118 301
201 64 844
7 358
262 458
157
145 242 598
22
233
245 495
129 312 609
220 710
120 800
96 873 952
27
263
82
195 21 765
270 538
275 911
6 384 995
253 546 635
216 36
41 268 903
43
94 942
289 696
16 262
126
135 367 527
154
268 300 468
225
229 714 883
246 190 540
281 132
112
236 780 971
95
93 714 862
299
53 54
216 514 828
262 933 951
108 562 624
39 694
73 470 693
183
225 342
154 431 574
210
74 419
167 300
258
191 736 829
184 680
258 142
286 347 827
29
81 455 655
116 684
81
92
76 720
161
190 441
73 811
34 357 463
143
204 774 868
4 455 669
102 66 594
116 102
45 192 555
183
6 133 183
198 467
141
258
161
166 286
137
74
129
182
161 982 997
93 761
144
63 224
126
194
239 449
217 875
2 756
215 429
190 699 755
280 370
60 553 991
207 566
254 108 301
97 131 521
278
164
203 730 862
87
113
35 388
57
285 730
8 729 739
123 842 952
159
243
43 834 947
17 689 989
162
2 309
245 235 451
294
8
259 920 939
28 593 606
17
113
258 30
95
93
193 57 230
197
3 828 860
44 717
251 636
25 291
172 229 520
63 886 979
188
93 156 162
101 166
104 722
4 842
112 564
71 750 979
243
36
123
1 263 976
143 516
171
181
278 532 815
175 483 620
89
27 114
61
98 514
54 833 950
196 823 885
249
176
79
176
50 382
225
120 250 632
72 90
119 604
215 981
111 310
98 155
223 445
25 299
219 386 491
289 854
300 103
21 193
75 210 572
55
244 299 433
213
59
294
161 146 958
91 826
160 72
24 693
189
207
6 748
250 5
59 886 972
180 266 927
5 415 496
44
22 3 11
80
182
272
246
279 296
295 356 485
185 832 908
140 859 859
243 967 968
109 177
138 654
144 951 963
159 936
177 859 895
233 140
270
109 696
11 924
238 173 237
266 693
52 515 722
167
6 509 622
204
83 197 682
180 432 675
280 527
217 154
267
21
73 922
130 613
262 605 830
182 926
42 441
222 923
50
50 580 994
113 952
160
235 466
155
158 138
20
237 23
237 464
54 789
135 200 994
282 863 873
195 92
141 46 312
30 320
175 408 479
191 243 690
82 423
27 407 558
289 631
143 365 656
173 945
51 524 797
20 269 512
217 501 568
276
28 496 562
217
13 139
45
193 21 907
244 901
44 380 700
195
60 917
296
168
41 389 894
289 905 965
75 642
257 434
171
3 589 716
153
195 884
88 378
205 650
28 123
16 321
268 348
87
156
133
203 472 890
268
174 590 840
12 658
173 386 925
246 139 836
156 534
102
252 733 769
183 182 562
86 408
277 70
191
162 841
212 226
281 143
16 954
279 711 726
275 767 859
95
187 183
58
144 382 609
51 222
145
51 972 1000
135 90 282
277 958 984
143
188 132
173
299 481 687
13 864
153 127 894
253 853
221
129 501
178 385 786
255 815 948
51 868
49 968
47
215 53 672
125 804 851
229
108 527
151
189
257 55
125 870
136
110 558
107 567
279
288 469 565
209
154 864
165 384
45
221 93 463
33 964
158 391
142
249 234
189 760 994
42 954
200 323 622
183 506 614
12
292 886 897
254 876 994
172 359 762
81 105
177
284 663
133 597
147 461
125 657
274 492
76
29 930
89 193
54
25
160
292 438 734
171
56 191 515
221 973
77 190
102 937
67
8 840
264 683 713
126 301 796
277
41
46 900
148 639
74 34
172 613
247 539 618
138
101 888
90 352
0
157
54
21
244
123
293 205 277
235 818
53 76
206 841 988
242 738 741
203 535 927
271
257
233
213
154 953
228 688
188 315 865
177
76 843
240 623
254 876 879
24 921
57 987 995
178
45 841 898
208
136
283 234 514
6
228 927
130 379
76 925 997
127 720
145 710 927
28
41
267 421
66 347 827
291 13
157
128 390
15
33
254
213 507 513
110 256 679
97 339
79
277
91
121
122 192 305
54 392 752
269 377
131 462
288
138
19 440
230 332
250
178
59
72
175
230 15
283 898 988
196
30 973 996
201 326
30 1 97
224
63
185 59 251
174 604
51 892 954
138 903 912
190 717 844
218
270 146
153
54
7 145 336
239 531 967
173 481
50 589 744
148 483 910
17
267
90
153
250 982 983
274 580 739
294 876 975
223
273 780
297
194 64 647
67
96
243 88 224
91
116 341
165 611
64
167
12
270
196
293 122 544
116
212 895
214 802 880
144
55
244 534 652
241
165
74
8 202
251 621
184
263 538 842
254 68
244 757
281 906 944
100 439
64 486 746
288 978 999
125 261
8 357
173 990
190
208
100 471
228
49 526
10
185 427 529
160 105 498
164
17 625
111 713 777
222 666 913
20 137
237 166 435
190 700
22 832 960
222
196 602 670
121 679 796
228 607 934
88 490 678
238
255 672
19
22
114
135 163 482
266 222 264
300
180 494
176 791
18
35 543 855
234 905
25 588
88 936
126
26 509
8
7 681
102
130
232 474
54 734 787
154
276 993
68 946
279
136 214
72 813 873
157
54 357 947
240
65
193
253 246 302
59 929
77 875
271 942
243
83 105 997
216 288
217
105 842
294 655
243
147
10 223 468
67
69 729 803
116
214
202
277
185 821 897
247 983 989
237 30
263 325
296
99
109
90 754
65 464
269
245 227
35 566
199 203 424
41 659
154
148 103
287
155
12 46 339
200 201
116 862
202 969 991
242
22 174
237 43 78
275 764
6 583 763
44 766
89 814 815
147 273
48 651
41
95
67 966
235
46
270 867
248
7 956
237
190 0
162 505 987
88 846
271 129
280
92 279
87 72
202 41 557
186
106 348 969
192
156
145 393
182 238
74
50
120
43 667 852
42 640
87 561 760
247
231 730 914
212 715 763
46 673
69 127
71 490
118
131
195 237 763
16 439 680
191 131
91
93 485 548
107 296
245 785 896
233 22 780
289
257 778 831
167 756
63 678 777
58 252 364
22
241 414 793
281 821
257 829 984
212 45 555
168 514
87 300 924
246 668
89
127
288
130 506 952
240 296 613
237 126 957
281 296 924
77 989 998
6
201 133
129 705 921
153
96
271
295 700
180 183
96
154 698 882
82
51
135 484 939
61 52
6 127 709
72 231
79 740
233 312
183
36 488
43 576 694
95
58
189
250 762
277 935
60
163 403
299 154 191
66 644
185 766 998
203 341
141
158
246 47 493
94 664 883
185 765 821
44 384 844
37
244 761 917
282
291 70 794
208 911
57 835
228
298 601
212
158 437
12 821
201 992
92 835 991
114 295
194 121
131
181
109 685
181
80 440 606
199
244
142 794
197
285 853 996
84 213 508
161 560
298 742
286 387
153 490 964
97
2
210 416 702
114 388 490
11 856
93 759
46
272
1 971
161 739
61 228
110 876
235 992 996
292 653
144 591 800
139 619
134 789
207 619 803
135 136
37 480 775
178
254
208 437 576
107 842
45 369 951
241 919
290 787
188 95
252
253
30 584
219 319
127 556
169
236 918 920
284 433 999
147 142 790
266 776 964
11
249 457
180 159
14 182
178 209
300
213 692
298
210 253 868
0 935
99 686 695
169 390 582
45
197
101 154 552
7
21 238
133
300 950 985
139
215
138 567
256 44
199 89 661
68 440 604
33 127 192
214 55
187 111 150
94 653
57
166 76 878
78
2
72 530
34 339
225
117 263
64 16 797
211 728 988
43 668
80 336 532
137 867 884
281 52 156
194 81
208
150
176 760 937
165 492
192 573 746
203 553
168 180 580
18 703
178 445
21 526
180 600
259
93 151 338
80 944
24
232 759 919
281 54 548
231 304 434
247 858
78 830
199
93 92 273
207 813
11 497 553
219 867
57
48 26 911
279
1 878 955
295
142 625
45 891
84 795 801
289 954 990
86 820
280 86 95
133
65
146
133 236 904
285 21 730
120 470 575
262 617
129 260
170
99 129
119 725 980
165 271
247 695
124 673 704
253 542
261
267 98
163 454
283 835
234 618 947
130 32
65 965 980
227 330
115 693
183
194 317 455
274 325
223 10 952
167 493
168 106
242
114
268 794
228 857 920
199 667
15
72
50 234 770
107 245
218 778 797
141 446 948
104 721
287 779 882
143
104 48 718
32
32 211
254 721
219 951 955
186 608 883
137
241 280
17 344
79 545 700
151
149
36
164 419 933
72
211 885
78 999
164 869
183 200 558
19 592 925
202
279 688 873
53 767 918
41 984
87 777 943
214 776
238 341 670
25 231
47 113 378
62 237 549
265 889
59 646 681
210 538
96 315
181
288
235 730 842
76 951 951
89
247
40
4 638
277
288 2 401
25
84 936
151
234
18 713
51 654
282 264 679
274
141 907
206
29 520 952
39
282 880
4
202
166
206
268
121 674 679
74
147 294 660
80 56 178
298 161 427
150
26 393 461
36 951
196 219 414
270 513 582
236
28 194 614
139 188 302
193 454 805
84 757 830
179
179 143 373
12
125
214
98 408
192
152 875
46 627 936
8 17 70
80 348 519
108 251
132 28
257 645
278 686 951
258
109 99
176 435 861
293 883 925
141 363 712
27 662
157
260 287 883
151
240 389 764
37 849
258
58
293 750 815
166 545 987
158 746
32 547 608
39 524
120 158
230
241 85 420
27 203 478
118
260 500
56 780 810
139 926 940
164 502 559
90
273 645 947
75
59 415 768
121
201
129
142 360 614
229 530
138 257 297
22 241
244 72
85
269 986 996
183 248
185
281 1000 1000
147 835 892
161 864 961
123 921 973
262
38 633 962
175 780 899
277 685 905
291 827 833
270 898
267 409 772
290
92
186 345
21 425 815
28 88
276 709 834
207 692 889
193 658 868
188 900
106 774
198 608
251
149
54 568
55
34 763 790
227 243
232
103
214 174
39 166 439
241 855
295 836 871
113 306 819
127 653
147 105
73 349
2 222
135
68
253 456
148 224
228
202 175
162
29
215
26 720
214 422 669
0 768 926
128 325 975
39 797 809
132 136
290 411 907
63
75 3 977
203 208 940
27 85
46
123 920
51
135 349
58 192 820
264
63 24
137 753 903
150 68
47 265 273
45 98
185
2
210 517 610
233
269 775
165 734
160
57 108 402
207
289
12 885
104 722 920
134
79
146
241
158 801
51
161 434
71
12 358
215
274 525
36 243 327
196 95 443
236
57
138 690 786
270
197
217 518
279
121
0 183
286 668
13 873
7 584 659
114 346 386
248 35
150 950
35
145 576 831
93 270
51
36 939
166
136
96 401
228 982 988
100
5 433
37 543 569
2 118
22 978 991
184 171
49 446
239
171
236 761 919
124 947 983
152 954 987
100 737
75
84 715 843
132 886
181 21
62 211 719
237 585 811
212 159 694
142
62
190 372 449
12 30 82
186
93
281 867 996
224
89 670 997
262
222
63 76
296 285
291 347
289 952 955
256 375 841
48
277 642 973
129 665 711
107 244 553
243 320
267
243 559
180 2
77 970
6 719 851
231 64 268
172 239
182 486
61 730
103
168 725 726
210 65 408
165 457 849
43 847 885
12 564 582
118 816 996
5 772
235 243
102 485
121 869
165 812 869
159 268
248
112
262 148
230
18 549
38
73
208
198
194
79
259 896 967
100 816 1000
238 14 348
101
69 906 995
8 578
99 649
300 437 440
39 341 973
179 237
177 400
145 294 869
203
111 195 915
8 973
265
138
158
300 751
289 782
102 574 866
294 636 889
181 0
65 818 980
23 842 941
112 149
230 305 624
4 570
258 891 972
125
67
232 548 685
281
159 838
77 554 928
94
238 35 875
53 86 270
118 638 893
222
208
194 56 210
260
9
35 81
295
105
61 663 664
79
55
291
182 461
38 79
196
236 564 962
160
37
281 75
59 1000 1000
261 813 844
14
167 709
203 257 583
118 782 865
82 346
126 557 743
27 322
276 715
21 927 955
239 652
288
190 926
49
10 678 934
17 23
43 212
28 454 470
260
282 939 990
64 631 811
250 681
91 135
277 927 947
114 862 997
57 381 521
142
0 694 741
281
188
192 375 980
21 232
22 322 505
183 160
40 943 947
181 963 988
171 628 853
13 555 583
296 643 833
149 56 350
86
217 971 998
288 344
215 671 689
116 744 889
184
110
261 362
93 4
103
277 872 977
214 768 979
293
207 797
261 641 646
64 351
175 388
84 441
205 93 579
140 997
22 103
121
62 64
98 914 937
190 244
14
82
77
112
16 904
254 792 941
227 295 746
267 857
275
219
9 141 483
4
152
79 286 970
40
27 150
130
93
157 689
251
220
160
16
264 725 967
117 76
296 483
7 546 642
7 439
259 232 442
156 47 146
268
37
34 183 635
120 774 978
186 841 989
218 892 934
257 330
256 162
61 683
226 822 929
276
79 895
199 486
33 844
187
20 216 974
135 139 984
90 327 578
192 808 810
37
28 35
184
202
128
65
178 118
106 25
111 307
10
101 421 427
142
72
255 612 796
61
74
202 618
275 836 926
40 861
133
92 637
133 330
4
184 476 865
159 778
265 665 869
236 974
295
47 22 711
112 673
97
284
37 6 379
85
173 161
173
58
217
145
127
201 4 328
217 619
142
195 538 748
37 234
228 318
20 372
65
283 316
95 62 900
284
14 977 979
154 159 328
68 387
187 894 920
231
79
2 87 889
19 832
159 346 462
245 341
176 335
107 873 940
36 169
6 63
82 329
222
174
250 998
135 323 992
98
61
101
162
155
176
280 312
11
202 856 926
126
214 882
193 894 996
63
73 488
260 622
63 631
254 210
238
83 954 981
78 557 798
131 660 869
30 553
266 0
249 733 990
155
220 699 952
295 123 145
291 76
98 824
107 383 648
150 846 846
193 537
147 903
1
221 778
208
9 301
79 117
124 798
180 741
55
62 570 699
176 357 515
232 560
194 759 848
183
184
77 492
19 555
1 185 980
1 910
143
205 276 989
44 975
10
105
255
139 935
111
299
134 260 914
217 638 696
64
219 822
173 328 548
68 262
101 421 962
251 131 665
211
87
158
88
254
241 22 846
69 87
127 106
298
54 323 728
261 648
272 682
118
276 109
99 518 652
240
94
74
34
35 239
38 411
92 211 748
108 786 931
78 78 245
0
1
190 204
74
237 135 356
73
32 475 600
145
109 191 794
171 815 907
116
50
50 967 969
136
30
89
32 713 762
164
166 736 824
156 902 954
39 406
159 471 671
88 329 711
194 507
283 556
42 551
149
15 607
240 335
3
295
171
154
95 892 952
203 96 575
128
27
18 634 823
145 28
35 107 795
139 769 907
16 240
230 77 940
205 168 915
224 479
61 595
39 942 978
16
247
200 152 806
247
72 808 810
24 740 948
5 537 750
143
20
256 899 910
291 535
166 441 484
30 987
251 760 859
103 134 550
75 341 679
65
57
143 24 54
12 676
45
148 403 694
153 383
107 166 624
247 300
247
285
78 65 405
249 251
235
168 434 444
131 968
268 94 699
265 928
137 864
83 986
123 579 779
300
165
84 559 963
164 994
231
180
80
273 183
220
296 456
201 689 871
98 92 251
109 619
116 177
133
253
174
210 441 710
231 580
98
160 507
44 195
225 137
169 165 926
96 32
25 894
157 988 999
167 429
176
185 279 880
82 541 618
156
300 526 991
109 860 926
165 9 709
180
145 621
186
232 147
77 427
157
83
68 756
171 281
49 292
216 718 940
180 236
234 102 561
1 805
79
26
234 782 790
272
296
240 225 919
20
152
15 40
249 351
114 807 949
287 442
256 881
87
189 581 965
180
177
202
162
167
17
20
140
231
199 91 947
237 895 906
144 204 771
86
133
223 980 989
287 317 329
191
219
193 52 981
210 143
47 805
204 58 403
60
292 338 829
126
249
287 134
96 827
44 105 197
128 831
58
177
16 247
94
35 327
199 638
266 915 927
121 600
178 687 958
240 891 960
100 438
174 132 184
146
165
65 191 312
224
59 238 955
95 567
155
95 474
75
208 929 1000
74
169 288
283 213 937
25 452 459
141
220 106 592
149
182 139
206 35
29 369
103
284
86 389
255 602
185 762 970
126 824 874
229 116 150
101
109 982 991
40
42 879 917
65
112 15 611
136 723
84 930 973
81 912
237 718
223 461 718
216 987
234
73 787 871
250
255 453 513
37
272 125 128
162
298
0 91 108
5
221 971
179 148
275 945 988
37 840
114 358 832
145 103
264 599 658
239 532 631
242
177 594
296 31
209
298
92
29 670 757
277 925 974
295 913 996
265 340
103
75 604 833
107 557
183
64 670 773
282 651 721
247 420
285 219 906
291
204 235
262 785
157 9 906
263 882 944
160
233 71 740
286 826 960
79
197 513 643
147 404
226
1 89 826
278
17 837 881
124 444
199
184 351
147 926 996
262 174 916
264 269
173
148 490
196
19 619 715
106 962 977
230
224
19 223
24
89
20
233 17
159 274
290 134 738
173 41
150
193
159 639 754
154 597
127 480
0 566 816
66
156 2
228
118
290 541
140 360
291 832
183
267 962
278 927 949
36 948
15 753 764
208 207 390
242 941
250 406
288 635
210 755 944
133 407
235
22
7 824
153 465 878
267
284
246
127 838
149
184 892
51 647
149 455 725
93
198
16 598
244 907 980
100 407 497
168 422 595
296
300
122 707 915
289
152
54 701 763
184 989
231 51
266 310 784
24 180 393
29
28 732
169 966
78 876 971
127
295 880
178 868
126 540 853
36
281
43
205 492 622
60 210
218 583 941
101 196 982
110 696 791
100 326
133 867
36 406
79 472
100 47
43 666 953
16
14 122 840
209 880
132 808 947
10 600
257 696
183 446
250 330 720
240 810
229 18
175
53
109 833 911
224 716 857
89
206
4
145
168
63
31 730
191 238 956
26
203 663
237 495
224 283
12 353
300 600 835
290 127
73 771 873
32 140 937
210 156
281
9 234
248 345 580
125 285
22
125 423
46 513 733
65 0 718
96
231
99 920 920
49 261 876
117
65 582 847
204 455
34
98 595
278
161 125
50 956
149 632
114 256 711
70 204
91
221 294
22
144
199
103 198 609
90 918 928
161 994
288 603
250
286 551
77 263
250 380 867
20 387 694
291
80 781 822
59
184 382 578
165 985
227 843
22
182 83 254
117 463
105 91
183
263 76
250
22 325 386
195
59 78
44
67
242 590 797
58 412
72 230
256
211 543
141 483 659
110 498
271 798 956
272 362 959
50 841 1000
163 311
142 388
80 844 859
258
298
57 756 892
143 757 924
91
254 851
108 108
125 346
250
214
150
138
217 628 655
56 534 922
257
40
178 359 926
122 644
251 36
234
147 740
107 580
139
77 199 821
230 423
16 694
194 144
206 645 725
162 848 984
128 487
166
222 132
276 453 772
48 509 869
211
155 575
137
89 117 385
222
294
70 84
88 255
288 808 914
7 448 849
106 694
288 686 867
204 849
195
25
36 583 737
37 417 604
241 108
111
267 873 903
255 256
80
251 482
134
186 654
47
101 51 350
61 468
63 190 192
36 770
215 431
124 734 886
238 215
179 962 997
179 957 992
193 698
263 688 939
205
150 338 542
200 459
15 352
194
295
240 144 388
290 380
148
230
132 466
273
43
27 242
57
226 348
111 518 530
74 105 157
42 96 134
109
258 540 883
166 688
59 405 926
171
161
251 332
151 850
111
133 608 733
295
203 138 502
185
193 561 691
14 966
106 522 929
26 422 837
97
36 335
257
252 489
84
38 288 703
126 836
2 111 950
117
133
68
261
215 617
161 904 973
182 677 977
288 707
27
276 747 890
114 424 715
146 305
189 464 707
50
161 152
80 615 924
187 103 326
118 593
49
249 505 719
238 852 899
88 869
56 379
227 677
6 877
16
216 128
13 856 935
287
13
209
47 597 661
213
288
33
260 210
50 78 562
105 343
49
220 650 943
28
15 473 766
258
170 260
80
37
127 583 623
162
193 694 909
272 927 999
147 442
111 825
174 841
211
15 649 814
253 667 829
52 762 832
220
293 67
126 501 670
79
127 520 806
13 529 745
285 437
186 104
33 430
282
245
274
194 821 833
105 289
181 899
55 370 889
159 433 962
109 193 722
260 623
1 814
90 778 853
101
59
218 291 662
259 599 886
194 251
287 340
213 533
29
154 659 973
98 799
149 899
249 544 839
45 873 905
40
259 508 726
221
45 173 449
255
241 276 595
176
274 13
28 164
250 246 260
226 245
21
240 394 614
290 474 812
15 292 912
152 914 966
243 617
26 297 477
192 550 826
245 722 845
134
282
42 265
172 589 945
151 964 998
164 189
190 121
131
21 476 984
292 465 781
284 736 846
231 458 461
23 380 986
131 207 914
266
71
151 374
253
228 345
222 358 798
98
28 642
65 912 1000
205
14
139 178
266
26
143 796
10 762 932
137 642 936
244 425
178
260 501 613
111 593 665
251 815 940
14 340
217
210 58 792
26 115 670
137 988
265 882
253 143 876
231
252
24 442 470
52 172 877
159 575
76 358 730
280 287 435
225 920
4
241 515
131 414 595
18 723
229
11 794 948
287 684 688
154 115 712
73 26
81 992 1000
252 850 926
23 82 196
218
238 420
227 214
2 230 747
11
294 933
61 987 995
27
86 429
96
87
70 655 804
107 564
117
277
194 565 826
245
6 376
119 340
184 925
280 531 651
130 195
58 23 576
12 959 973
51 269 991
69
249 845
4
169 389
171 788
225
8 695
36 234 452
180
23 857 952
209 82 568
177 877 961
105 746
300 680 907
54 744
144 711 745
201 635
206
153 105
121
181 53
6 195
187 606 875
85
153 274
100 781
5 491
155 125
44 752 873
263 529 974
116
71 972
2 668 923
242
94 538
122
246 499 885
22
55
265 178 711
155 553 741
57 292 303
195 260 902
38
85 495 766
120 687
73 316 471
113 242 545
186
187
141 22 426
97 801 831
197
289 8
13
130 190 833
289 268
101 417
173
288 525 718
24 363
59
185 750
125 518
44
156 683
45
298 521 570
189
228
164 342
176
149 904
220 86
117
192 352
292 927
159
129
84 39
222 100
233 88
231 452 579
54
174 442 693
53 468 784
102
185 844 976
141 971
47
209
54
202
32 639
35 334
272 425
237
271 316 617
111 786 821
256 871 920
167 545 967
261
237 827 981
199 612
296 232 921
194 106 475
15 467 609
234 366
108 136 738
238
199 109
212 920
54 298
116 698 701
88 337 349
152 615
289 401 439
225 217
149 800
159 829
0
148 527
194 831
148
72
42 839 894
60 397 810
227 516 579
7 184
72 223
189
35 990
186 754
283 809
34 14 570
253 134
209 400 953
207 234 686
57
129 13
60
105
18 17 657
162 826
230
34 67 473
286 165
254
3 226
61 16
139 720
288 596 623
257
160
64
294 562
114 365
91
61
81 439
92
102 758
90
156
129 105 833
209 321 952
40 634
144 640
235 163
222 28 855
294 771
96 218
236 76
88 34 918
47
160
188 507 715
99 837
293 363 656
43 81
47
52
82 396 773
231
30 190 975
73 842
142
248
100
121 401 893
206
6 699 817
234 848
14 243
166 988 1000
296 171
119 41 807
185 710 758
110 595 650
134 166 722
271 307
72 281 339
34 108 627
28 724 793
31 844 893
220 810
249
57 535
68
280 216 623
245 944
109
228 712 820
12 331 791
290
27 29 492
62
125
75 666
118 181 389
255 69 832
290 917 978
158
167 532
32 828 870
213
224 861
169 517
54
155
94 987
195 696 762
184 302
145 711 852
23 892
264 93 796
135
189
270 630 845
124 90
72 246 344
245
235 350 927
115 189 500
259 146 273
85 963
84 888 990
97
101
164 690
61
43
8 760 822
95 577
195 295 490
177
132
211 237 622
218 301 654
75 598
136 128
90 967
271
176 26
98 447 781
21 428
0
216 538
82 156
100 411
163
250
30 461 497
58 878
173 870
57
175 593
171
212 357
182 53 649
288 892 916
222 984
132
84 81 886
217
265 163 714
295 446
71 980 999
115 772
241 54
99 115 744
135
299 315
74 87
136 960
227 205 538
149
198 359 836
47 130
252 225 968
149 139 253
205
231
179 961 984
139 426
244
92 561
44
251 81 285
284 675
284 250
81 389
4
246
238 557 994
239
182 683
275 934
283 558
65 329
94
148 944 990
62 22
122 692
60 295 331
227 675
189 837 917
153 221
14 245 342
286
78 901 926
262 218 989
192 600
198 514 899
188
233 236 363
161 564 694
239 919
243 285 297
255
79
150 51
251
216 419 945
278 578
3 662
143 715 998
36 160
229 856
198 803
227 636
260 860 878
15
257
23
130 994
155 491
278 205
295 952 953
192 525 734
225
15 881 966
73 444 882
161 582
50
101 745 750
225 583
168 835
79 81
67
75
40 647
162 59 953
85 350 837
144 766 860
231
98
230 174
7 213 946
53 211
294 91
24 827 979
123
139 422 980
282 748
212 58
29 23 448
14
233
141 32
176 3
149 312
152 623 889
291
23 832
247 208 522
280
152 53 958
147 722
96
116 447 611
263 449
114 441
56 895 908
76 572 821
251 884 903
175 579 605
181 602 615
7 815 898
280
231 249
146 762
20 346
275
60 411 641
41 709 947
249 842
93
96 654 826
171
203 78
135 713 927
196
153 177 694
229 279
278 215
295 770 797
42
160
74 613 840
45
52
111 997 997
290 227
152 950
85 419 887
1
103 557
54
258
36 614
81 333
153 987 987
46 739 819
263
188
92 31 821
236
115 211 566
143 214 877
221 901
98 674 968
121 428 705
152 440 450
170 52
160
54 268 854
282
288 544 579
144 418 899
110 199 552
189 871
288 815 846
148
277 117 325
51 490 671
119
192 535
35 392
26
286 286
218
288 514
13 357 408
284 495
276
209
78 787
230 128 512
191
152
107
244 313
268 370
119 336 606
40
161
29 650
224 305 470
17 368
157 223
164 639 869
33 953
42
161 462
288 591
34
118
126 195 331
256
201
263 511
182
102
227 382
219 454
28 916
121 764 889
122 728
296 902
86
35
82 577
150 538 708
185
77
296 632
14 23 771
39
100 154
35
98 419 878
235 473 604
54
231 326 519
140
4
89
61 374
29
56
210 689
257 485
203 352
265 842 869
36
244 107 410
96 104 701
298
72 560
128 42
287 731
130 395 911
43 120 125
149 818 828
262
277
177 46
174 290
276
221 479
167
226 727
86 812
141
31 334 857
202
10 865 872
162 601
129
104 126
45
161 717
35 133
154 924 947
1
281 311
40 702
251
249 503
121 749 900
130
150 503 908
207 830
20
64 708 787
150 671
261 649 954
199
15 763 902
267 201
267 380
55
248 402 501
15 982 987
219 619
34
33 618
137 811 860
199 573
200 60 215
65 466
198
170 509
100 286
161
276 308 789
1 616
182 432
158 639
28
247 931 974
120 332 847
163
235 818 966
137 5 792
2 946
296
55 756 894
233 688 857
229 942
120 692 822
79
286
43 720 852
221 725
47 832 980
55
66
248 602
82
10 849
7 199
277 583 642
48 393 628
240 705
236 293
23
85 430
21
138
222 992
300 580
291
25 325
271 283 657
76 371 648
231 354
228 989 990
247 292 641
255
106 998
255
54 157 481
214 625 1000
25 870 876
125
251 591 760
113
254
24
54 755
287 993 994
121 976 985
245
228 383
127
252 546
120 672
182 475
159 316
39 513
127 191 318
100
174 501
166 597
74
95 521 781
55 306 962
250 658 938
3 428 672
106 361
210
15
189 415
3 702
85 181
177
54
119 152
265 624
153
296
104 841
13 378
190 784 817
273 385
155
65 27 500
129 641
202 388
51 177 182
116 796 918
255
183 221 686
165 961
133
205 868
81 106 621
205 345
183 996 996
225 453 656
279 61 145
263 816
123 353
205 966
21 515 696
262 226 830
286 550
5
28 314 885
172 905 937
148 820
289 656
175
206 555 678
86
226
64 636 980
271 893
149 618
114
289 258 385
41 756 778
135 415
135 187
186 514 828
68
178
19 713
276
164 249
71
57 26
22 641
216 625 792
159
19
114
53 939 956
285 461
210 881
169
189 156 986
298
169
84 10
226
116 674 808
255 368
166
42
15
225 338
247 848
206
152 441
218
127 734 848
19
107 81
155
271 241
253 594 830
230 622
14
236 162 794
21
151 901 914
15 407 829
206
155
136
281
17
59 709
162
287 828
59 355 854
248 129
120 226 858
90 846
38 154 336
9 867 902
128 855 985
42
246 428 828
275 783
197
16 591
137
176 2
120 985
78 243
242 367 694
227 724
172 944
128
51 157
200 229 564
288 848 885
72
85
277 320
3
223
41 651 804
160
237 259
52
201 183
217 427 822
111 16
7 930 968
71 84 210
118 93 557
135 1
169
217 753
23 927
118
212 860
295 56 784
118 776 907
284 550
76 871
50 426 799
140 511 526
170 388
288 821
239 368 892
121 189 687
11 649 853
182
289
39 145
299 778 823
35
154 784
218 107 259
84 165
35 279
299 256 644
262
126 916 944
239
63 785
152
276
201 320 767
201 797
28
63 239
59 998
63
138 679
122 542
2 925
104 989
47 801 972
27
17
91 64 115
24 876
65 845 858
278 966 976
113 456
283 421
200 257
78
54 772
38 241 588
297 446 510
170 580 676
139 192 929
10
242 795
194 817
37 699 909
184 160
3 157 717
294 356
81
128 540 763
149
9 59 254
299 983 998
290 273
183
299 227 600
16 384
242
9 302 649
33 532
122 850 850
176 489
268 744 757
118 570 685
50 353 657
97 427
291 425 741
26
286 512 872
25
290 730
61 10 899
261 134
80 713 802
29 253
213 854
102
250 658 670
263 169
152 530
167 70
255
131 14
142 475 701
289 87
54 294 718
135
242
99
11 470
5
138 761 972
258
33 746 859
197 205 406
30 994 995
53
199
292
168
5
131 45 867
13
138
171 71
245 89
103 404 834
180 256 437
116 845 962
156 207 271
195
172 618 763
2
157 344
114 307 640
220 115 953
244 513
59 484
19
203 759 908
140 420
208 728
16 46 91
240 320
208 31
21
211 350 577
27 235 404
251 724 858
72 634 742
277
226 236 390
191 639
52 38
22 111
230 796
81
144 630 799
246 557 681
158 881
293 242
292 478
131 807
131 813 995
212 829
135 386 608
129 691
74 499
40 330
146 196 928
259
78 907 996
289 65 483
103 846 947
149 420
111 263
167 450
154 884
300 198
86 445
50 757 895
271
261 456
95
157
83
113
65
232 957
300 499 529
206 363
70
150
38
103
274 628 781
167
275
282
252
133 851 893
13 381
268 80 427
8 10
297 388
40 727
263 918 936
260 300
46 421
265 835 999
207 298
95 116 793
191
6 182
103 339
76 715 721
253 735
15
90
109
138 789 985
7
144
199
270 274 797
77
27
129
215
103 622 942
46
128 1 730
256 149 823
107 832
70
134 569
160 261
162 249 920
295 226
231 512 731
259 278 536
123
214 81 259
194
156 94 145
276
99
44
155 658 790
293 661
193
289
300 893 948
191
182
152
78 739
20 206 217
279 115 828
246
110 667
212 763 779
239 680
174 396 753
241 782
73 965 993
214 901
60 136 468
275 936 968
127 59
241
216
254 286 359
5
128
151 770
291 262
181 651
295 668 690
295
74
228
122 747 936
145 889 931
124 90
300
198
43 441 511
18
133 811
8
186 460 733
182 698
231
151 880 994
30
66 176 523
92 774
66
206 848
203 916 945
177
240 766
169
68
46 282
76 532
130
280
148
94
163 658
184
110 888 992
82 778
272
40 347
11
147
27 592
64
162 645
240 208 802
144
168 918 927
19 748
291 957
282 931 946
2 714
24 442 612
286 50 991
275 689
57
66 713 886
34 374 841
262 20
241 13
205 325
178 489
279 705 724
165 736 834
47 183 211
26
65 32 105
286
52 260
136 681 864
96 188 364
186
129 517
26 252
129
192 173
162
296 225
201 154 696
272 529
261 228
9 407 606
208
273
299 174
115 318 815
84
50 784
300 200 516
153
55
281
252 904 966
82 753 847
0
1 888 989
105
264 101 950
14
162 575 584
278 453
46 697 855
283
231 316
180 769
163 313
199
111 308
283 969 971
155 278
200 685 711
108 624
251
215 223
186 240 826
253 528 690
178
263
35 285
144
84 37
225 869 982
110 581 749
195 594 627
239 189 264
127 436 587
150 707 906
235 264
188 100
175 285 795
202
294 706
74
28
136 330 800
72 662 971
68 609
245
263 489
285 482 810
66 260 904
99 792 904
87 494 988
138 514
58 942
129 562
170 498 738
234 427 942
28 783 974
91
195
126 25 699
292
151 191 372
197 858
228 824
237
277 9 281
66 525 822
59 728
238 587
203 302
81 383 782
275
247 689 942
47 655 976
217 517
232 515
133
177 205 933
79
40
48 198 355
231 804 938
14 398 921
116
155 794
19 294
79 760 997
15 965
81 692
78 763
174 642 911
54 821 866
58
143 305
174
96 30 571
244
187 698
286 446 762
137 899
185
92 825 895
234 258 933
270 48 242
86 657
210 560
294
64
172 234
156 428 881
16 287 357
109
101
25 329 887
16 314 345
3 461 936
215
245 768 922
167
234 844
265
124 824 878
232 348 948
288 361 622
26 262
288 414
289 706
205
20 807
46 941 993
198
91
272 994
230 490
172 660 900
231 909 958
152
236 589
18 992 998
80
39 557
79 559
67 968 987
230 930 960
64 75 678
30 558 814
63 838
97 23
266 728 968
114
296
196
8 882
68 445
132 979
159 171
38 420
33 106 229
147 837 931
206 494
150 104
213 147
146 271 786
152 249
247 856 921
141 966
191 222
87 983 989
260 506 922
127
265 986
110 556
23 262
18 946
172 491
134
186 583
128
190
99 269
203 610 785
139 286
163
224 794 853
240 740
60 284 491
72
224 435
114 996
263
165 456
267 899 953
209 366 536
187 747 812
61
121 510
193 577
65 565 758
20 880
41 833 921
78
267
61 946 969
286
218
256 62
190
32 851
111
128 207
107 584
201 107
53 661
108
176
111 100
178 169
188 747
183 595
112 679 723
71 488 504
278 195 607
84 260 417
291 34
246 976 991
228
292
12 76
190
241
251 751 936
11 31
64
42 273
196 546 893
6 370
296
206 103 408
249
271 135
171 823 982
82 887 964
144
107
231 275 345
230 254 769
142
77 219
149 849 883
246 44 469
21 900
21 406 724
204
83 641
219 525
60 469
105 139 843
255 270 505
51 791
115 235
144
30 156
242 876 930
271 911
185
195 783
125
40
81
62
7 426 679
174 189
37 372 944
192
160
130 140
135 220 605
11
207
288 93
48 199 855
103
226 871
222
17 839
127 69
95
186
192 847
23 72
52 4 593
108 45 335
47 471
65 600 653
190 438
162 72 990
292 698
262
263 263
158 187 944
266
246 283 575
23
150 308 627
296
158 273
64 295
147
199 602 832
102 639
0 456 870
205
263 108 756
89 469 536
210
178
81 740 973
129
218 197 388
192
142 752
139
37
277 559
279
192 312
156 598
187 516
9 247 655
71
111 85 636
200 430 678
185
212 750
139 593
232 808 953
136 24 253
62 254 765
269
281
46
115
130 850 875
187 800 995
252
263
0 211
131
102 580
279 834
176 922
222 412
140 985 997
300 938 953
120 13 459
39 904 951
81 165 854
210
157 816 905
12
178
126 31 84
139
52 334 800
173 578 999
233 171
29
146
249
213 100 985
98 832 988
96 356 845
297 585 787
275 938
128 206
137
122 703 850
298 692
83 938
99
248 998 999
293 44
120 411
187
272 542 917
125 700 809
209 403
232
15 867
75 84 326
3 409 535
72
246
157 721 920
183
127 874 971
154 583 983
52 614 944
137
29 779 918
236
133
183
148 920 1000
67 804 978
199
78
205 928 994
134 231
208
12 329
233
14 1000
41 742
227
157 565 800
85
214 80 213
61 698
4
247 679 774
96 516
69 844 867
84 586
184 937
157
107
164 643 952
139 870 982
293 430 969
124
275 59 157
71 794 857
260 934 997
230 582
121 239
175 883
163 831
237
8 29 992
231 764
172 248
109
129 831 997
160
176 550
106 258
26 280 589
38 736 894
199 455
232 996 996
251 160 680
227 409 560
177 493
277 13 887
44 167 236
109 53
65 881 957
93 809
156
253 836
128 777
77
70
296 150
172 657 723
149
178 223 621
53 794
140 720 912
188 225
30
275 804 944
69
292
163 789
218 930
44 942
237 250
233 768 983
140 582
287 232
190
57
40
72 724 770
143
165
269 827 977
83 324 649
231
42
19 329
238
148 254
60
132 279
249 991 992
232
135 954
258 468 676
90 544
122
287
0 278 524
3 203
107
74 960 980
82
0 1
158
289 862 957
105
227 495
234 824 976
260 587
241
184 185 914
113 715 826
38 41 45
220 507
139 788 796
28
262 387
163 26 147
243 585
295 363
33 455 848
257
137 324
270
10 43 163
15 549 932
77 522 896
48 803 892
258 264 793
248
266
247 528 902
57
16 744
199 320
128 870
123 469
171 94
161 304
211 172 415
85 340 575
105
112 236
49
8
276 452 804
277 197
285 818
44
106 919 989
41 58 828
23 381 907
176
175 868
190 277 364
258 554 569
191 581
184 640
180
186
190 627 787
56 805 886
203
66
26 997 997
272 573 691
112 734 865
176
23
4 908 994
191
13
274 654 881
147 363
296
123 58 618
246
113
129
223
12
239
261 33 571
95 477 482
89 959 977
53
237 580 724
75 14 481
139 191 965
139 741
266
249 334 455
91
53 967
85 55 514
11 618 654
238 538
208
250 960
97 627 939
242
283 953 966
279
168 325 780
60 71
146 873
89 477
80 332 414
160 218
171 307 323
294
0 525 564
32 25
213
273 749
118 621
81 81 481
271 104
47 887 937
177 227 379
13
178 336
81
294 525
238 810 978
187 564
189 406 719
118 27 271
192 690 905
185
38
222 256 618
184 310
64 603 854
156 975 1000
30 395 997
79
226 583
300 963
148 781 924
170 176
16 830 870
206
20 126 728
163 115
209 125 719
213 322 393
30
122
3
38
67 570
138 192 297
213 547
274 779
268 302 672
125 664 978
28 816 1000
50 603
37 653
291 574 685
30 456
50 38 466
165 345 842
99 254 748
197 817
185 538 898
119 411 425
280 181 896
296 565
295 789
200 361
145 782 811
120
158 853 889
149 175
217 100
138
34
182 745 832
263 267
86 645 733
32 960 994
9 680 853
32 933 944
16 505 947
268 874
160 875 959
225 524 561
192 351
75
104 368 768
45 69 471
14 833 982
92 4 88
67 173 866
283 431
10 586 758
76
199 848
298 906
127 643
186
84
177 237
257 589
123
74 573 708
63 218
88 740 944
237 477 604
283 470
255
100
158 58 546
239
105 479 691
192
32 198
288 174 292
128 537 780
16 827 946
290
24 936 984
91
81 495 885
77
173 996
265
112 439 898
110
67
122
242 55 618
71 179 837
107
296
4 589 791
116 274
131 612 971
118 825
227
48 738
95 14
163
92 755 904
53
7 782
247 403
126 66 227
136 288 757
91
87 127 327
208 832
22 174
213
38
74 930 982
169 333
240
264 220 903
198
173
144 797
175 473 928
295
60
256 820 980
203 551 939
214
205
130 844 848
20 328
173 653
48
165
159 190
15 241
25 782 851
183 149 650
298 909
171 428 796
271 654 847
132
291
53 907 979
3
177
196
207 232 621
115
123
294 289
24 907
281 870 970
226
190 889 966
247 407
267 868 984
93
129
286
297
240 842
20 206 398
250 459 834
217 94 143
245 813
236 365 459
142
220 852
241 712
88
106 447
56
6 991
120 236 793
235
150
85 701
169 72
19
279 515
187
76 75
258 392 889
88 382
164
204
137 214
230 167 923
33 930
157 780
221 429
73 187
68 616 713
134 999
29 37 695
209 486
56
247
57 940
199 422 997
93 380 726
170 276
232
201
292
238 391
113 90
261 16 70
39
243 613
249 806 910
234 985 996
126 194
124 75 84
165 84 170
200
212 502 960
16
295 774 848
128
14 455 867
134 138
201 703
48 778
256 101
167
27 292
162 618 959
71 7 376
135
20 651 820
97
14 779
9 210
212
251
182
253 909 916
148 216
156 757
240 188
143 682
60 595 721
203
161 591
177 591
195 926 994
217 920 984
241
208 829 841
117 292
143 97
214
272
231 415
60 220 660
111 471
92
146 531 798
211
131 777 857
205 136
174
4
19 797
195 426
65 703 980
7
51 130 459
110
145 658
77 792 820
289 891
67 608 960
0 198
155 605 667
37 613
279 564 827
291
48
246
129 582 655
197 90 485
59
19 944
27
274
80 798
58 409
224
24 1
271 306
214 736
186 341 745
22
236 784 874
11 585 958
207
89 163
237
32
83 128
257 281 821
78 56 826
12 85 579
4 559
286 225
142 289
68
254 78
260 25
274 383 404
256 13
184 70
136
19 201 951
149 106 122
276
138
179 810 987
289 66 340
286 139
103 505 729
88 50
108 372
176 408 744
0 777
88 125
135 934
72 212
285
148 366 547
57
79 902
88
142
172 927
58 976
214 106 367
109 734 852
228 106
100
45 491 918
178
212 951
15 879 951
174
124 64 255
129 862
226 591
127
256
230 809
24 299 886
52
62 773 948
106
238
294 777 810
244 204 467
216 863
262
207
299 505 968
153
102 347 448
177
195
244
289
270 477
98
80 233 279
279 650 694
89 252 881
146
242 550 670
4 986 989
117 409
140
257 827 923
124
83
174 620
263 293
256 10 69
263 840
73
248 841
243
31 78
210
154
148
254 193
178
147
238
139
297 495 906
199 932
113 541
15 449
247 267 918
145 587 906
232
130 185
13 66 842
38
272 599
136
185 363
298 615
171 412 524
242
280 589 745
18
291
252 49 191
46
36 211 786
85
56 759 927
214
195 447 465
250 842 890
184
149
286 856 946
177 456
92 35
177 144
144 394
67 778 801
41
98 436 955
231 438
53 797
100 212 519
194 702
101
151 452 530
71
284 728 838
118 479 698
218
97 516
208
229 656 993
43 454
94 288
202
152
92 61 485
262 406 755
186
248 380 439
58 607
14 46
196 634 832
213 923
73 969 984
25 106 328
226
79 307 308
203
173 112 146
38
245
254
284 426 839
9 122
98 167
285 278 797
169
36 928
142 23
135 135
192 412
115 621 845
268
243 860 913
108
123
17 871
4 80 148
186 943 943
267 78
245 170 418
253 924 993
298 503
241
116
140 165 694
58
124 838
156 233
186
135 151
276 321
273
55 331 627
149
214 398
158 57 260
143 905
9 980
58 175 757
221 638 746
200 627
255 539
256 644
170
110 772
36 129 416
105 599
125 657 803
132 411
238 456 579
181 675 915
257
290 714 955
29 175
9 500 978
68
40
15 27
214
151 245
15 854 857
157
224 998 999
127 992 997
81 253 933
177 60
225 614 969
192 549 981
111
81
216 209 446
247 879
101 876 964
128
64
248 150
172 234
23
171
243 433 990
268 271 699
68
237 705 834
287
240 296 754
248 979 997
21 212
30 248
224 421 569
175
244 383 386
212
224 41 770
33
222 260 382
188 238
114
13
188
161 220
193 98 922
146 171
257 423
52 464
232 907 936
75
133
144
69
258 923
126
19 914
58 424 678
48
110
10
242 361
190
224
9
49 878 963
162 490
178 322
199
125
258 965 986
37 242 712
272 603
148 897
151
201 281
260 7 516
36 68 650
247 584 803
207 210
103 112 542
93
140 411
201
113
166
19
18
195
132
209 937 976
1 607
221 160 995
29 104
289
58 343 991
145 268 721
151 13
206 976
52
256
80 457
141
76
30
178 968
226 705 779
56
97 110 219
290 223 786
223 878 986
148 795 864
106 565
172 927 946
106 244
199 117 905
126 702 998
118
116 194 711
69 655 782
22 139
78 395
214 847
75
40
75
228 772
39 535 843
249 698 721
284
99 345
70 484
53 827 833
32 993
21 92
263 836 972
264 432 965
34
191
275 391 544
222
250
201 134 518
153 354 898
200 136
250 470 645
298 279
282 157
263 423
224
146 715
245 297 615
176
299 704 735
264 258 293
222 371 750
221
250 424 746
63
224 947 996
267 52 455
230 156
201
16
119 826 856
5 58 588
180 928
273
193
65 122
83 895
65
32 793 960
168
45 296 463
21 674
123 542 813
183
216 939 964
152
208
158 930 944
91 512
242 988 997
1 894 921
241
245
123 727 916
104 365 707
286 211 878
285
228 664
288 49
218
278 9 943
28 656
234 784 838
48
131 258
178 690 965
160 762
26 87 415
23 665 935
251 900 929
58 594 881
228
225 109
185
33 480 686
299 372 385
257
256
77 803 842
59 578
68
45 66
180 133
252
102 712 753
77
60
22 233 399
41
153
143 937 975
166 720
114 62 351
289
92 429 868
97 431 708
16 508 927
44
147 813
11
20 806 860
172 55 360
82
174 265
71
117 289
250 497 577
191 355 766
131
189
158 317
40 868
87 923
137 741 818
51 941 986
260
176
206 1
126
205
42 950
57
155 468
215
267 79
37 820
150
232 636 833
252 897 913
40 556
185 358 837
41 487
137 964 981
253 670 907
188
52
31 674 949
162
76 705
62 318 329
11 304 677
98 443
124
25 396
173 909
260
240 132
186 644 679
40 517 654
7
50 201 589
142 54
261 418 731
240
255 147 952
286
103 313 702
257
101 864 985
206 324 722
23 23 859
94 195 941
4 547 830
18 384
265 148 838
286 189
152 450 960
240
153 429 456
66
160 977
268 401 617
85
104 850
77
246
41 791 822
267 145 618
235 179
111 182
282 225 625
17
160 609 973
15 18 455
277 758
156 377
122 171
277 961
200 169 514
35 433 762
69 375 534
147 984
143
269 632 770
181 850
64 258
125 232 952
178 988 988
55
96 575 999
170
200 282 403
105
194 728
130
62 526 966
119 814 937
103 494
107 800
126
277
188
47 657 824
258
100 657
43
181
109
124 169
16 814
98 184 612
223 520
110 458
263 982
170 601
269
119 563 856
249
64
160 195
190 783 917
212 255
179 387
194
105 103
142 434 452
143 170 483
296
8 217
168 412
145
66 755 834
183 840 903
88 423
268 595 858
142
283 747 925
133 650 689
151 454 871
198 137 312
239 590
288 420 726
103 109
35 704
138 908 999
288
57
102
17 857 919
103
225 572 880
237
198 254
187
153 448 964
19 970 990
1 920
114
81 684
44 885
184 358 368
175 192
186
59 882 895
257 329
172
115 644
267
69 307
26 8
87 948
270 242 674
200 482 814
259
194
6 24 91
66 221 565
270 370 589
114 119
127
50
33
199
224
146 898
218 975 990
87
102 132
241 638 991
