10
100 20
66 88 41 32 39 50 59 43 30 52 77 16 42 25 19 19 57 87 37 56 48 81 33 68 24 24 81 81 24 100 72 41 39 12 25 29 61 83 71 42 86 47 57 27 23 76 97 31 62 33 86 61 66 71 28 41 94 8 21 69 59 44 62 97 55 86 25 67 20 96 8 5 94 65 83 17 92 31 99 53 64 85 65 81 7 44 73 100 3 45 20 61 88 33 9 94 18 33 60 89
80 4984
93 5025
31 5024
94 5029
58 4959
26 4978
76 5009
5 4969
85 4974
33 4964
21 5046
99 4991
37 5044
53 5044
40 5039
95 4980
30 5011
96 4990
66 4962
34 4976
10 10
12 47 8 53 51 42 90 79 26 76
9 46
5 46
7 55
2 53
2 51
7 51
5 48
2 49
4 55
2 48
12 20
63 97 22 68 47 63 57 26 89 84 76 70
10 73
4 76
7 71
6 67
3 71
10 67
2 67
3 75
3 78
2 73
1 76
9 72
10 70
4 77
4 67
11 73
9 72
12 76
6 74
6 71
952 20
95 4 6 90 62 41 89 70 90 98 26 60 78 81 97 14 60 22 85 67 69 66 63 51 41 6 92 34 23 12 86 70 15 43 11 28 35 99 50 24 48 75 35 25 7 32 38 67 5 23 85 25 40 48 75 33 5 19 18 27 30 55 48 96 97 11 23 31 9 72 6 57 99 40 33 5 23 23 23 80 97 60 4 36 59 31 20 63 49 37 41 30 43 89 25 39 51 47 21 59 71 26 67 69 18 100 25 92 22 100 71 18 59 27 5 17 57 77 31 57 65 71 86 8 11 62 98 61 8 19 72 30 96 90 98 65 89 75 57 62 74 79 31 84 5 88 100 13 16 82 21 80 52 58 87 15 19 85 27 79 55 98 8 50 88 58 67 28 32 23 42 57 1 24 40 58 11 91 70 78 72 43 58 75 100 96 89 19 80 68 97 86 65 56 88 4 13 54 32 44 76 25 52 28 48 91 85 11 81 7 88 4 49 97 79 100 93 19 70 24 86 18 10 3 74 97 6 86 2 89 82 29 13 33 56 13 76 93 75 56 99 14 12 99 11 42 50 3 60 20 26 46 89 87 48 62 35 5 48 36 94 81 64 58 13 72 22 88 64 96 96 14 10 59 64 72 100 13 74 59 84 51 56 73 38 55 34 72 60 33 60 5 13 23 14 78 46 36 17 9 83 64 74 44 22 37 15 21 50 40 80 33 91 87 5 80 42 91 51 53 75 62 9 88 37 22 17 82 9 33 91 92 97 64 35 70 53 50 91 2 89 22 86 31 8 43 10 1 85 13 5 59 74 13 98 10 87 14 92 95 99 34 86 47 49 21 16 1 22 6 54 62 79 92 93 87 34 2 87 18 66 44 28 40 56 26 49 42 39 92 37 89 77 74 87 26 46 3 78 67 60 32 29 39 23 73 25 8 26 63 77 92 6 4 31 14 29 31 7 20 75 43 60 51 69 47 76 14 49 6 81 60 89 61 98 63 33 74 70 58 89 46 1 46 1 31 59 30 14 66 1 40 60 60 90 28 6 18 42 6 23 74 66 11 34 63 73 18 89 94 75 77 91 76 74 91 58 85 72 23 50 72 62 61 84 4 41 41 21 34 47 95 7 12 57 92 26 81 9 66 74 35 94 64 10 68 6 20 52 78 94 53 1 56 65 36 11 5 77 31 38 23 77 44 86 33 87 63 13 95 29 38 30 22 53 91 41 58 62 92 87 56 96 40 63 61 75 73 65 51 55 55 25 31 50 10 63 37 73 27 31 53 64 12 26 16 3 67 25 64 58 64 71 54 3 33 66 29 57 30 32 11 84 56 41 86 66 55 22 90 33 4 94 48 16 19 15 18 85 40 33 43 55 4 48 57 88 13 37 45 94 68 7 30 24 100 15 41 6 36 82 39 39 75 86 6 93 53 75 78 92 8 72 98 63 71 54 2 35 42 98 28 10 5 9 33 4 23 25 61 10 6 99 1 80 37 6 24 89 81 1 32 40 24 81 54 94 34 55 28 27 53 8 36 9 16 20 12 39 44 72 100 1 23 100 80 11 6 56 51 38 56 34 77 32 14 30 25 99 36 5 25 88 64 61 96 79 32 59 69 76 83 69 76 57 20 8 19 77 63 69 14 70 54 42 53 67 23 30 17 59 34 41 46 97 53 94 27 37 4 96 64 86 16 91 94 35 98 12 12 12 32 77 34 85 19 86 3 41 15 19 99 100 12 97 48 16 42 75 4 45 22 67 83 37 58 28 23 7 40 34 19 23 63 4 8 81 41 62 73 8 33 72 59 96 20 7 11 61 33 67 57 6 33 91 42 90 19 16 97 10 2 67 32 64 22 39 44 62 53 16 21 85 39 80 80 10 38 42 22 22 8 79 27 41 21 20 30 39 35 78 48 36 44 80 51 65 70 46 79 22 14 99 58 4 30 37 14 67 79 35 88 38 65 14 78 86 85 60 76 20 89 24 7 33 55 58 49 76 55 79 50 68 78 7 72 59 44 85 26 74 71 65 11 36 31 41 73 15 52 48 86 40 71 93 72 77 2 73 53 56 51 54 24 80 60 47 39 55 83 16 28 53 32 91 40 62 31 12 29 82 60 14 21 30 58 45 59 59 17 63 67 19 16 42 99 75 88 89 82 70 4
481 453419
343 453382
222 453044
125 452784
121 452975
128 452883
715 453371
796 453058
628 452719
835 453475
4 452788
265 452692
687 453106
236 453270
628 453192
430 453472
519 452984
275 453017
277 453229
376 453360
110 20
20 14 95 85 13 25 8 75 71 45 50 88 97 19 54 75 74 9 35 99 18 3 49 62 73 60 6 72 95 78 85 66 92 31 50 56 56 57 30 78 1 32 65 97 2 71 72 27 79 6 77 48 60 25 10 32 36 67 56 31 45 40 48 88 70 98 43 25 6 25 3 59 8 19 55 61 89 78 87 19 35 64 67 46 40 28 30 76 94 85 58 90 24 5 77 45 2 72 70 60 48 24 18 7 42 24 19 83 54 5
101 6098
60 6037
46 6066
36 6031
87 6074
11 6082
23 6032
108 6054
18 6044
105 6077
11 6024
92 6018
30 6010
63 6028
18 6020
64 6056
26 6050
9 6035
27 6020
77 6103
996 20
47 76 30 72 75 91 89 76 75 80 88 58 93 17 99 48 70 58 37 75 73 27 72 8 35 2 6 92 50 38 89 96 65 70 67 40 12 8 67 38 39 55 47 31 23 97 79 44 54 15 19 78 93 42 86 79 44 43 71 45 81 11 41 45 32 59 36 95 18 3 32 56 9 30 39 83 26 69 27 79 35 97 8 28 38 93 6 81 36 28 78 68 38 18 64 21 28 100 15 46 54 46 53 62 27 43 44 52 11 22 82 46 18 90 73 56 34 30 88 21 10 65 40 47 34 4 20 62 55 34 59 8 32 63 21 58 6 16 10 16 38 43 13 55 84 85 10 18 67 50 90 76 14 30 74 48 33 93 61 87 27 71 94 58 33 66 67 90 81 28 6 18 71 18 25 54 55 86 23 73 35 13 100 49 42 25 48 74 18 60 12 96 30 57 5 62 22 71 52 2 99 9 72 21 78 96 26 84 81 49 56 16 61 7 16 54 32 15 79 49 74 90 96 3 46 52 16 19 22 67 20 72 27 43 44 5 38 70 40 71 70 96 38 82 54 53 35 85 19 13 85 92 54 80 46 51 31 61 69 5 80 40 28 6 83 72 62 72 93 2 94 14 49 31 95 54 35 81 39 53 93 23 44 98 55 41 48 37 2 68 41 81 7 21 38 41 44 52 65 36 5 58 49 53 89 95 6 75 75 96 28 19 71 23 68 25 64 15 13 65 34 6 97 92 26 86 33 69 37 49 56 41 6 56 45 46 50 3 21 76 98 100 46 68 22 13 44 37 79 57 1 12 62 49 3 87 35 87 7 71 35 62 64 93 69 8 38 70 10 10 45 60 9 42 27 83 54 23 19 32 79 72 43 92 20 45 30 6 32 36 29 18 49 92 10 69 99 100 38 61 9 34 20 70 75 98 52 28 72 70 11 2 41 53 93 13 49 22 70 32 9 98 50 9 41 59 77 92 10 66 52 19 99 23 88 25 72 91 52 44 60 62 45 53 66 38 17 15 11 86 98 72 84 47 80 24 58 9 15 67 74 18 37 25 40 76 49 64 66 53 7 26 66 51 30 32 40 46 98 3 31 47 74 66 94 5 42 3 13 56 21 39 26 58 63 65 33 63 28 99 15 86 76 81 89 5 64 28 2 13 30 32 59 55 50 4 12 91 58 76 98 79 14 23 88 28 40 72 43 19 70 57 5 97 89 93 53 4 20 54 68 2 38 79 8 39 82 19 29 40 95 26 70 60 49 57 40 40 28 82 58 50 90 62 98 79 54 51 34 26 56 2 79 45 80 38 35 13 57 63 4 3 41 73 14 41 81 53 80 61 34 37 10 24 99 59 54 4 9 39 81 17 92 59 13 23 49 48 36 57 62 91 59 2 16 72 42 96 77 73 8 10 10 17 85 60 76 90 15 36 29 96 4 20 6 17 95 54 16 82 10 77 72 20 79 87 44 72 35 20 45 42 81 6 11 18 65 38 7 79 25 87 74 29 59 32 97 53 85 64 34 47 40 57 18 70 44 61 42 30 32 38 23 13 43 33 82 7 22 88 37 47 27 63 27 85 94 75 89 30 38 74 28 77 30 46 47 73 6 40 54 38 77 77 2 71 61 83 77 83 22 65 29 48 27 7 84 72 81 24 54 18 97 81 94 27 26 92 51 84 31 5 21 59 33 74 29 93 56 57 75 29 74 55 29 100 61 12 24 41 88 77 10 84 57 4 10 83 47 13 66 30 69 38 88 1 63 69 93 70 77 20 98 50 74 26 2 87 90 25 79 77 1 89 12 57 44 22 91 42 86 8 71 54 97 11 6 59 31 98 28 7 69 78 9 95 55 10 81 44 34 11 72 86 99 84 42 94 57 85 36 42 44 58 47 41 68 52 99 50 1 79 57 70 56 65 64 10 26 44 6 59 54 77 44 5 12 37 50 68 21 37 61 17 95 7 57 14 58 7 64 59 37 20 28 92 36 43 54 61 38 11 71 43 39 14 47 51 2 49 70 75 85 31 91 79 37 47 93 47 5 8 5 42 79 84 85 14 78 90 26 15 100 48 57 39 61 56 41 14 4 10 88 88 40 30 19 29 28 63 75 33 70 79 74 48 14 10 13 91 100 90 5 99 37 13 89 49 68 81 62 71 91 2 11 82 31 81 10 11 43 84 43 64 14 68 63 79 77 27 69 76 68 25 27 4 38 67 4 57 48 17 80 90 70 42 23 1 22 33 63 16 68 5 79 34
888 495870
364 495747
995 496042
176 496501
993 496005
709 495625
852 495735
787 496196
608 496045
992 495921
651 495648
738 496171
719 495843
847 495921
220 495878
271 496396
269 495952
790 496320
23 495622
192 496488
957 20
84 21 82 79 75 52 90 60 16 71 34 50 56 81 68 51 43 5 2 87 24 76 71 6 50 77 72 54 20 94 12 3 14 93 33 40 96 74 99 11 97 32 12 52 64 79 3 58 84 56 44 59 32 66 16 33 42 87 86 13 32 49 67 46 93 99 85 41 73 36 51 69 67 15 20 83 45 74 40 28 30 84 38 13 49 5 45 43 91 82 55 23 31 22 20 23 20 56 63 44 91 66 12 10 80 84 92 24 9 31 4 90 66 93 2 67 98 46 9 40 28 63 14 58 36 85 32 8 41 47 51 83 12 15 92 43 50 35 18 58 18 21 48 83 66 49 49 63 47 9 54 74 72 68 83 59 4 66 66 44 12 69 79 23 83 70 17 84 57 35 41 74 55 40 8 20 41 57 34 87 17 40 12 40 59 46 99 62 11 64 58 23 32 36 97 66 57 14 49 13 48 42 38 54 81 46 26 73 54 59 59 70 50 22 10 8 67 60 70 30 23 27 52 7 14 100 24 70 13 73 35 12 14 72 66 46 69 91 19 22 1 29 44 51 3 53 58 21 12 79 50 86 5 53 44 18 53 68 40 17 40 74 29 5 97 94 50 66 36 20 87 88 49 30 38 3 34 48 23 97 26 73 83 83 77 78 52 29 45 91 46 84 64 26 40 13 19 90 78 6 61 64 93 61 46 31 63 31 30 86 28 7 10 62 89 86 39 41 67 84 31 64 19 47 89 11 59 7 52 88 12 12 3 4 73 48 86 35 31 67 72 58 74 33 71 62 19 9 54 37 44 37 100 15 83 88 25 93 46 76 80 57 87 34 12 11 82 50 98 12 16 69 21 89 54 91 51 24 51 56 60 95 92 59 61 74 98 85 18 43 12 49 51 50 83 62 61 16 63 58 79 79 78 99 19 31 41 21 54 91 77 65 85 68 23 97 94 72 81 63 14 44 12 64 94 46 78 54 13 40 63 91 70 40 41 89 23 81 61 76 23 37 93 60 57 15 56 50 39 89 12 52 32 75 16 25 72 93 30 84 84 92 26 6 32 66 46 54 98 6 81 21 43 73 80 51 40 87 100 78 75 63 81 7 90 96 31 61 40 13 97 76 4 22 81 87 40 26 92 89 31 73 61 25 97 92 75 88 79 26 17 53 89 98 11 78 45 94 90 85 6 86 12 9 60 92 96 99 17 87 87 99 11 100 24 60 91 50 47 69 76 16 74 16 13 84 45 57 77 34 93 34 72 4 43 31 95 90 81 63 28 19 14 39 18 37 98 9 38 96 29 65 11 2 32 75 38 76 84 66 62 76 100 33 32 42 63 78 83 43 41 10 61 54 48 31 42 97 39 31 45 67 96 7 21 27 82 58 55 65 75 16 92 74 48 23 67 62 1 49 56 93 59 68 98 58 98 91 7 88 73 3 7 68 9 27 47 90 36 53 6 10 68 50 36 67 72 2 28 24 3 35 68 13 2 17 22 100 59 28 39 32 30 45 51 39 71 97 80 58 1 38 20 68 87 55 34 10 56 13 86 58 47 5 70 1 22 92 52 80 71 90 11 53 35 62 43 57 10 22 15 11 11 34 30 97 88 16 59 95 28 44 53 27 48 74 79 21 17 30 1 88 71 63 92 5 76 34 14 38 7 28 100 18 13 29 66 52 44 24 46 24 19 50 2 19 76 32 39 92 61 91 31 31 6 22 88 81 55 1 18 62 80 69 31 92 98 96 43 93 72 40 68 90 42 21 60 17 52 99 60 64 41 43 95 46 64 34 79 71 34 48 84 65 17 14 56 66 61 50 58 32 41 78 74 82 98 85 50 2 35 10 65 76 52 11 73 67 44 51 89 29 99 24 93 67 89 100 32 50 1 89 33 42 18 58 75 68 95 25 69 29 86 85 56 89 96 29 7 91 31 96 72 81 71 64 47 60 16 78 61 16 19 45 9 36 3 84 3 97 8 23 77 45 8 33 33 55 13 39 45 43 86 16 24 57 32 70 16 47 48 28 62 66 72 71 53 74 6 56 22 65 30 51 9 37 83 41 43 95 31 88 37 17 3 12 25 86 82 92 32 81 19 46 46 90 68 50 16 73 57 89 89 87 39 97 75 73 89 18 19 19 5 56 87 59 19 63 97 100 54 28 80 72 25 77 14
400 457973
799 458332
878 458322
373 458344
148 458023
371 457934
142 457731
945 458147
79 458255
642 458260
198 457808
687 457971
37 458172
784 457876
904 458337
141 457630
924 457995
315 458090
490 457716
374 458297
948 20
16 93 41 80 43 3 100 52 3 78 27 14 5 54 83 11 65 71 89 100 76 63 65 9 5 64 10 50 84 23 50 99 15 90 30 9 92 29 60 95 59 38 60 63 44 42 25 8 64 13 59 39 28 23 99 32 38 61 33 22 83 82 72 97 24 2 57 67 30 68 13 88 5 73 2 48 66 78 55 82 91 13 72 70 87 71 1 77 31 85 98 65 18 69 61 41 70 69 8 52 36 20 91 40 44 45 40 62 22 46 43 64 11 66 33 97 36 85 25 18 21 22 82 39 43 94 79 64 62 38 15 49 10 6 41 5 2 80 66 23 25 60 39 35 26 71 84 13 8 8 31 28 82 64 18 24 58 97 87 71 86 2 20 47 59 12 52 12 91 69 86 15 29 24 2 6 47 85 18 54 92 48 33 73 64 51 48 73 99 35 43 84 88 14 31 98 25 34 9 67 2 94 82 30 70 35 87 16 19 5 21 62 4 5 87 67 55 34 39 5 20 34 41 7 47 23 56 24 56 64 90 57 10 23 39 79 57 25 94 27 81 66 89 85 70 27 51 77 12 42 81 32 75 21 90 73 43 46 96 98 61 86 7 70 60 97 48 17 73 93 43 54 10 83 90 80 9 40 56 73 33 36 4 7 9 45 80 51 90 75 1 51 12 59 72 24 7 72 40 79 16 34 84 26 69 73 5 29 65 12 1 97 99 56 4 7 1 35 58 90 9 10 92 73 68 16 96 74 87 87 4 2 72 88 79 40 12 35 69 76 46 69 25 45 77 28 51 77 62 60 18 22 69 62 46 36 77 93 61 15 79 65 68 51 4 47 42 15 81 10 43 79 31 67 23 7 46 25 35 59 85 52 80 53 13 78 41 41 70 1 55 49 17 23 51 20 21 92 35 53 54 29 31 36 95 53 94 92 78 28 50 14 31 81 66 96 58 58 36 28 59 43 28 75 65 30 47 37 73 33 89 26 61 20 13 7 24 6 98 53 85 47 66 16 27 84 11 37 41 98 16 51 40 43 26 56 24 72 92 96 4 33 74 16 52 86 22 27 44 19 80 80 17 97 95 43 80 57 79 21 55 46 71 46 88 48 2 11 71 45 59 74 77 32 41 80 69 62 7 64 80 38 44 96 34 90 91 14 99 21 86 5 67 8 50 6 56 3 69 26 48 79 52 76 10 92 56 30 6 14 46 37 51 41 33 84 30 75 97 80 47 34 84 65 42 86 71 97 40 91 74 87 69 77 15 30 21 70 11 26 83 56 62 33 96 46 68 78 72 65 57 19 98 93 83 91 30 5 87 69 47 13 8 15 89 22 44 9 91 55 86 25 62 48 9 58 93 76 35 65 92 43 35 42 87 69 32 16 74 71 85 20 83 92 87 23 65 82 84 55 36 69 31 50 16 39 7 61 14 93 77 6 35 11 99 22 79 30 89 4 100 73 76 82 16 62 5 80 43 88 86 31 8 68 80 24 6 38 84 72 30 60 29 16 22 27 89 100 56 78 56 8 2 31 89 18 44 45 49 38 84 87 68 92 54 99 67 12 88 50 35 69 61 63 85 34 41 25 33 48 2 40 55 4 70 96 73 13 40 73 51 76 59 70 67 65 21 33 28 8 34 62 77 46 76 13 79 16 37 63 15 91 3 70 94 72 17 18 37 56 90 39 31 1 60 49 17 80 81 44 40 66 57 68 11 32 32 89 99 68 4 13 58 6 34 3 29 2 72 65 10 62 3 40 14 63 41 82 94 73 25 85 39 33 52 49 64 83 90 62 3 93 26 12 50 12 67 78 13 38 43 22 51 97 14 64 11 6 97 57 78 21 41 16 53 45 17 68 79 58 81 81 2 59 45 51 70 11 28 34 48 22 8 99 19 73 14 81 78 11 37 7 83 78 75 88 22 43 55 100 100 88 33 53 46 77 3 67 39 30 52 86 52 59 36 22 83 2 2 12 64 39 19 46 68 45 85 89 87 92 40 38 79 72 90 24 100 92 42 38 73 93 76 76 4 11 97 86 64 51 50 27 89 68 73 8 12 9 96 50 100 35 87 78 59 76 1 58 67 42 96 91 87 71 67 90 33 15 75 97 65 24 23 5 43 47 12 6 56 59 7 7 94 93 85 4 68 37
797 449497
251 449563
141 449730
326 448972
262 449504
717 449815
691 449065
776 449502
718 449745
276 449521
192 449280
520 449765
721 449082
467 448886
764 449141
430 449214
912 449147
772 449723
776 449781
854 448894
907 20
46 52 18 71 11 2 1 13 33 94 20 23 45 85 20 90 43 100 89 21 17 49 36 16 17 79 31 62 16 51 21 13 55 38 84 65 39 36 77 24 81 48 98 25 33 17 66 27 69 55 47 37 55 82 53 71 60 83 84 75 86 4 40 92 41 23 8 32 10 85 7 90 84 56 66 68 73 32 95 93 38 41 29 92 23 33 15 34 16 98 61 53 2 100 44 94 74 51 25 35 87 83 76 71 39 41 90 63 24 84 55 61 25 35 5 99 68 19 84 35 16 44 87 69 95 30 63 68 32 39 2 71 22 77 93 12 70 82 74 93 66 80 6 42 14 62 92 81 80 75 15 47 19 53 16 13 34 30 33 66 68 34 36 41 63 80 52 32 61 77 76 26 56 33 19 70 94 10 2 73 85 69 72 55 21 87 19 7 16 51 72 35 37 59 76 51 38 27 34 50 4 9 76 11 94 94 32 87 56 86 12 40 54 83 46 26 21 64 32 88 67 55 22 3 65 49 5 2 76 38 52 31 98 79 93 91 24 25 78 31 10 89 70 15 23 67 40 43 31 24 30 49 78 3 3 43 52 7 96 79 96 99 61 93 29 53 36 5 29 13 35 38 53 57 4 75 23 96 69 5 19 98 53 48 100 7 42 3 13 38 81 8 88 41 53 69 94 88 73 74 52 7 12 4 15 67 30 38 62 98 94 32 95 99 80 46 5 21 49 18 10 81 77 50 22 29 18 67 16 90 40 67 48 3 22 63 22 51 52 83 48 97 67 94 95 46 92 100 18 92 69 80 72 45 81 45 26 98 11 41 39 3 60 86 57 81 100 78 84 3 13 31 100 79 77 94 76 68 45 93 59 13 24 82 58 4 27 83 53 89 75 91 43 86 29 100 67 28 77 2 83 89 84 82 19 60 27 94 27 72 39 37 84 62 19 93 18 97 75 70 85 2 61 28 87 41 79 5 68 55 6 2 96 90 83 14 1 10 8 80 81 46 16 16 59 86 9 28 82 35 98 19 36 10 98 75 50 76 31 69 30 37 71 77 78 53 43 30 14 2 9 46 99 77 62 9 62 22 37 96 56 34 66 44 43 63 70 44 38 100 12 19 88 82 96 65 87 90 47 52 91 55 50 89 31 11 97 45 84 33 92 91 18 57 34 12 19 3 55 56 55 67 74 42 100 21 59 86 10 5 90 52 59 39 92 42 1 41 38 84 25 29 74 43 85 60 54 55 14 61 62 68 27 87 62 78 60 20 64 21 76 5 73 34 43 64 27 43 56 64 26 81 92 51 23 28 10 28 34 76 40 95 43 66 82 56 44 41 75 59 61 50 63 85 36 5 1 14 99 56 78 76 36 21 26 10 49 88 90 34 63 29 29 57 47 62 13 42 2 39 100 14 41 14 51 28 70 51 41 68 6 18 95 94 91 20 3 91 59 92 24 21 73 52 30 19 13 94 60 66 84 11 32 24 24 82 51 45 32 44 64 89 13 58 82 3 77 85 93 88 28 17 8 100 20 89 18 33 34 77 50 18 39 33 93 62 14 96 58 97 39 21 38 51 78 19 54 7 55 46 94 83 14 53 34 34 94 4 18 27 32 67 96 71 100 89 84 65 84 42 14 74 62 51 24 92 69 29 50 24 27 95 58 40 99 91 25 92 94 42 71 26 61 66 48 60 6 31 76 41 72 89 14 86 39 90 29 8 18 30 83 44 24 40 36 74 82 60 66 28 54 88 5 14 53 52 25 11 34 100 51 6 89 65 43 27 54 71 86 23 52 68 19 75 59 54 48 93 65 65 72 18 52 28 83 57 31 7 67 64 7 69 21 95 33 63 73 38 85 11 61 36 30 31 62 41 36 62 33 100 26 56 70 30 83 52 38 13 11 56 76 17 24 97 63 9 11 87 98 96 97 58 83 27 40 45 67 75 58 51 75 83 6 96 64 40 99 1 52 9 8 79 77 32 75 91 40 38 78 37 33 74 47 67 52 86 63 18 13 20 20 39 55 25 34 18 16 84 71 67 45 78 46 73 9 72 64
519 411597
128 411021
762 411117
846 411045
587 411328
43 411769
250 411003
771 410917
243 411586
330 411655
791 411422
18 411111
613 411340
906 411579
386 411609
62 410874
351 411590
146 411275
242 411397
330 411560
925 20
19 83 14 12 89 87 59 72 98 76 70 92 62 34 82 78 96 44 3 81 70 79 22 87 43 60 18 45 5 66 22 76 49 35 87 89 74 98 60 23 25 29 66 38 15 99 16 62 42 18 42 63 48 15 50 90 75 19 86 31 85 59 6 85 46 45 73 71 94 85 93 18 65 10 7 79 8 22 92 1 91 33 64 38 100 65 79 74 83 16 4 67 75 62 3 72 6 76 42 51 12 86 20 76 95 26 7 2 100 98 2 90 83 17 80 82 81 10 7 16 26 62 34 52 23 37 23 80 64 64 30 75 1 49 2 95 27 8 96 26 58 49 67 40 66 46 73 98 56 79 13 33 40 99 84 15 35 58 46 98 73 28 24 73 28 25 67 54 33 14 79 90 62 98 81 79 43 53 77 50 83 41 34 22 39 17 88 25 26 34 22 98 61 97 70 88 22 88 42 6 53 72 47 15 69 27 45 64 31 73 65 13 14 99 86 4 67 74 29 93 7 2 90 67 99 12 54 72 51 47 77 4 19 75 70 39 53 14 2 83 87 67 47 52 17 32 55 83 5 83 75 63 37 17 81 35 80 35 6 82 33 34 85 3 8 6 42 60 72 95 94 10 13 40 61 29 23 67 12 28 2 38 42 38 54 23 72 85 9 29 67 41 62 3 44 21 9 37 32 80 31 25 89 44 64 1 24 86 67 35 65 68 25 7 5 30 81 28 15 89 56 33 29 69 35 24 89 43 12 20 74 43 96 14 38 11 14 13 97 81 100 13 100 24 71 5 53 51 84 19 91 40 51 72 60 86 95 49 80 59 20 6 1 16 19 90 78 33 2 74 65 1 39 64 76 61 20 81 64 4 99 54 95 2 25 54 39 72 54 18 30 26 23 82 93 94 23 70 26 76 96 42 29 34 5 4 46 77 84 9 80 35 15 74 36 91 79 74 62 33 43 43 58 18 76 50 11 98 19 88 26 14 29 54 99 85 9 45 61 45 53 92 79 19 17 66 10 96 39 71 28 33 66 37 50 41 86 12 91 56 99 16 70 79 21 20 64 29 64 76 73 69 20 3 87 36 68 96 83 58 19 10 91 36 98 92 28 35 4 70 91 54 85 12 85 57 31 100 86 47 75 10 67 94 13 53 82 80 1 64 38 71 26 80 6 23 71 33 10 26 3 100 32 39 63 16 48 45 15 85 91 41 94 57 87 58 62 20 90 14 83 79 84 8 58 89 83 28 73 92 6 27 43 37 18 57 52 65 1 18 1 44 58 94 52 96 4 65 15 93 78 98 71 61 57 28 1 91 7 26 34 12 4 28 48 73 84 51 89 37 68 89 32 78 83 83 73 86 100 88 78 77 37 100 90 45 27 42 36 85 19 69 97 23 97 96 95 32 47 36 68 14 24 99 91 6 34 64 43 33 3 72 61 39 71 2 35 49 96 70 34 14 91 82 88 39 77 35 70 23 70 90 89 93 40 79 51 73 94 93 57 96 17 70 86 39 23 21 88 18 42 73 32 32 54 19 70 30 5 92 5 74 81 93 67 20 71 69 45 17 61 53 64 29 74 2 68 97 22 7 14 15 79 45 99 84 16 68 13 20 11 69 46 43 61 64 63 84 32 59 52 44 11 15 73 85 16 92 33 89 98 46 4 76 43 2 59 58 21 23 29 84 92 26 26 4 89 88 39 72 98 90 16 61 5 40 97 72 31 29 61 28 74 16 3 16 69 13 25 89 35 6 72 78 31 50 34 72 37 72 43 87 62 58 47 18 97 95 89 79 23 1 6 48 16 60 64 84 72 40 25 59 45 48 88 76 97 21 47 86 93 41 72 6 99 70 23 47 64 63 78 38 64 83 85 79 43 100 63 66 40 39 76 84 86 64 11 35 84 9 20 76 50 43 33 100 64 55 98 79 18 75 16 33 10 52 11 4 52 25 69 91 63 45 26 1 60 89 35 43 49 6 71 98 100 3 49 63 10 99 41 79 25 8 11 34 59 73 37 10 98 58 52 12 54 30 64 13 18 50 55 66 7 77 16 6 32 16 68 41 14 60 71 39 67 81 24 26 5 61 35 54 70 39 66
148 427433
481 427839
512 427545
543 427774
762 427606
169 427733
901 428039
112 428258
225 428154
113 428236
38 428206
589 427863
774 427450
275 427873
70 428263
870 428007
855 427799
705 427835
282 427902
69 428105
