1000
558 589
84 296
497 757
740 931
155 893
320 551
911 995
405 665
492 907
567 689
264 488
472 731
857 914
568 843
912 934
22 811
536 560
757 912
580 749
671 674
230 525
843 904
579 795
289 622
683 817
855 999
822 857
589 766
8 890
621 722
609 784
9 562
423 672
624 712
435 1000
398 535
722 999
291 653
448 597
187 481
100 347
498 650
815 880
993 999
195 608
347 834
107 650
733 885
862 901
532 842
427 521
433 665
886 892
994 995
261 499
72 252
223 691
792 948
794 991
82 863
259 861
177 579
528 755
696 760
778 966
220 950
26 608
223 396
980 990
93 402
889 940
450 881
551 813
1 707
133 566
331 833
940 990
293 459
483 675
507 715
898 982
46 114
429 596
534 735
950 999
583 938
687 731
676 979
256 717
692 955
871 964
763 849
26 842
391 859
689 705
42 523
576 948
6 563
198 243
378 995
800 884
561 738
800 889
325 651
470 717
479 598
887 961
723 843
744 851
766 857
515 983
993 993
4 150
808 970
403 682
261 781
694 806
822 952
786 797
974 975
330 832
179 881
357 653
636 806
862 940
312 828
310 742
420 468
916 987
267 757
952 988
29 726
54 968
852 855
357 481
458 595
286 503
684 877
906 936
905 916
971 973
224 732
258 782
886 968
332 433
81 960
637 798
386 911
726 891
959 965
171 759
564 920
508 734
632 768
707 932
433 564
679 722
26 854
223 497
945 947
73 427
418 901
81 961
127 308
80 752
592 878
954 962
398 578
996 998
464 887
681 701
677 768
364 973
880 967
213 726
371 902
490 693
121 213
430 816
482 601
924 949
769 865
222 483
416 779
166 920
88 357
7 149
383 707
434 465
989 990
165 629
961 980
833 959
254 537
243 398
551 676
241 254
577 778
882 971
770 871
999 1000
779 966
967 988
290 673
417 507
284 388
144 276
528 927
367 755
367 961
217 307
587 723
148 432
406 425
342 681
426 836
194 208
490 836
648 907
188 901
917 983
277 798
878 895
968 987
825 840
965 989
772 795
325 544
456 488
438 906
311 963
475 886
704 950
143 801
679 903
75 844
40 772
165 380
449 735
320 533
817 887
846 889
39 510
746 794
241 804
98 307
247 857
840 1000
25 167
980 988
809 913
158 705
628 832
269 720
780 997
213 275
286 990
475 589
782 969
468 676
297 855
473 977
936 951
64 132
205 245
598 630
130 189
417 722
23 796
922 932
392 915
6 290
133 526
458 680
727 781
699 904
935 953
638 679
272 741
258 724
275 810
631 739
629 868
253 806
584 940
873 879
901 994
82 898
693 708
774 775
611 831
537 803
447 729
358 797
153 374
693 726
79 966
892 1000
615 694
927 938
806 855
907 975
122 559
723 835
404 557
118 695
567 929
553 849
802 967
753 893
665 813
692 707
139 143
531 646
715 827
339 447
466 543
523 911
780 999
448 674
445 796
54 72
225 645
220 427
498 680
633 675
515 668
513 648
48 823
88 746
796 872
259 754
361 668
49 223
450 669
231 750
597 837
804 942
36 422
293 555
484 768
204 424
181 514
723 835
2 434
23 826
327 890
448 861
223 882
236 400
535 674
111 933
804 944
820 864
970 975
92 756
636 890
627 862
197 900
34 444
405 828
249 452
506 601
765 990
990 995
409 973
279 347
278 667
702 936
700 979
491 622
61 486
80 233
527 955
584 863
867 933
733 856
621 654
890 997
541 848
904 936
657 715
921 921
609 673
617 678
3 231
248 871
457 535
461 779
545 907
24 138
920 956
963 974
672 817
795 873
929 929
635 745
100 841
113 504
939 996
514 557
505 975
436 634
739 944
524 775
536 973
511 966
707 903
575 807
115 271
313 458
154 292
905 976
111 630
404 728
163 848
773 977
668 764
367 404
881 918
207 724
955 971
336 475
178 682
327 972
774 952
697 833
482 680
254 840
15 673
686 866
979 981
995 1000
754 775
531 606
386 420
302 567
920 986
940 951
457 699
369 611
989 999
602 851
954 998
881 964
936 936
578 960
21 991
301 584
711 804
236 800
778 786
295 370
15 39
672 838
216 455
45 911
127 999
74 369
529 920
566 711
868 933
912 956
217 618
303 870
79 179
405 639
517 946
135 490
483 804
28 527
414 748
104 441
975 987
25 81
313 635
636 975
127 758
467 657
612 768
391 758
355 627
883 981
775 999
451 853
687 813
578 728
651 767
886 971
238 326
410 774
432 832
49 781
60 845
6 459
957 996
260 367
607 706
522 872
488 588
339 442
375 685
524 973
629 649
984 995
405 637
791 821
638 842
109 672
462 899
873 991
351 868
469 487
220 433
799 926
774 830
439 969
27 132
361 519
335 566
529 536
608 997
223 790
883 934
959 994
652 899
538 598
355 804
739 954
850 990
191 803
524 657
460 461
288 674
526 775
75 861
549 808
709 772
394 517
340 356
156 261
996 996
804 988
779 831
734 993
275 308
857 936
766 849
84 116
389 501
578 717
575 691
466 632
525 535
347 534
240 573
16 363
24 934
963 985
823 848
129 907
591 849
475 728
661 797
659 936
571 686
92 483
293 932
846 986
795 801
534 621
103 808
751 769
126 589
87 430
964 992
371 978
439 699
112 213
109 618
189 829
415 728
602 985
722 859
689 850
390 409
685 838
534 653
512 891
795 946
489 833
986 998
970 1000
997 998
278 750
885 990
83 768
287 304
822 965
73 301
742 924
548 734
306 873
521 872
158 606
361 673
217 446
102 565
559 785
884 965
347 454
165 682
444 564
614 845
918 972
629 931
817 861
23 686
727 921
290 797
731 769
97 771
177 601
671 728
94 798
138 431
738 922
188 283
145 827
949 973
409 798
732 905
677 954
440 618
572 722
413 433
547 962
761 985
69 311
486 724
979 990
568 968
147 248
104 682
878 973
855 964
519 835
339 721
204 882
479 999
596 992
506 781
12 750
452 686
929 967
698 818
916 918
653 873
535 875
142 893
983 992
77 730
733 969
589 814
883 911
480 627
910 941
885 979
60 415
211 961
43 753
730 815
465 790
684 698
675 944
847 978
378 477
370 618
401 744
462 745
242 529
957 966
794 986
802 955
109 938
444 775
440 572
415 572
680 716
230 581
42 680
208 310
601 685
250 852
506 740
317 788
918 986
35 995
701 827
829 1000
606 706
964 999
610 793
478 631
829 917
669 891
197 977
529 665
454 542
659 700
513 597
812 972
644 910
823 909
721 735
758 938
842 909
607 735
578 666
447 636
722 840
61 918
182 787
211 349
553 950
358 835
372 530
836 849
398 946
626 821
503 580
617 865
52 243
150 888
333 689
362 684
5 44
385 827
462 748
236 923
959 978
845 896
720 749
770 817
907 959
487 759
926 971
609 850
962 998
488 689
542 747
174 592
643 813
184 494
200 659
278 492
985 991
15 25
693 947
399 803
501 800
550 670
683 992
700 781
606 859
841 959
209 553
673 780
422 813
271 968
17 773
538 592
73 638
559 626
303 774
198 643
540 793
997 998
30 152
257 849
396 916
432 670
220 549
563 793
231 471
286 593
211 878
351 407
452 479
371 798
870 954
170 691
25 149
943 1000
174 732
457 975
899 938
44 702
922 967
90 226
509 985
46 613
570 684
26 790
764 804
346 484
784 852
278 748
84 347
809 907
170 722
920 955
120 316
910 954
268 448
476 807
738 758
886 922
62 519
858 902
11 520
126 784
872 947
647 944
103 214
994 995
209 657
1000 1000
254 318
954 997
88 185
114 293
674 867
331 786
951 982
16 813
290 575
390 424
95 771
185 543
623 639
669 791
740 750
658 721
856 903
621 839
962 972
399 882
354 485
219 254
517 928
101 380
545 867
164 577
361 624
818 825
2 428
518 665
987 999
818 997
602 680
478 809
97 382
603 777
598 744
840 866
804 928
118 577
925 988
807 990
718 960
581 887
193 524
498 850
570 764
4 55
793 830
1 957
167 627
810 984
133 624
792 836
660 924
411 481
222 358
942 997
823 890
939 943
96 732
245 399
575 738
159 336
854 935
803 838
419 820
428 859
838 902
672 729
419 778
581 929
651 736
909 934
490 941
748 994
176 519
819 896
136 391
398 676
564 862
473 756
55 86
102 725
926 991
472 482
672 782
548 936
842 874
556 584
774 997
972 995
218 670
538 835
268 337
347 515
141 243
999 999
765 864
948 981
482 1000
757 835
212 789
499 554
349 670
235 389
924 1000
7 786
68 460
456 554
320 484
688 750
990 998
371 797
694 796
248 767
704 756
475 894
884 896
359 740
839 874
260 814
519 667
879 944
963 968
326 477
42 498
986 998
423 615
642 946
35 183
873 946
575 831
494 933
841 937
54 98
678 768
852 869
391 714
172 653
823 934
625 751
28 135
93 591
460 567
954 982
289 317
993 993
925 960
135 361
297 332
332 898
672 956
968 973
958 981
725 863
308 673
537 724
520 742
710 838
310 807
462 949
772 804
42 849
276 877
14 91
674 859
93 168
638 847
57 549
526 927
788 809
1000
260 505
685 992
209 274
148 546
242 546
15 203
878 967
528 608
151 585
773 782
949 963
188 212
63 215
645 686
862 919
318 396
771 998
366 990
3 55
751 858
384 486
565 724
721 969
624 967
347 862
787 822
727 847
246 593
951 994
54 837
731 993
516 982
654 997
227 723
835 858
719 822
484 965
416 755
71 946
886 937
429 523
45 824
923 961
152 716
649 989
336 515
373 714
837 997
822 896
83 467
504 823
745 874
992 995
70 437
650 754
203 244
444 962
400 789
563 792
37 197
430 942
555 825
789 998
847 940
44 825
429 769
226 637
67 438
862 947
976 984
975 995
322 560
219 364
423 522
600 681
87 683
291 364
876 892
543 680
280 480
421 695
985 986
875 923
43 476
782 953
485 603
961 982
597 948
78 872
5 746
121 514
81 658
172 410
327 869
615 756
921 953
503 854
261 672
188 508
593 954
431 652
599 790
979 999
914 980
846 975
874 914
270 947
659 810
951 972
394 521
610 886
894 950
872 883
28 500
30 429
520 533
190 337
660 847
718 836
69 597
484 985
327 857
747 942
626 810
207 349
150 416
228 444
632 982
394 558
501 684
178 316
718 957
202 336
867 935
1 509
126 809
123 408
134 643
675 917
955 988
971 990
483 574
463 792
717 857
448 606
518 580
899 959
156 301
975 993
734 797
592 856
849 885
216 582
842 968
188 489
2 136
450 535
271 599
679 965
154 209
689 762
42 76
86 176
577 920
610 667
112 561
741 809
885 914
618 852
966 969
90 442
764 998
637 656
520 940
409 768
865 975
545 831
198 276
940 953
675 726
543 966
296 697
277 552
665 954
679 768
921 926
454 961
883 997
445 737
424 591
412 875
153 509
345 360
532 788
722 783
877 897
774 977
428 723
159 769
585 960
101 695
484 968
85 821
883 969
179 859
966 968
527 731
200 769
557 994
584 858
135 595
851 858
23 137
870 951
324 339
468 594
268 982
399 419
165 306
21 857
496 686
697 964
852 945
281 662
937 952
567 767
186 339
74 989
473 802
271 425
718 790
374 400
474 477
163 374
58 736
975 992
883 943
197 941
179 400
142 371
993 998
157 539
721 943
207 518
814 845
370 629
286 434
403 669
128 160
252 705
735 999
81 431
531 655
866 914
76 386
365 412
835 911
340 355
548 887
983 992
39 684
806 856
767 782
444 839
488 873
474 898
957 983
605 695
228 743
461 928
666 883
964 992
647 731
489 666
336 895
459 481
35 917
267 896
916 992
968 981
210 575
273 714
299 563
899 905
36 896
952 965
385 583
446 917
881 890
803 849
234 557
291 820
535 767
497 692
735 765
497 580
35 712
117 551
245 920
344 564
826 963
648 965
231 747
659 899
440 783
952 960
312 508
62 588
4 153
90 216
5 321
766 850
303 792
774 871
517 664
562 657
67 727
434 508
456 957
964 970
548 726
588 843
178 223
649 674
52 922
753 901
233 284
854 932
292 424
936 951
672 721
438 812
328 891
775 844
499 805
640 671
446 851
493 601
458 770
331 764
549 935
115 142
829 973
451 700
854 950
201 454
845 943
275 550
922 991
733 889
358 724
47 117
86 357
913 971
244 554
864 905
570 588
268 323
989 997
593 646
953 984
196 785
987 995
81 935
286 917
202 459
485 869
444 556
645 803
224 704
618 860
797 926
922 958
299 911
70 834
491 705
448 937
769 910
900 936
411 448
514 892
688 897
233 748
611 772
894 952
504 684
185 833
136 960
197 950
445 534
667 752
803 835
989 991
693 745
401 868
592 948
79 604
879 931
359 776
743 770
149 836
933 954
548 817
347 687
821 888
238 964
127 411
342 390
10 686
642 812
971 987
690 725
922 980
381 693
365 559
501 884
822 932
599 876
817 894
103 517
252 383
506 730
411 797
654 934
591 762
299 464
896 929
336 357
996 997
276 453
942 967
625 761
487 504
66 654
764 954
563 835
539 871
35 404
518 756
286 722
602 693
920 978
418 826
274 354
967 970
736 910
771 994
834 994
47 415
664 692
7 166
376 646
22 735
142 450
840 847
702 830
309 434
631 664
161 582
817 882
122 900
82 507
916 995
833 973
327 436
125 938
923 977
542 867
873 902
443 550
142 513
650 826
862 993
765 945
644 683
829 861
737 981
643 983
775 781
113 620
156 771
915 999
844 893
675 864
345 689
700 801
227 994
87 947
564 851
935 969
349 539
869 884
271 750
19 957
288 701
332 339
69 591
789 846
145 599
699 795
290 981
734 958
421 578
21 674
261 473
153 817
71 578
528 588
207 830
41 420
453 562
8 113
603 903
700 784
491 863
947 974
140 703
965 1000
522 531
981 993
298 626
426 712
364 758
793 991
321 907
140 398
13 511
362 616
663 772
25 415
846 929
388 858
225 829
830 930
272 829
189 675
847 989
291 475
351 377
755 840
311 837
883 935
122 291
711 744
982 988
259 434
821 979
123 916
656 658
868 929
746 858
363 699
48 470
487 952
492 862
183 386
817 997
305 396
943 999
517 969
221 298
195 237
96 760
688 976
50 268
372 997
116 177
423 778
379 907
15 921
901 995
366 756
671 699
807 887
56 628
787 866
742 951
693 728
711 712
762 801
602 913
691 859
565 664
745 942
909 924
566 659
880 918
813 894
536 803
537 955
988 989
757 886
369 709
780 950
274 740
222 270
890 957
106 494
596 748
708 813
649 718
941 983
745 784
763 916
75 336
146 862
976 991
452 682
771 967
377 848
68 577
538 730
553 615
146 215
229 425
124 187
950 974
618 937
372 857
761 770
774 894
322 577
310 757
829 996
215 733
687 977
285 393
881 975
279 812
106 207
69 876
78 310
483 641
392 453
910 911
506 715
129 525
890 970
308 909
850 964
340 391
655 738
882 897
788 932
262 703
620 922
707 819
400 698
829 965
184 463
369 784
231 491
664 669
279 414
415 459
913 956
228 684
451 935
616 775
52 225
103 901
314 985
152 748
453 549
834 904
891 948
154 330
109 236
238 849
865 935
122 130
466 679
389 887
73 400
371 512
807 845
178 286
198 454
819 977
922 948
380 739
63 390
236 839
125 616
623 646
334 551
177 574
896 986
124 786
595 845
209 289
618 851
479 697
112 189
774 851
413 712
424 810
227 688
343 559
215 421
243 933
580 930
61 448
640 741
697 786
732 887
793 901
170 213
143 844
4 94
815 897
316 579
837 966
998 1000
204 731
815 979
484 816
863 891
437 516
67 914
665 933
863 891
904 968
320 890
414 941
303 991
505 606
572 768
673 852
579 748
48 320
594 833
820 995
169 936
778 898
573 636
934 988
951 991
782 788
560 931
304 909
998 999
45 338
375 913
445 912
657 888
90 201
390 562
20 715
930 982
563 569
921 956
617 930
411 944
355 952
319 742
209 656
925 984
667 904
98 392
978 981
772 777
572 687
773 843
82 271
877 977
852 939
139 238
23 627
434 806
479 946
374 628
653 667
167 651
729 763
48 928
375 423
135 516
945 963
991 998
758 856
764 927
428 662
90 595
634 907
801 955
655 881
359 633
910 997
824 903
37 445
852 977
722 995
159 254
220 757
74 191
532 884
968 995
123 475
645 773
609 722
158 561
901 994
289 867
616 692
408 974
470 804
272 776
503 844
438 662
942 942
639 827
13 277
745 798
151 972
760 904
736 765
392 612
298 923
102 710
440 816
817 947
633 725
309 996
922 942
938 957
513 676
527 941
51 827
404 946
393 599
419 724
51 981
576 914
513 893
851 900
766 963
542 743
106 680
671 825
395 681
316 400
312 807
776 777
692 845
834 937
623 733
704 815
667 947
565 791
470 493
377 855
672 816
987 1000
205 999
582 962
878 895
509 603
22 392
905 934
96 454
560 986
913 929
412 773
880 988
965 998
374 522
883 933
911 912
846 981
128 214
946 947
188 861
761 987
869 979
894 921
436 476
138 214
497 828
287 831
379 969
853 901
270 933
725 753
885 929
651 859
538 587
526 670
394 867
455 655
625 979
402 447
1000 1000
525 697
856 943
245 364
989 996
58 916
908 917
538 740
457 708
149 352
566 819
939 971
883 885
175 675
948 977
151 636
129 788
840 847
201 396
864 923
959 964
523 814
74 404
925 957
201 371
506 583
415 673
751 972
975 1000
591 717
243 854
910 932
964 966
475 884
546 689
286 797
88 576
605 882
863 969
523 748
278 349
408 478
225 704
301 663
970 973
891 1000
736 820
371 970
141 692
286 640
162 986
115 968
185 445
961 997
98 136
788 913
821 994
249 701
682 994
46 728
321 976
52 734
7 420
414 701
629 804
842 869
47 227
134 177
845 912
499 536
553 849
250 907
865 925
375 738
730 963
107 779
716 976
674 918
185 643
343 659
897 961
296 396
277 353
876 933
910 931
854 916
414 803
138 689
543 824
367 784
469 812
847 871
388 396
16 24
700 987
590 826
727 801
261 474
672 719
1 985
73 979
570 834
137 986
57 218
514 631
300 562
644 833
849 949
1000
481 790
798 949
664 964
178 336
718 972
744 848
42 844
755 953
182 217
962 995
513 730
522 909
10 518
174 606
465 722
660 732
599 762
699 957
501 657
648 799
518 958
505 790
955 966
523 904
780 988
721 937
715 742
89 753
693 892
665 940
306 789
700 721
505 969
13 118
563 638
904 973
305 425
137 369
16 554
526 845
384 676
181 789
22 407
861 873
406 444
59 409
612 648
262 420
136 977
722 997
301 882
590 958
824 968
430 455
336 405
449 904
914 988
732 857
957 964
201 950
502 918
998 999
851 901
38 114
621 749
501 765
415 828
133 568
153 604
888 979
722 805
563 945
2 360
111 142
422 605
878 917
824 990
648 979
64 646
854 915
603 970
138 728
899 997
454 550
829 865
107 283
484 876
873 915
68 168
349 852
61 733
950 952
657 777
575 735
985 986
448 750
688 972
752 876
770 941
173 220
149 523
909 998
288 591
699 791
177 792
740 884
157 847
219 250
674 695
610 939
962 986
134 383
692 709
749 869
368 861
377 739
737 985
284 740
102 743
224 926
23 87
273 631
712 934
46 286
173 834
190 487
295 561
275 795
184 804
146 671
692 976
547 554
627 935
295 749
564 652
104 967
299 853
632 838
63 193
460 653
933 989
729 896
553 590
797 933
569 687
821 882
916 941
611 758
891 947
690 957
814 996
842 919
864 889
873 1000
411 704
373 641
373 531
819 975
493 653
239 373
642 803
931 950
139 582
274 305
549 846
995 997
948 987
363 635
174 486
793 871
348 682
396 858
88 225
236 872
339 501
18 964
956 985
684 825
462 669
204 687
634 1000
616 667
227 480
839 996
930 946
421 751
995 999
44 851
360 482
278 380
212 378
461 884
558 726
843 881
581 717
372 920
564 775
724 827
944 997
500 810
633 823
114 940
412 947
966 972
341 675
609 826
734 760
893 921
423 567
50 485
428 912
364 494
670 942
197 636
421 608
942 1000
39 698
865 989
908 932
391 806
670 766
345 873
386 438
788 800
218 835
153 911
785 951
699 970
654 931
730 939
499 602
457 698
183 463
242 297
759 775
591 975
264 336
376 649
461 950
594 720
404 655
969 984
322 767
874 988
150 485
94 767
971 996
517 681
785 854
621 878
367 448
392 913
979 984
346 977
130 903
829 843
98 207
308 910
784 885
174 430
458 620
798 857
634 963
340 401
694 834
169 469
90 97
189 292
761 954
118 398
890 964
744 867
146 617
197 294
680 991
340 410
168 896
253 633
25 96
43 200
642 869
675 912
826 991
543 709
888 909
513 686
386 778
371 549
74 864
463 495
360 792
357 502
831 984
234 432
452 677
271 674
525 755
610 739
377 462
425 529
948 979
67 941
210 563
12 1000
351 955
47 678
381 867
310 623
621 628
978 993
738 959
958 969
159 368
240 697
584 626
770 810
939 945
763 780
930 981
433 941
594 705
917 955
189 234
253 444
168 231
696 801
532 663
430 973
108 389
902 984
981 995
372 552
1000 1000
573 804
401 883
722 774
112 526
320 852
18 695
602 612
442 747
375 847
145 601
309 806
519 813
239 767
508 546
283 935
395 569
797 839
361 953
829 867
211 795
346 995
278 617
121 680
731 942
30 588
444 527
690 931
798 861
162 364
659 903
858 919
457 684
523 904
461 786
493 565
121 784
173 689
681 715
229 718
969 974
269 874
907 961
280 933
224 753
971 1000
490 989
439 677
422 616
632 645
689 752
252 899
295 538
111 365
424 719
622 811
679 696
50 792
964 990
990 999
939 978
520 742
456 873
776 786
32 174
428 651
990 1000
134 484
163 360
671 900
225 409
650 863
936 959
466 596
860 975
159 755
972 999
60 839
416 692
199 605
414 814
969 997
955 995
418 646
724 912
166 769
164 648
829 981
394 413
92 661
374 784
339 767
86 754
840 879
598 768
577 828
353 891
170 310
101 890
63 368
749 949
68 476
112 802
665 885
61 683
946 962
325 405
723 994
188 777
556 915
637 951
969 972
361 738
283 510
995 996
970 989
987 1000
516 680
449 725
510 630
296 566
724 942
529 592
511 944
783 999
90 454
139 337
320 564
438 922
157 792
978 982
737 851
309 664
10 443
534 640
796 979
254 703
38 297
309 758
61 565
311 805
642 885
90 491
995 1000
97 357
602 669
628 950
999 1000
10 78
135 664
881 990
252 855
295 536
561 611
43 780
898 911
342 511
139 375
467 744
600 950
807 843
965 998
510 863
499 959
417 557
751 890
417 839
303 756
948 995
21 599
901 933
430 442
366 811
798 832
536 901
531 974
902 953
362 463
128 134
291 864
256 798
972 985
131 383
684 887
839 885
71 740
65 172
505 681
453 989
176 558
374 751
62 760
978 986
130 359
666 782
433 448
408 587
151 921
381 520
46 783
257 926
260 763
137 224
307 370
32 311
901 989
721 723
662 710
787 801
142 579
837 865
770 885
964 998
433 508
381 418
844 926
974 993
162 351
59 544
571 762
41 63
382 708
221 743
757 995
452 634
444 772
498 655
535 732
10 813
852 873
91 592
412 781
441 985
360 517
729 873
56 807
722 992
496 565
920 978
105 433
414 428
91 265
268 379
491 891
982 994
301 571
882 968
978 980
171 192
804 920
717 995
710 798
542 945
730 830
273 743
158 407
260 533
658 964
961 989
244 882
689 703
946 948
164 181
133 398
759 916
690 963
487 972
788 954
976 987
590 995
987 987
750 850
284 984
410 676
312 751
741 952
574 794
404 465
259 905
38 624
879 915
155 443
173 595
287 287
230 530
307 447
18 743
367 987
569 575
930 957
768 878
202 734
945 982
852 951
268 374
569 906
727 901
398 817
391 647
492 522
926 1000
577 727
901 981
615 994
468 630
231 335
930 934
485 509
182 499
838 843
698 997
549 957
4 716
117 640
27 72
344 709
939 980
901 919
240 648
827 841
555 563
778 862
972 983
611 902
226 919
585 941
370 670
571 654
790 803
727 914
613 794
726 938
843 924
724 765
92 124
887 968
210 717
34 256
195 941
706 731
997 1000
32 933
936 977
141 512
605 770
647 995
538 567
894 901
932 976
780 922
89 396
52 325
470 648
310 649
326 402
589 884
715 834
50 637
885 889
609 850
358 600
312 366
434 919
314 714
152 742
421 580
825 937
759 840
439 786
748 878
982 990
411 743
480 802
386 732
66 297
526 644
281 551
952 971
836 936
127 832
148 829
966 981
839 965
90 824
780 848
575 639
462 926
207 383
639 785
501 784
210 241
769 963
65 771
309 689
820 983
417 844
362 600
136 669
791 918
746 873
49 707
289 376
513 726
636 929
487 703
332 763
657 658
17 450
765 972
191 490
713 810
739 810
383 604
731 992
687 781
655 778
648 953
780 930
789 822
679 897
262 343
76 343
94 675
974 991
460 532
237 625
258 488
543 544
20 781
694 955
273 590
771 876
874 942
957 969
241 554
733 962
632 772
765 927
478 577
576 798
985 987
756 904
98 290
757 863
840 857
558 618
362 433
613 680
328 744
693 806
851 988
258 895
358 718
209 399
626 696
410 689
783 799
53 334
33 668
901 982
958 977
100 874
360 597
485 952
165 837
706 913
905 920
947 961
802 913
254 853
639 694
941 976
45 745
33 615
930 945
578 959
281 422
795 955
869 883
315 862
964 994
809 945
659 662
598 715
785 830
57 223
633 881
75 128
372 558
779 779
330 376
807 976
302 835
577 665
796 824
259 813
261 897
400 874
663 726
878 936
250 614
882 983
392 608
650 805
148 413
375 950
538 988
343 696
206 362
919 976
964 968
140 953
949 953
57 644
363 692
889 899
298 589
894 926
479 717
875 941
510 730
431 515
163 581
703 777
204 218
395 585
971 1000
125 235
168 359
373 558
364 479
160 898
514 962
983 991
538 738
901 912
303 802
141 530
621 914
189 389
777 856
870 962
53 233
807 819
389 403
171 654
216 634
51 93
621 731
662 844
644 842
201 681
677 931
175 774
53 809
125 937
200 944
539 642
207 263
912 941
373 979
547 657
934 982
64 406
21 332
741 891
522 946
112 691
91 530
254 570
898 940
750 840
753 990
427 689
790 846
123 752
743 851
51 591
85 417
222 991
538 743
371 599
321 884
97 177
845 949
643 870
993 1000
950 999
505 647
171 404
463 525
952 984
418 423
768 889
326 974
929 931
134 628
418 693
716 962
563 807
936 948
901 921
570 925
307 383
619 697
691 922
296 319
496 565
241 801
535 759
428 833
270 908
298 834
142 341
77 508
549 810
751 927
559 972
362 393
349 567
456 603
426 515
830 873
731 915
724 893
221 719
396 461
5 188
390 692
479 815
939 971
117 701
693 708
731 977
58 840
151 413
597 755
425 434
899 992
300 392
179 686
481 784
91 490
661 773
563 888
692 980
461 555
895 909
886 945
40 894
710 938
886 915
948 963
443 980
988 1000
253 943
419 621
409 667
731 944
606 676
929 973
272 790
760 793
729 757
32 69
464 803
660 976
976 998
1000
663 761
409 971
757 947
99 793
165 169
131 770
692 755
777 784
744 834
534 850
514 941
699 713
104 273
868 899
869 978
977 996
396 721
223 223
228 921
983 994
99 674
48 384
167 810
10 982
64 878
344 384
711 985
290 429
14 119
287 941
218 761
87 340
628 928
842 927
788 817
601 886
561 903
450 667
578 586
507 970
472 750
648 803
129 628
406 743
805 892
869 889
935 972
800 886
126 453
12 757
527 781
906 931
939 958
212 283
732 823
327 449
307 369
47 586
910 974
756 998
702 995
543 732
665 832
376 525
28 536
577 942
604 753
437 451
621 675
177 555
342 920
293 317
197 939
131 316
241 606
406 648
889 915
72 75
636 992
84 401
358 855
422 731
299 595
95 623
814 881
225 841
311 737
374 741
800 874
308 884
372 432
271 629
821 899
677 939
390 929
890 910
528 825
293 798
93 529
819 819
470 982
948 958
906 960
1 440
273 760
24 841
169 852
432 859
660 808
39 314
568 768
84 846
270 670
295 674
39 544
365 744
437 653
449 805
43 584
583 869
193 649
327 411
753 876
483 663
656 896
661 677
840 943
10 828
124 146
85 873
532 607
368 881
452 862
589 715
834 861
790 928
39 174
712 958
91 497
743 816
271 479
280 759
42 714
41 519
28 564
866 901
843 894
647 671
555 990
656 670
414 759
277 919
500 902
156 250
159 195
926 953
668 802
671 770
462 803
88 183
281 404
521 884
235 309
379 990
1 613
363 695
870 995
403 665
241 681
604 629
352 820
217 509
406 475
19 959
110 619
405 690
405 450
262 503
705 917
787 822
602 654
80 204
374 877
195 540
324 869
573 848
445 448
857 880
156 237
289 397
870 999
848 935
443 608
958 987
755 952
526 922
695 978
307 640
50 836
553 846
45 631
587 954
224 734
687 938
530 769
878 936
52 429
312 865
182 651
961 992
452 871
396 748
249 489
176 499
772 935
256 510
890 983
1000 1000
907 923
795 983
401 943
613 624
524 623
881 890
872 940
424 623
711 982
83 159
964 968
902 928
673 933
479 734
904 948
149 980
189 891
220 744
418 851
810 873
142 630
72 794
949 984
974 991
701 886
944 975
289 375
977 989
640 821
92 173
620 628
13 228
799 879
311 322
427 597
347 663
895 941
301 971
727 746
501 987
483 882
574 744
33 726
317 856
105 613
610 761
415 837
600 844
243 481
792 996
120 348
889 897
763 887
950 977
845 850
49 194
825 919
335 843
304 554
150 462
98 670
910 994
191 444
263 316
903 972
809 829
299 846
175 392
576 737
938 979
910 993
405 721
324 474
417 649
93 695
132 625
725 784
249 992
90 822
841 972
34 107
646 664
590 677
705 852
973 978
562 790
147 732
734 918
137 420
651 880
78 522
177 462
509 929
222 585
456 657
463 994
486 881
972 988
153 702
784 992
566 772
681 998
313 609
595 786
496 839
385 954
867 899
400 980
823 952
962 980
718 957
791 848
515 891
783 966
682 810
844 947
73 888
781 807
725 863
493 593
862 937
71 982
425 787
272 608
98 175
996 1000
533 926
224 901
545 909
52 448
923 979
873 936
23 317
434 694
113 271
519 530
541 903
872 920
891 994
600 876
864 871
799 884
758 855
770 836
365 827
48 188
513 735
392 530
30 203
418 599
234 920
718 863
160 517
880 898
736 773
630 964
695 790
181 184
958 977
150 748
156 891
800 878
184 676
926 970
536 910
758 947
740 872
104 267
875 893
430 643
794 866
647 684
993 996
121 336
386 489
82 492
361 431
238 944
938 951
755 917
821 950
400 675
804 880
969 980
425 426
309 729
52 186
74 858
343 511
638 822
5 112
270 320
547 754
560 929
120 769
40 658
135 995
703 994
93 620
256 617
668 692
126 187
803 914
642 757
43 295
872 917
57 316
10 799
810 844
241 783
642 708
282 429
932 979
114 961
211 440
766 880
257 317
743 804
197 935
115 446
467 576
546 777
374 488
905 999
949 989
661 739
564 953
393 646
319 404
945 993
210 219
169 915
291 920
996 1000
602 621
870 886
939 991
378 482
541 652
537 970
362 554
715 891
888 941
900 903
444 782
497 591
993 995
901 927
821 855
807 949
205 373
383 629
967 973
555 635
436 530
610 783
1 299
324 454
743 935
854 965
307 759
117 955
907 944
325 451
237 958
69 142
103 290
206 436
157 655
641 810
908 925
259 889
753 857
273 975
50 434
582 974
649 680
126 810
822 976
920 963
40 938
887 991
660 799
147 206
757 857
724 799
476 972
620 914
180 612
642 763
24 206
594 834
736 820
793 881
965 968
728 978
561 654
787 793
807 909
987 993
35 807
39 77
21 733
757 864
524 926
851 994
306 373
111 949
320 360
77 860
761 841
816 934
400 711
266 806
512 727
521 554
124 828
86 140
597 820
869 897
204 250
301 666
892 939
140 831
83 312
706 994
116 266
418 626
736 881
65 597
410 593
135 414
415 445
635 857
959 988
100 835
309 365
894 961
908 941
578 646
957 958
565 866
541 944
72 453
39 466
987 992
512 804
103 501
131 983
629 901
837 972
20 553
774 995
935 937
545 704
988 994
451 597
640 777
425 456
931 995
492 669
191 231
533 965
974 998
799 878
670 974
25 929
514 655
460 474
583 765
306 431
333 654
605 866
460 973
306 905
306 500
845 898
601 945
477 750
466 584
895 999
891 953
664 935
462 929
571 867
47 599
811 900
575 891
746 843
408 973
606 696
413 704
935 982
148 243
566 811
357 437
827 832
481 620
243 264
320 571
357 424
479 733
915 937
581 970
519 611
659 878
747 760
209 510
675 686
501 553
106 784
812 818
652 740
468 940
321 683
200 776
140 455
573 586
587 660
199 470
322 372
971 976
56 767
793 894
959 992
654 937
458 633
421 465
842 981
914 980
539 728
9 445
171 460
439 889
253 949
780 972
474 688
901 903
790 872
692 983
732 737
216 630
931 992
409 867
580 851
198 903
291 800
36 982
775 822
984 986
546 700
510 883
187 271
279 830
513 851
843 995
574 729
550 799
611 920
921 926
914 935
856 965
509 721
252 987
34 660
306 461
635 936
99 810
285 388
593 837
889 966
270 410
616 875
166 617
83 83
572 784
323 866
456 994
528 860
831 837
252 312
392 700
789 977
695 794
860 965
634 939
50 551
356 435
26 206
707 893
940 954
195 530
432 576
161 277
421 543
967 997
9 589
219 398
945 960
238 394
447 976
241 913
628 704
147 462
788 863
944 989
874 991
80 335
645 880
858 971
164 669
359 897
890 911
615 877
660 904
758 890
213 997
369 476
22 78
614 884
104 919
926 928
848 902
580 871
846 888
571 874
663 765
8 732
789 822
277 664
19 177
309 313
889 911
277 285
463 530
96 209
843 874
455 803
161 776
204 716
289 796
289 364
293 718
1 217
936 982
586 765
466 867
488 622
22 197
509 884
322 458
179 673
920 959
957 972
584 746
828 877
703 942
109 114
302 319
6 591
597 809
381 827
835 997
682 737
536 937
80 441
747 808
197 558
404 485
119 215
590 934
582 689
221 257
444 798
55 69
892 990
676 876
241 415
28 68
925 993
409 902
725 742
559 567
332 385
847 925
377 946
48 487
574 661
153 557
663 713
843 974
175 263
242 309
987 993
156 801
285 710
154 266
996 1000
91 141
844 849
925 967
987 988
282 745
199 821
331 381
242 267
701 764
918 992
830 865
99 786
306 403
9 946
869 888
964 972
358 485
622 678
237 799
520 542
121 307
420 832
863 994
680 750
405 642
920 936
4 860
546 856
154 566
865 954
45 507
368 672
51 823
124 736
365 385
918 975
890 959
735 925
690 852
602 797
217 989
149 536
405 552
503 892
425 459
246 825
321 909
707 978
19 539
194 625
888 987
972 986
384 823
840 950
595 961
372 543
826 997
385 397
361 999
903 931
955 958
717 900
767 795
648 918
95 822
948 977
301 984
562 793
238 250
801 986
523 739
417 791
878 923
736 989
716 963
781 903
959 990
877 945
718 903
22 850
652 812
576 826
301 509
290 905
157 965
35 608
437 912
312 845
337 810
889 902
620 835
695 998
519 823
74 240
67 523
637 932
56 717
623 652
596 875
500 953
261 307
91 457
123 200
717 718
422 543
182 832
491 848
655 857
849 914
908 994
875 959
906 955
646 901
718 998
165 680
856 878
164 564
613 926
905 930
689 929
150 203
615 806
102 873
465 807
424 757
927 935
66 882
454 812
65 456
893 950
610 785
334 992
808 945
829 965
356 941
655 757
277 985
647 795
673 690
561 739
298 352
147 773
503 732
339 892
415 882
545 647
709 754
565 739
32 646
512 950
4 20
358 578
455 521
444 575
637 875
898 997
605 793
360 747
365 894
476 609
268 695
819 940
407 604
766 838
357 829
6 935
519 614
706 980
401 901
712 799
32 748
951 967
191 402
794 977
981 994
104 592
940 976
415 522
289 802
614 799
249 609
182 740
41 449
174 189
1000
733 968
886 991
200 227
90 106
389 718
999 1000
510 935
755 821
941 977
755 973
724 989
763 904
379 551
718 862
928 967
250 453
96 995
591 897
837 931
604 625
431 937
921 921
863 899
84 185
39 607
222 906
916 978
535 818
830 958
720 994
494 545
657 815
591 666
268 439
578 671
311 613
523 906
865 953
469 635
674 823
126 343
176 636
634 882
115 917
377 414
811 994
191 707
304 891
102 368
691 891
101 896
283 765
87 423
344 715
724 963
731 789
616 675
708 997
751 929
596 998
354 757
690 781
453 633
318 721
897 939
909 923
618 850
73 277
717 988
171 879
294 861
547 861
584 786
745 841
436 624
703 959
737 977
325 914
828 988
539 975
985 985
797 975
175 351
700 895
781 880
312 611
44 137
653 938
284 925
450 471
222 987
783 976
246 903
477 866
545 986
139 187
519 935
354 471
973 979
843 918
330 746
734 998
528 902
368 721
995 997
608 904
86 796
583 707
882 975
433 643
758 950
499 658
892 915
871 979
561 599
120 182
529 799
369 662
697 756
310 428
460 808
412 485
465 816
893 989
618 944
518 777
428 527
45 614
776 805
324 636
668 967
502 556
176 363
539 964
745 950
93 913
428 460
638 662
247 822
927 944
447 845
895 901
475 521
659 974
952 978
98 810
187 679
982 984
635 877
255 903
666 918
163 265
586 647
105 660
884 918
79 302
731 969
904 956
87 162
478 655
56 141
781 956
748 997
808 874
427 522
81 612
43 515
857 859
638 846
421 815
906 969
898 982
400 432
640 989
76 744
178 307
394 927
994 1000
733 943
16 322
931 994
889 943
241 501
588 858
66 318
378 811
864 943
971 976
638 816
537 670
348 831
142 716
56 802
990 999
577 897
147 692
396 480
802 822
75 716
344 596
665 963
243 903
334 519
766 804
101 494
801 814
41 372
780 791
764 985
549 744
872 874
108 183
874 968
644 851
61 1000
801 951
742 891
171 798
175 456
460 891
114 399
817 845
754 807
239 412
357 816
76 314
1 124
130 726
548 935
355 962
239 547
34 497
873 874
36 872
129 165
16 569
506 544
738 883
663 769
519 524
410 841
391 548
154 382
354 409
274 955
138 784
366 841
208 212
228 295
878 901
298 902
134 876
343 971
614 903
445 656
602 930
537 732
295 901
715 735
483 819
623 917
543 806
961 984
759 809
54 585
904 948
679 689
840 978
890 893
927 974
182 785
827 920
882 917
948 961
1 415
711 773
365 911
688 781
447 730
159 698
777 849
258 370
207 407
493 700
451 573
68 877
291 967
701 788
548 973
944 981
635 662
797 857
735 817
569 637
544 718
879 882
710 868
621 869
816 998
147 662
453 948
897 911
599 623
185 663
852 855
754 808
666 813
597 942
673 719
756 859
257 385
525 947
981 992
957 996
21 219
690 785
249 871
259 951
44 134
639 860
880 980
757 793
635 933
341 391
53 470
697 838
138 772
564 957
972 973
241 883
857 922
666 796
22 43
13 345
492 557
610 734
778 883
220 869
981 999
25 268
567 935
200 738
488 603
478 739
316 365
56 124
558 797
842 901
980 998
343 463
259 965
497 683
332 748
453 831
900 985
643 895
926 969
724 884
640 788
964 987
939 969
867 927
939 983
693 985
954 1000
275 725
39 686
942 961
566 743
579 951
33 807
2 729
834 888
702 721
779 951
771 968
175 509
330 845
273 472
153 932
491 812
38 922
986 1000
5 231
910 931
30 145
279 810
120 741
461 961
209 977
592 601
426 472
592 856
890 902
276 342
892 898
591 852
936 972
34 895
637 827
767 863
163 444
787 962
231 600
589 977
521 823
173 584
952 958
596 960
617 696
943 972
503 666
44 941
91 152
137 623
527 902
790 970
346 907
889 976
181 394
918 940
29 496
17 85
819 936
193 317
55 545
521 748
531 821
637 769
668 708
699 816
103 834
758 819
692 747
760 985
667 700
825 841
29 935
472 650
364 737
375 446
879 919
482 583
988 996
592 901
277 762
678 918
692 922
205 829
442 458
6 190
934 947
519 572
567 618
365 829
893 895
975 986
262 819
857 931
849 952
462 918
573 901
252 455
615 730
662 734
761 981
824 880
241 581
624 875
120 861
668 976
566 948
779 792
934 956
729 960
231 855
402 770
529 895
831 842
421 1000
301 340
847 939
681 903
359 527
34 367
933 988
733 733
29 182
63 310
405 760
946 964
868 940
612 649
125 739
275 394
565 607
368 470
925 992
245 599
2 943
921 924
277 333
638 917
918 978
922 994
700 794
562 602
941 961
533 879
919 958
853 962
163 259
324 526
229 435
793 994
537 677
229 946
774 881
336 409
203 471
510 567
220 583
309 465
822 891
357 790
127 246
611 991
921 928
152 483
960 988
256 961
631 699
720 922
885 957
416 478
45 576
469 673
202 493
622 958
850 873
663 909
385 845
593 634
42 841
68 886
986 996
852 862
986 992
797 957
501 650
825 883
551 944
185 955
832 920
305 934
32 122
414 463
198 243
209 839
335 775
734 857
512 733
330 713
121 976
777 787
776 830
253 490
556 927
798 968
787 883
300 688
260 980
591 906
571 850
750 859
601 651
950 952
671 740
645 956
647 931
601 735
61 508
688 858
928 989
227 954
613 989
988 992
550 573
204 882
744 853
146 162
807 993
80 534
97 313
551 703
119 821
365 388
853 930
99 840
384 684
408 489
116 716
954 977
634 779
995 1000
856 975
954 985
403 678
739 852
516 812
96 992
3 284
635 894
471 568
441 510
158 204
916 941
10 612
962 971
628 713
535 661
645 970
820 997
47 835
323 574
581 772
80 978
803 817
911 945
120 867
932 958
208 596
713 965
682 686
846 957
338 454
98 384
460 630
123 285
368 604
868 888
684 714
177 405
489 965
845 846
971 985
602 905
489 517
870 905
526 896
190 838
402 791
552 952
323 325
559 612
340 578
703 844
585 979
876 974
266 354
147 154
47 357
630 864
889 970
436 574
880 886
77 908
533 582
71 412
428 463
651 939
187 207
317 560
624 951
339 685
167 464
124 978
222 827
486 914
148 267
284 874
250 673
3 772
640 773
79 522
502 504
927 978
598 719
596 895
756 813
977 1000
740 874
708 968
501 630
534 568
531 978
578 968
129 279
229 452
174 203
7 275
194 270
556 858
36 212
796 845
149 623
945 974
537 560
494 938
922 941
231 246
677 828
625 909
546 768
993 994
278 586
135 284
480 786
284 882
248 738
229 986
444 595
448 773
759 930
648 753
410 642
110 356
429 762
373 758
541 592
571 732
63 441
75 985
82 986
645 846
184 776
588 926
10 99
531 806
890 895
51 364
379 914
97 489
577 924
990 993
666 951
651 950
941 997
949 964
717 834
457 517
232 235
801 813
316 840
791 938
822 852
336 853
502 636
350 522
765 949
521 737
300 770
647 754
565 638
288 552
263 786
690 914
290 813
574 783
34 329
348 434
219 286
721 920
471 534
142 871
978 986
557 714
53 85
955 996
902 958
999 999
291 925
199 861
824 867
975 976
584 752
928 947
983 998
498 810
324 667
569 756
844 927
113 681
950 971
351 510
991 997
448 483
657 934
789 937
546 795
808 909
225 268
976 983
782 823
621 685
977 985
630 982
494 734
984 999
558 561
217 348
19 860
97 722
820 1000
842 861
28 67
473 604
227 308
931 935
458 877
331 403
764 973
981 986
832 998
828 832
611 926
112 260
50 314
962 994
457 704
274 916
209 964
159 754
461 733
315 576
55 636
324 456
595 850
174 722
374 681
897 913
334 502
901 951
381 996
463 763
777 896
378 383
530 811
226 961
806 923
142 780
621 782
183 186
530 668
491 772
106 218
340 605
631 981
936 997
251 826
375 908
905 943
815 972
394 571
285 570
427 692
197 325
158 278
367 815
623 995
862 992
808 857
592 806
12 69
309 900
312 603
574 751
368 433
665 988
371 787
877 978
534 654
713 918
182 198
83 251
131 645
879 956
347 491
166 306
84 118
544 653
900 991
877 906
339 604
476 507
663 676
330 776
109 639
579 581
557 805
439 931
564 609
258 534
156 172
360 613
241 695
278 646
517 961
700 715
473 517
711 972
838 909
38 988
586 762
342 618
957 984
588 597
68 686
158 863
797 949
84 383
565 819
344 445
718 781
982 997
725 983
944 999
219 633
31 954
335 439
105 777
206 453
848 996
586 793
570 681
18 932
159 226
245 938
673 752
799 920
931 986
260 890
4 658
108 777
853 972
866 867
420 424
609 968
400 906
281 950
249 266
267 453
923 972
37 150
981 994
804 922
286 773
408 509
502 912
22 111
210 996
42 673
492 654
143 907
392 421
503 890
975 983
837 932
528 853
418 501
400 769
584 657
846 935
987 991
561 935
7 827
736 943
979 991
305 491
255 977
412 890
451 967
235 896
154 671
124 326
928 940
18 965
324 486
742 969
505 764
560 847
262 683
984 996
1 450
306 594
439 655
756 793
311 949
559 667
560 614
1000
241 992
957 971
756 775
45 972
236 477
731 736
413 413
693 817
245 593
772 990
21 549
406 921
865 984
948 949
461 705
785 873
790 865
99 279
306 846
607 796
837 893
190 364
491 516
69 861
479 664
777 786
938 955
647 922
308 450
783 970
767 791
956 970
204 376
140 696
4 656
238 678
274 599
814 905
931 955
186 279
992 998
681 812
336 981
13 381
283 791
84 393
766 771
859 865
984 991
782 888
492 702
355 673
58 293
804 884
315 536
611 634
323 381
319 320
309 346
762 987
448 471
960 986
72 271
421 577
905 927
28 666
269 284
747 967
85 115
125 182
611 665
990 991
105 383
656 884
642 746
480 976
950 980
552 709
19 213
13 383
424 699
200 227
652 930
465 882
672 727
768 936
36 998
522 917
924 985
502 633
574 654
724 892
999 1000
733 975
153 349
556 739
282 449
78 836
983 983
906 967
767 955
598 863
248 278
362 983
929 949
694 863
64 235
898 900
665 891
23 341
80 654
703 740
153 248
632 978
983 993
48 932
812 917
173 497
548 738
449 805
416 597
432 483
785 959
566 792
770 939
977 994
185 416
168 920
249 405
509 998
232 446
275 670
917 947
207 232
964 970
306 638
392 882
790 792
147 644
430 705
91 483
214 770
990 992
8 278
798 840
613 655
915 971
600 897
826 987
499 923
438 842
686 934
359 977
622 960
494 912
927 934
824 861
325 620
648 991
581 796
480 505
752 771
534 874
561 752
970 976
498 660
3 115
242 428
637 818
667 689
354 477
990 991
503 624
194 230
602 816
90 160
355 708
144 692
741 810
425 885
70 372
176 245
599 938
416 715
316 938
123 861
252 779
623 947
649 704
458 637
164 593
235 629
848 942
616 825
438 925
874 988
496 693
345 499
192 786
74 254
17 42
864 927
756 895
853 906
597 739
122 522
666 850
185 654
187 639
564 1000
929 976
533 883
475 705
496 508
951 969
551 732
191 703
34 894
812 864
527 769
97 873
721 799
556 703
935 989
187 573
928 987
590 740
62 717
29 399
978 995
766 900
15 205
631 906
991 1000
200 667
908 983
606 819
342 686
842 945
87 831
418 511
994 996
344 507
54 457
190 523
522 870
663 784
904 967
616 874
73 602
296 396
491 894
629 746
806 980
349 953
832 919
139 731
454 641
34 314
315 792
59 629
912 918
344 849
39 185
40 949
207 381
365 675
217 783
878 910
784 962
231 480
682 743
702 967
70 576
882 982
321 375
668 880
724 741
318 994
906 998
720 874
629 857
133 538
953 971
900 937
225 636
909 999
96 561
762 966
293 611
869 962
475 838
830 986
168 242
754 944
569 616
847 965
117 994
875 969
71 722
797 927
471 931
786 895
387 833
644 880
759 842
204 769
703 876
401 432
808 912
372 833
695 711
7 904
726 977
205 990
703 843
335 561
754 859
792 822
352 440
725 965
277 965
830 844
4 303
1 879
137 179
668 712
561 708
675 796
865 984
385 507
677 741
843 886
438 987
101 318
908 916
920 960
706 904
415 730
592 814
284 938
751 771
781 856
446 845
438 582
661 719
851 856
128 580
314 958
529 787
275 277
754 814
839 993
905 953
868 930
490 823
801 992
585 739
445 546
405 656
614 654
837 923
952 966
3 635
195 833
160 464
856 916
799 855
733 966
718 869
371 633
506 564
828 938
277 868
157 728
811 976
191 505
264 661
267 483
490 600
772 920
130 897
181 207
809 819
176 630
943 993
741 951
160 599
986 986
727 858
213 814
334 444
762 890
473 715
409 718
981 982
397 741
217 502
733 924
609 725
495 630
654 812
937 978
173 321
183 586
912 982
761 885
773 776
195 867
187 837
164 976
193 238
899 918
773 782
831 932
159 203
990 992
982 998
209 323
52 113
887 913
723 993
208 968
388 654
859 996
828 934
470 874
560 567
145 178
818 867
717 785
238 611
67 520
409 572
642 865
703 740
483 636
81 209
683 927
803 902
434 777
763 834
137 741
618 719
961 994
688 761
537 553
48 733
714 808
597 878
610 715
709 953
758 832
158 719
334 369
985 985
793 874
791 943
644 766
933 990
310 574
253 797
397 475
493 710
457 733
580 657
567 705
297 303
768 792
528 628
142 658
128 471
781 931
539 833
509 634
973 981
118 546
284 814
813 919
934 958
84 437
961 971
966 983
577 906
764 777
808 828
602 906
16 951
586 597
417 518
140 912
722 760
573 599
801 976
123 791
126 387
649 753
443 694
700 984
348 610
744 948
375 404
308 695
896 898
525 926
596 680
575 745
729 896
205 379
809 869
449 491
920 927
824 929
296 520
799 913
120 991
914 960
110 192
827 978
740 964
905 974
269 442
347 961
436 944
760 938
195 975
32 228
745 894
484 552
208 229
48 938
171 738
638 846
597 622
103 318
18 861
741 995
755 769
919 946
26 110
283 766
561 878
730 971
958 990
367 950
627 881
498 527
927 981
433 471
936 971
406 416
371 762
116 694
892 970
195 346
773 810
764 894
73 422
286 971
992 1000
913 919
836 932
811 891
765 858
292 481
52 788
882 994
227 612
458 543
325 536
119 571
473 675
282 979
878 975
900 949
618 938
854 874
562 701
137 287
102 670
475 948
267 462
846 933
121 650
450 644
510 991
305 372
890 964
305 558
400 607
972 997
657 850
646 874
37 391
444 812
346 888
969 975
408 901
536 873
41 98
981 986
831 930
543 623
467 893
833 990
317 806
488 882
298 309
343 659
262 559
665 895
280 487
916 932
184 388
434 971
400 905
431 534
945 974
617 943
443 766
372 416
825 987
5 44
673 912
596 727
159 530
966 976
929 937
504 973
144 821
248 300
417 803
699 711
381 941
146 434
398 585
689 800
916 997
907 1000
379 437
270 522
830 872
569 838
922 922
334 975
781 888
907 988
404 588
92 381
769 959
922 959
214 947
551 911
681 795
748 963
187 883
797 895
788 883
538 611
787 832
770 905
739 742
875 985
974 997
160 647
913 933
719 719
717 837
482 725
687 849
356 950
159 341
767 850
18 860
310 983
669 685
508 553
187 605
919 920
991 998
459 855
128 460
355 971
172 399
695 805
494 668
160 161
195 781
947 991
727 912
906 969
241 603
140 172
765 839
77 939
53 114
189 763
458 760
899 923
209 546
389 495
545 976
26 316
697 697
920 975
683 915
852 976
207 966
215 362
604 942
196 356
27 329
465 860
550 854
219 582
13 802
370 571
922 941
82 629
313 744
41 446
837 908
921 940
21 919
72 917
705 901
707 904
524 975
143 945
674 786
65 927
381 445
667 907
936 981
355 525
559 889
449 535
793 918
20 267
494 585
669 861
478 573
885 977
920 984
629 945
629 655
556 957
907 941
903 996
556 745
622 824
507 541
567 576
785 961
137 632
853 911
878 902
296 614
690 739
137 849
190 827
329 458
655 860
587 919
403 409
474 543
247 970
519 898
907 974
97 767
936 956
872 917
67 830
940 956
100 612
200 694
338 802
587 852
711 989
631 859
325 911
771 973
5 808
441 841
882 887
818 949
789 915
379 846
961 982
230 472
340 867
399 865
986 996
341 664
501 542
373 841
64 985
650 820
744 774
251 503
246 617
448 582
13 123
795 967
655 667
342 589
395 505
818 869
973 999
805 948
515 759
944 944
518 914
502 729
730 890
997 998
925 947
435 983
387 864
656 682
809 943
149 874
239 297
942 968
841 975
126 382
797 831
46 996
283 362
746 946
355 823
5 376
5 333
415 619
112 199
148 574
185 214
767 951
793 983
351 771
510 683
580 661
838 884
787 846
747 975
590 650
143 653
439 636
566 809
28 833
529 607
208 724
865 893
77 639
737 784
122 535
371 720
849 852
648 952
756 863
10 250
876 889
604 900
945 946
500 730
669 786
17 909
778 969
114 867
429 674
394 683
247 829
950 959
841 970
245 766
51 881
360 474
931 970
536 617
496 512
884 926
521 800
369 399
555 608
284 404
865 954
637 910
288 647
601 916
62 604
589 735
594 698
619 787
846 977
198 978
955 978
665 923
28 544
544 725
273 826
94 245
825 851
487 709
981 995
74 123
96 419
415 438
327 918
837 846
968 991
964 985
807 924
838 843
752 869
232 609
926 978
502 636
757 977
529 912
81 113
337 559
67 198
584 747
602 848
166 186
191 235
738 981
934 1000
402 588
211 859
530 866
41 351
48 679
520 744
887 950
44 165
656 868
956 984
782 807
114 595
481 948
346 798
373 975
537 847
187 801
111 570
446 678
339 449
960 999
187 500
773 947
838 978
50 643
228 732
170 628
533 713
323 353
820 870
801 888
703 854
765 986
348 894
266 570
6 713
908 960
301 899
165 177
192 287
13 231
312 751
890 969
547 883
863 899
460 540
469 586
607 794
233 265
260 535
592 885
81 976
825 861
302 957
348 650
568 967
837 894
521 879
276 556
733 819
42 53
360 862
900 956
52 636
217 617
481 636
910 950
239 420
221 386
355 376
503 764
654 945
1000
920 991
859 958
498 794
799 869
627 755
647 962
314 772
70 717
4 120
721 814
69 116
235 336
272 560
179 308
502 677
860 910
862 878
537 646
42 195
371 893
991 999
578 769
884 889
723 815
797 798
873 996
783 974
436 540
694 973
656 745
965 978
206 652
276 700
505 754
804 819
784 823
741 797
648 672
440 765
102 448
461 828
996 998
100 402
376 472
644 844
388 821
620 778
236 808
270 977
888 949
197 779
76 650
2 523
720 869
792 977
625 689
200 954
226 541
731 989
943 949
927 947
472 683
167 954
222 270
999 999
475 969
835 846
495 881
277 745
897 938
805 999
111 827
950 986
631 785
483 781
873 993
802 873
640 848
790 888
782 961
203 287
630 674
944 980
391 731
140 892
140 283
384 789
529 711
778 894
145 256
616 821
752 789
158 276
603 775
896 928
389 746
126 421
170 651
183 889
62 66
118 729
905 978
13 127
992 994
953 984
338 868
986 991
57 700
526 555
120 326
890 911
364 721
247 314
94 978
541 774
632 994
453 931
58 497
397 759
749 869
486 792
277 566
254 685
307 368
126 849
776 902
904 987
162 661
653 978
291 329
451 503
360 977
554 557
248 875
169 583
948 992
1000 1000
711 835
87 426
130 584
1000 1000
713 926
806 997
985 995
570 752
733 993
524 563
572 733
265 773
758 768
301 677
910 986
156 247
654 729
512 959
621 676
748 887
565 793
15 580
245 639
99 237
782 909
996 999
880 980
438 638
430 967
345 759
741 746
208 245
701 786
971 999
651 915
213 426
416 570
706 749
468 528
589 791
449 901
508 627
654 756
959 980
566 729
223 454
605 961
93 634
33 801
891 964
835 927
666 682
666 751
555 853
846 981
931 991
19 641
126 803
100 382
146 847
179 185
672 824
266 607
901 932
290 362
530 830
359 758
961 976
970 971
476 636
126 776
166 660
150 238
331 569
285 669
361 361
346 914
338 949
443 532
948 990
519 969
435 789
610 752
151 647
125 893
385 959
130 961
160 699
638 819
923 993
876 899
754 871
1000 1000
392 587
202 225
451 878
99 262
754 762
143 365
592 899
75 264
693 787
445 969
740 834
866 956
305 653
23 377
458 835
897 976
295 540
182 477
855 964
203 390
886 949
125 439
728 768
692 973
21 287
491 691
116 424
72 932
874 983
989 998
651 834
391 855
868 953
960 992
721 938
125 231
951 993
998 998
871 904
980 994
688 981
74 439
725 783
307 587
68 687
25 877
628 989
260 424
706 722
50 761
868 915
791 996
183 858
20 175
834 954
75 895
102 489
209 557
553 847
97 577
714 746
288 813
711 847
79 438
571 651
998 1000
197 259
351 444
408 419
279 807
346 445
190 778
80 652
824 932
339 424
381 451
297 838
677 685
740 950
921 980
639 875
231 605
721 937
164 902
835 915
792 960
536 708
465 556
351 608
80 752
608 810
591 987
56 323
796 803
843 888
641 757
247 553
600 646
411 728
68 864
339 726
42 219
341 740
823 893
773 787
187 458
365 559
607 851
971 974
619 661
680 746
80 411
421 855
228 729
783 939
464 765
777 993
851 868
926 928
663 841
940 973
923 948
640 960
369 875
403 475
708 952
480 504
188 811
853 977
199 832
762 773
576 744
311 358
544 991
385 605
201 326
685 987
300 387
443 568
615 934
766 991
869 929
751 897
234 963
944 977
505 639
580 683
700 922
447 849
884 957
154 193
691 694
619 846
854 986
24 711
43 801
967 993
832 895
250 295
232 424
535 560
106 115
183 817
169 437
631 879
979 993
656 772
98 670
255 606
819 990
750 780
712 924
45 990
749 778
633 743
590 634
901 940
463 918
335 574
438 457
769 774
732 997
885 966
12 746
223 745
218 966
420 856
483 827
242 578
977 988
74 934
471 662
633 738
905 907
891 901
618 784
317 546
120 460
543 669
801 949
123 565
432 824
320 681
322 791
374 869
709 817
119 727
208 890
23 148
558 581
558 813
435 888
437 668
880 892
831 892
585 868
211 796
150 337
296 698
186 760
326 410
404 600
697 710
471 629
773 860
165 651
714 723
726 789
840 893
916 921
129 164
490 726
218 518
72 946
305 680
453 673
86 771
643 651
218 575
225 865
827 935
590 906
265 578
988 994
110 710
2 763
452 721
394 996
353 445
3 697
754 889
148 376
614 703
455 795
219 588
720 727
226 966
274 300
782 934
421 526
475 621
172 911
146 758
249 956
987 996
771 875
125 576
223 279
413 540
686 980
834 929
405 793
811 865
312 822
73 192
571 832
678 896
122 178
883 937
50 906
648 693
236 825
920 954
627 947
718 971
20 22
135 294
472 915
117 429
896 927
496 982
624 909
9 134
419 908
675 932
644 954
186 343
678 841
363 423
403 873
950 957
978 983
157 319
302 821
291 778
217 682
156 686
187 522
961 979
662 879
439 536
957 989
121 264
960 988
938 976
62 809
524 840
194 218
519 790
46 985
706 978
197 323
498 964
433 728
654 894
997 999
123 876
584 734
396 639
26 944
774 870
522 965
881 951
399 995
579 635
271 644
301 730
217 705
881 966
126 698
139 877
961 987
459 968
582 665
494 603
911 913
847 874
956 963
145 392
236 952
836 855
686 724
672 711
947 994
882 904
857 959
690 968
471 662
760 839
318 595
787 833
546 569
163 708
643 900
666 928
230 954
988 999
663 901
319 727
846 863
73 788
508 936
469 743
735 867
660 689
562 896
360 943
681 788
408 789
853 927
700 896
153 449
527 530
211 617
721 953
524 718
959 992
834 991
994 1000
912 932
237 312
756 925
689 982
318 955
658 752
859 969
508 931
957 1000
614 794
211 968
427 973
55 408
817 837
911 969
520 697
578 650
616 700
115 180
70 288
666 880
615 763
745 774
871 968
767 979
920 994
391 757
539 997
688 812
646 782
160 301
213 229
97 695
528 924
520 858
362 734
522 932
156 915
507 655
833 969
498 994
994 994
918 959
139 280
74 164
311 627
657 800
96 575
206 699
316 700
485 508
133 212
643 669
811 867
740 741
541 980
470 746
369 974
245 548
623 631
446 905
836 890
708 756
573 663
224 481
253 985
190 693
827 989
550 897
430 583
580 862
575 755
456 977
181 237
375 920
47 347
890 932
993 993
322 642
502 728
261 895
927 938
769 813
48 789
113 377
308 555
84 482
287 898
714 746
275 809
576 835
743 885
79 721
608 758
406 578
111 772
53 160
980 998
949 994
899 965
754 867
346 571
523 713
19 686
740 749
334 863
773 922
83 133
283 820
322 543
385 979
12 349
54 495
60 442
478 720
11 742
199 570
539 593
400 783
644 696
545 593
438 740
7 432
806 973
748 878
178 206
401 787
210 641
848 913
694 722
735 905
80 978
78 769
100 588
722 766
75 893
616 813
493 997
864 877
257 624
983 983
460 870
225 360
122 330
496 796
549 663
849 987
566 646
991 993
463 960
63 868
531 555
623 916
383 566
147 430
380 958
37 474
682 992
396 818
406 996
397 718
722 919
250 513
871 911
454 517
968 976
250 925
606 851
449 899
637 743
364 733
649 665
191 298
410 467
272 914
495 559
89 918
863 961
989 998
946 990
456 571
353 371
243 807
535 888
831 924
932 990
359 843
652 885
846 945
90 155
141 401
310 579
543 584
399 992
356 941
740 933
300 593
571 687
593 833
530 834
411 681
282 634
844 916
311 397
757 924
882 937
453 514
654 855
629 836
943 958
890 999
516 922
307 482
795 863
880 950
324 588
817 910
90 134
452 475
64 321
61 152
246 894
343 731
586 963
962 973
545 959
145 222
479 499
215 744
402 782
657 869
267 626
497 880
366 521
808 911
618 839
551 925
275 718
334 474
72 897
703 945
724 919
651 896
893 895
914 961
890 983
921 947
664 755
183 289
258 376
156 316
576 658
767 968
173 377
60 276
943 981
810 964
342 442
687 792
882 888
238 496
121 913
81 438
379 593
259 888
670 793
43 658
243 621
106 145
125 729
315 598
886 979
452 550
709 876
699 817
649 660
504 593
972 995
978 983
335 501
506 932
901 999
297 410
561 874
710 742
713 784
644 899
40 903
793 954
24 852
493 598
215 396
727 984
541 972
13 168
443 761
976 990
924 995
821 964
860 964
939 1000
693 957
401 792
709 866
987 995
692 997
994 1000
841 865
925 967
828 928
934 962
21 742
455 664
524 990
785 855
185 711
770 940
344 545
258 888
964 968
582 590
992 1000
753 792
697 977
179 184
427 834
680 694
995 995
361 451
726 742
108 575
472 489
385 963
307 676
393 726
109 517
474 563
24 49
182 652
486 523
477 754
205 383
901 967
665 770
765 931
148 977
19 572
696 972
501 996
43 270
808 869
736 870
239 307
628 809
790 811
836 944
3 347
83 544
112 565
917 921
966 1000
710 978
256 499
94 146
811 907
787 949
878 884
952 974
661 812
632 841
859 901
259 715
629 781
771 938
813 986
890 977
474 873
201 537
482 741
342 722
508 766
1000
936 999
332 911
456 849
28 28
911 958
98 229
197 994
173 394
432 824
462 652
547 726
281 646
240 908
180 770
783 851
806 838
479 698
225 601
180 864
518 780
452 705
313 545
572 675
365 936
649 843
439 740
525 681
746 879
459 973
730 761
571 802
920 960
419 438
337 670
414 530
829 935
85 345
454 517
498 580
540 590
462 756
470 890
951 963
736 883
555 722
656 724
947 975
426 922
48 594
440 913
846 896
4 621
726 835
926 941
316 630
591 702
934 990
26 419
690 922
561 904
832 921
789 982
783 816
479 789
905 914
185 991
511 928
505 594
270 630
725 859
117 211
475 554
137 884
519 911
217 511
813 869
291 930
705 983
624 937
264 387
78 502
412 725
849 987
55 462
973 989
293 932
848 990
698 719
861 923
52 995
947 947
519 709
495 523
463 802
629 849
670 674
38 848
963 968
816 864
751 778
640 662
604 733
618 649
317 681
438 495
909 933
342 750
502 662
344 628
672 996
556 859
710 935
648 800
711 894
543 950
743 901
889 973
450 883
511 879
397 421
536 980
678 729
461 996
801 886
831 889
729 857
999 999
247 993
462 495
549 949
238 789
850 850
273 850
227 793
665 862
247 447
743 946
789 940
719 850
31 842
927 958
166 676
703 710
504 835
519 738
233 550
806 883
133 339
360 434
356 436
13 679
437 440
820 910
450 575
743 908
922 972
495 533
758 777
815 988
227 912
540 724
545 576
898 898
10 182
568 755
648 782
35 467
708 929
22 313
973 990
121 402
329 484
262 598
89 173
830 942
986 993
215 281
589 911
189 545
858 998
161 907
114 129
149 942
916 948
939 948
510 939
59 908
204 205
986 997
40 358
970 983
399 671
789 891
775 883
566 940
89 551
882 962
885 963
39 722
196 439
817 828
475 597
506 856
866 881
820 954
374 595
205 883
887 991
514 542
992 996
201 866
820 883
940 978
773 810
398 436
498 758
24 278
595 879
384 976
226 698
756 831
616 649
202 217
723 888
646 858
896 995
495 897
682 695
17 336
380 699
441 997
956 962
174 414
281 813
629 803
878 996
552 974
887 950
605 900
810 919
535 920
543 713
986 993
268 559
380 841
877 929
315 945
76 399
189 532
542 972
455 965
589 967
702 799
129 793
947 972
273 935
624 995
694 955
195 957
71 316
420 809
898 915
818 959
62 627
118 946
387 751
952 970
77 85
588 819
721 937
699 848
81 386
842 942
860 930
919 933
466 825
561 970
325 753
395 922
525 822
940 1000
420 720
63 89
654 759
781 888
468 729
858 928
234 488
4 479
495 551
432 751
431 738
430 879
146 594
487 524
845 924
110 254
504 862
766 871
493 877
573 598
698 717
780 817
884 977
567 999
266 831
394 898
625 753
988 988
822 923
788 902
338 560
737 945
54 500
146 368
582 768
567 819
798 869
616 740
86 287
290 983
597 685
884 1000
56 463
1 795
335 695
280 635
437 700
822 928
260 523
432 636
806 894
117 350
784 983
738 748
209 912
793 816
827 853
751 907
614 717
336 581
311 629
385 623
641 971
304 792
971 992
940 957
46 920
277 903
493 606
411 642
49 838
725 854
459 617
334 912
524 987
955 965
831 975
106 311
601 947
754 767
756 853
188 871
816 966
235 810
956 980
252 478
948 993
454 839
761 884
869 964
174 408
55 720
995 996
976 993
701 987
981 990
331 349
779 993
525 927
206 639
770 867
489 900
79 203
601 765
258 438
327 812
11 341
21 961
80 313
765 875
83 912
446 659
915 918
356 524
208 662
960 972
526 716
784 814
446 826
275 807
195 581
855 883
820 942
212 324
414 854
345 955
734 945
274 483
458 992
284 468
230 452
488 552
411 478
845 943
286 627
245 922
227 594
666 809
23 924
191 918
350 513
149 197
136 743
241 245
195 684
280 668
759 835
892 973
170 972
39 635
341 737
311 881
894 903
262 809
498 789
648 708
923 972
875 879
673 821
43 317
136 922
5 513
36 161
105 514
89 329
187 549
305 587
473 848
179 523
778 979
966 983
830 840
765 820
404 444
997 999
776 948
41 558
917 991
682 958
82 553
215 380
101 884
633 820
596 621
986 995
751 981
852 852
182 333
353 965
799 938
155 183
843 965
160 488
166 683
196 595
700 762
694 732
288 657
518 844
88 313
555 617
437 756
393 414
870 905
67 714
897 953
683 938
617 617
341 923
865 867
882 971
740 895
776 828
355 778
751 902
246 297
562 683
599 607
799 889
268 291
4 359
112 389
558 897
24 94
176 377
9 852
872 952
945 969
351 712
696 839
912 957
719 883
379 707
266 773
631 741
684 697
106 599
92 364
474 983
852 919
100 516
11 817
947 983
947 998
736 999
631 954
441 599
435 870
439 819
652 887
511 988
365 993
990 993
634 794
451 797
410 513
408 671
133 614
141 506
661 676
521 610
252 794
371 877
776 955
251 573
678 888
227 349
10 552
63 965
437 944
733 900
298 787
732 750
842 885
629 742
150 763
610 676
353 859
514 638
139 451
784 794
327 718
716 970
561 737
967 999
209 773
6 462
510 702
929 961
593 702
934 998
183 398
198 614
343 476
582 648
694 786
959 980
16 997
52 570
738 953
838 980
729 948
932 976
790 802
147 789
891 896
920 951
577 751
867 979
397 812
728 753
844 876
305 513
924 974
202 910
743 921
358 421
561 667
628 694
795 925
895 977
301 554
841 961
721 956
107 552
562 693
609 661
655 908
713 859
98 116
453 510
282 844
601 872
921 922
837 843
127 888
926 978
367 986
368 784
795 797
754 956
53 824
118 854
54 130
525 902
987 999
969 982
775 954
40 518
946 999
856 935
71 195
102 854
257 498
172 862
338 648
344 825
478 507
272 792
141 749
990 996
54 646
343 693
811 929
707 774
200 627
677 872
548 997
807 962
157 313
589 622
750 888
944 966
264 946
723 826
802 965
552 989
964 1000
565 794
205 994
573 856
580 734
416 657
806 813
249 493
714 889
557 789
250 895
289 910
896 993
242 794
425 864
365 742
866 867
615 819
11 95
656 872
297 511
13 651
365 932
413 623
903 928
722 958
871 987
2 557
763 911
202 417
413 741
577 976
527 812
388 643
289 842
868 939
270 727
992 993
913 928
610 979
914 926
941 964
195 636
988 989
53 91
743 791
24 838
358 401
417 903
195 492
698 866
360 528
725 774
282 977
798 869
653 731
781 948
362 499
584 842
29 800
562 824
782 905
554 887
861 877
877 908
510 991
314 629
530 912
224 852
114 222
605 764
805 810
682 781
227 980
103 436
226 563
119 701
41 197
47 152
193 421
681 962
82 718
640 676
689 721
220 369
597 676
463 538
365 957
899 967
697 779
928 998
174 469
647 939
17 670
443 725
416 434
860 962
686 772
144 328
836 993
455 814
15 326
836 961
749 820
504 827
554 914
464 891
712 946
736 943
490 792
904 949
455 526
269 946
775 823
141 846
837 882
373 881
782 980
362 533
411 418
820 869
329 792
873 886
185 532
916 950
728 802
92 704
12 902
301 599
39 463
217 522
572 971
538 592
37 787
62 507
470 943
912 979
473 817
625 935
367 406
898 935
281 450
25 730
406 641
957 999
502 525
816 934
994 1000
147 328
61 181
550 587
601 988
292 391
922 925
620 998
708 794
437 844
52 488
211 714
495 950
797 925
747 962
427 483
516 916
692 959
884 934
69 534
115 547
625 840
933 996
112 269
32 636
161 519
752 894
582 809
482 647
86 633
48 657
186 442
708 929
554 796
560 802
768 849
188 340
188 489
371 637
439 651
252 863
893 980
481 647
638 783
440 940
246 689
238 921
566 817
921 928
311 853
768 933
858 902
85 821
702 913
559 956
179 609
101 286
156 846
850 927
661 836
249 905
435 645
830 874
49 980
721 962
832 965
127 632
14 811
582 780
30 732
379 599
4 339
62 300
289 830
163 587
82 521
836 948
963 997
831 966
929 973
646 773
121 989
27 755
793 885
590 839
959 975
859 901
643 817
280 825
679 974
417 654
712 757
407 421
347 621
664 973
249 532
4 716
409 636
719 834
965 975
569 699
266 644
585 684
266 324
814 870
794 883
995 996
182 244
191 377
549 588
718 888
150 744
973 986
353 730
244 875
974 987
324 432
865 878
347 537
940 962
279 745
447 514
292 494
743 760
141 571
720 766
615 814
637 785
550 696
389 938
381 412
766 787
153 409
658 895
207 879
290 351
579 766
347 905
476 652
893 917
62 724
282 957
316 908
506 611
512 540
68 824
844 881
298 718
814 999
961 970
498 600
702 845
76 380
667 762
615 929
920 943
479 708
57 403
707 881
103 593
778 868
943 956
230 510
230 360
933 960
263 308
295 985
957 971
413 930
683 880
161 738
319 336
456 670
875 983
812 940
775 923
534 924
849 861
569 802
275 870
363 854
607 843
708 719
444 822
50 324
136 362
53 451
901 904
251 843
113 602
900 968
709 944
595 759
498 832
201 572
1000
507 904
751 868
707 850
393 725
644 671
544 780
824 857
233 453
917 984
47 766
239 637
998 999
535 559
737 826
633 941
718 965
770 977
28 271
596 617
79 919
771 923
676 812
88 125
500 625
197 608
197 538
953 984
320 416
536 728
766 943
22 466
15 105
129 519
304 607
877 948
260 900
603 776
940 972
428 948
383 945
186 421
320 455
856 946
682 750
388 791
108 230
691 697
954 968
703 896
715 726
263 886
30 306
668 781
121 535
85 296
734 923
417 694
795 998
214 878
902 931
417 935
34 431
338 681
744 798
269 389
203 977
432 939
878 929
130 199
921 998
989 991
493 604
965 965
578 853
427 949
148 186
873 955
291 312
249 440
25 710
168 752
413 491
319 893
118 470
397 424
564 811
925 946
937 939
679 886
248 264
210 950
431 787
517 798
44 405
941 944
379 669
591 812
574 644
546 604
546 867
133 135
792 870
744 909
26 673
998 999
275 838
809 904
170 866
263 560
791 934
706 823
715 777
25 471
943 966
271 326
629 937
528 961
273 693
131 498
2 974
636 831
650 777
998 998
360 565
76 901
657 785
683 871
121 470
143 906
849 904
953 970
869 873
682 843
851 853
632 839
323 481
716 942
652 919
68 149
523 702
609 823
971 989
653 656
829 997
936 965
38 602
758 891
534 946
76 872
809 991
234 271
487 713
218 467
234 395
226 790
327 964
915 937
506 824
878 980
286 598
412 796
724 810
963 996
631 730
751 919
901 978
97 890
93 450
33 174
718 995
435 895
956 998
701 921
255 721
13 16
375 636
670 995
55 154
259 563
556 739
411 584
456 690
936 994
228 413
482 520
661 893
34 446
269 669
891 939
999 1000
212 978
220 770
430 499
539 865
500 518
511 983
885 961
740 878
785 908
84 519
136 871
795 982
317 791
33 807
822 883
334 869
502 716
905 910
961 992
603 717
63 632
811 840
329 619
692 904
493 831
606 665
125 842
469 966
125 298
982 995
578 696
455 697
4 828
159 391
253 315
417 752
351 747
867 891
310 671
61 233
577 878
610 857
168 818
452 567
194 998
328 388
66 480
116 502
596 944
989 992
435 568
661 698
732 875
58 404
480 592
39 758
912 947
104 674
441 923
844 921
291 809
99 755
559 668
488 677
544 972
399 517
729 933
61 446
545 882
231 447
673 955
997 1000
133 193
347 367
858 880
786 851
115 935
898 903
96 936
7 661
831 848
338 395
26 431
831 901
272 352
223 407
550 617
178 988
641 649
716 963
189 290
937 966
681 790
363 641
305 617
774 962
727 880
949 990
101 638
801 970
787 986
5 205
396 692
395 671
243 294
998 998
940 993
56 780
169 218
823 954
241 892
402 487
124 980
146 850
965 992
119 978
693 832
361 972
843 888
376 979
374 600
467 512
269 753
3 574
156 342
461 987
265 629
704 722
764 940
278 940
904 951
169 542
254 744
81 252
652 875
299 358
278 349
507 975
550 822
430 807
670 712
217 547
118 822
709 886
181 361
476 957
668 860
469 795
834 997
575 799
918 982
680 759
702 893
101 981
875 957
594 948
165 492
426 954
803 946
261 597
801 881
982 987
373 496
398 814
335 430
58 827
380 824
1 159
919 990
727 850
893 921
479 624
414 569
886 930
181 185
686 709
746 848
814 824
229 308
774 818
857 915
746 967
983 993
98 424
596 819
258 988
116 282
604 625
122 952
250 728
905 937
3 775
363 651
445 582
890 988
497 574
546 560
763 953
833 870
396 830
214 410
418 701
840 861
799 984
451 496
790 812
898 984
991 992
200 762
373 904
10 697
630 905
538 897
791 877
367 811
259 803
371 796
231 365
781 861
984 999
188 466
576 939
556 596
903 952
50 487
599 629
655 843
758 838
337 436
108 699
561 715
213 228
642 808
525 981
22 212
360 901
38 518
982 999
238 701
79 232
73 283
464 539
249 657
836 838
350 862
105 498
76 832
63 943
210 357
434 848
395 546
871 981
163 195
246 841
936 942
256 930
809 911
904 986
381 614
946 980
806 942
224 590
200 523
132 875
268 427
948 979
68 846
291 814
618 969
825 902
957 987
712 784
207 261
18 501
191 793
658 828
406 707
714 814
278 890
849 919
582 740
370 609
35 997
142 837
606 934
838 890
542 898
3 401
403 664
81 434
990 998
360 480
391 806
376 435
469 548
172 626
257 877
532 955
185 333
614 761
71 978
152 545
694 981
308 431
356 787
682 868
261 672
756 929
278 805
490 989
669 784
681 955
862 893
232 717
761 948
305 419
948 984
414 879
187 493
880 901
383 879
813 975
593 785
385 815
333 358
377 646
193 555
728 998
263 286
61 579
389 948
325 675
640 704
193 314
786 837
266 804
184 626
221 312
239 730
718 763
208 958
310 986
674 684
823 972
886 954
744 940
756 889
682 788
105 643
163 328
4 431
873 897
273 767
15 376
879 963
26 828
975 998
211 468
522 537
599 966
658 725
733 937
195 605
837 853
6 330
750 855
862 993
128 971
319 892
641 668
658 759
221 757
606 698
625 904
298 739
74 481
101 625
901 937
56 922
835 842
349 655
563 647
881 903
698 784
60 552
432 595
473 959
442 522
389 833
859 865
498 530
502 800
94 767
869 976
871 894
565 627
655 766
429 989
658 832
876 920
633 788
836 928
185 305
918 939
434 947
930 959
15 325
907 934
815 943
779 822
587 855
205 768
406 811
291 548
565 675
303 749
287 478
653 872
483 992
95 574
75 971
102 820
636 738
40 476
906 907
366 905
748 798
569 645
555 563
164 241
132 377
22 460
617 966
89 365
266 471
576 772
380 487
137 960
511 950
182 585
947 998
458 526
862 986
494 668
171 485
666 794
198 391
390 523
286 483
144 531
106 435
821 864
70 368
572 847
555 775
948 998
768 858
408 907
142 304
195 788
91 104
342 686
597 606
695 779
37 857
603 927
502 836
511 928
359 526
585 654
270 344
625 915
22 967
19 449
518 844
214 245
130 619
295 810
882 912
138 664
86 185
907 977
585 618
455 959
761 821
775 924
781 939
609 611
828 939
991 998
510 667
206 448
707 756
545 883
477 619
635 866
375 947
110 143
713 1000
998 998
938 973
92 635
12 638
402 971
551 940
681 991
816 993
789 836
541 560
679 696
544 639
843 925
355 391
480 573
11 816
827 953
441 893
114 706
720 998
822 934
840 987
800 959
783 847
458 717
187 216
538 736
222 619
216 538
811 929
896 935
823 927
709 977
982 992
144 850
756 876
439 674
891 913
348 364
867 941
815 871
246 926
156 363
260 294
282 912
585 621
371 408
870 917
704 979
618 874
615 865
435 915
88 371
626 875
862 948
772 879
973 990
4 934
934 938
355 585
391 635
390 542
614 967
608 881
516 583
989 992
129 191
696 869
92 676
391 593
216 783
105 857
295 788
570 951
290 660
331 609
620 971
969 972
591 929
233 469
220 876
304 394
628 644
518 914
463 936
241 690
436 516
451 627
971 980
595 815
51 799
617 765
221 831
16 987
821 869
265 574
914 980
397 988
745 845
288 296
814 987
347 731
549 896
549 807
96 983
634 797
845 908
922 999
215 715
530 561
630 915
723 969
794 808
266 638
879 894
739 867
857 965
852 973
233 255
222 743
815 977
108 731
429 827
914 973
154 883
872 946
910 974
944 970
407 736
660 906
427 478
171 863
698 886
594 966
617 943
559 918
882 998
311 395
973 988
182 340
282 535
340 680
8 353
587 704
939 967
671 994
957 980
885 976
89 678
460 882
929 930
487 741
703 928
755 914
182 212
233 803
952 987
394 824
522 825
445 646
881 931
250 420
70 881
463 604
423 705
742 815
147 288
321 795
406 922
660 660
389 974
487 659
685 685
508 936
606 901
868 879
838 987
952 961
496 966
368 431
112 262
302 511
375 757
448 769
619 970
11 325
520 898
67 739
68 539
754 825
450 982
746 917
589 835
947 953
507 750
824 868
996 996
177 981
20 126
752 922
224 810
203 436
349 801
349 756
85 845
113 122
389 550
786 830
236 825
424 666
757 894
576 629
643 714
965 990
879 890
150 260
818 946
695 968
405 1000
502 785
566 630
716 880
64 944
781 950
561 820
733 810
957 969
450 489
242 899
695 900
850 872
598 825
88 993
870 939
717 933
366 416
751 840
292 810
29 897
509 919
348 755
491 711
163 625
237 906
470 699
504 782
973 979
684 915
977 984
87 470
580 791
399 992
638 879
621 981
101 797
696 838
993 1000
313 891
162 898
605 731
447 803
5 571
689 805
185 755
651 711
364 595
15 108
391 866
752 773
403 409
505 858
664 694
71 413
956 986
888 895
653 757
513 602
727 896
520 609
642 758
793 942
775 926
638 888
302 797
232 392
706 887
569 654
295 601
412 472
26 609
868 923
563 849
504 854
200 390
746 776
132 837
61 465
513 539
440 962
747 823
832 951
337 410
596 740
960 971
468 822
725 871
352 594
417 696
86 720
162 358
234 970
1000
220 690
686 926
751 960
833 881
666 668
820 866
236 373
392 976
205 931
497 811
65 774
653 757
906 929
751 886
998 1000
450 600
548 765
526 866
723 853
669 857
307 656
973 996
680 958
113 166
397 617
259 776
171 900
531 935
629 629
806 816
256 763
574 942
473 486
545 747
893 916
558 719
210 246
120 612
629 846
740 925
37 491
827 832
491 843
863 967
820 923
387 822
372 955
146 269
575 815
359 518
767 961
271 348
982 993
127 770
406 641
953 953
954 967
895 945
555 914
253 663
745 909
48 193
462 507
835 959
210 650
400 871
612 622
375 380
693 834
113 523
806 944
37 146
189 454
21 630
759 966
968 992
1000 1000
704 715
64 745
208 581
726 843
881 903
189 429
699 763
133 191
724 987
440 774
69 541
967 994
540 948
976 986
665 703
689 977
400 814
616 913
297 437
323 848
463 526
873 873
460 862
805 947
156 800
152 888
255 340
5 610
592 943
452 492
155 753
424 927
978 984
429 882
815 832
765 865
272 956
223 881
997 998
547 773
520 634
717 747
892 961
786 815
581 719
824 971
902 920
833 949
83 92
494 776
410 825
465 752
55 951
511 705
248 496
846 957
929 930
584 763
756 774
431 923
440 633
779 805
403 987
232 283
480 623
154 514
878 953
177 796
586 813
723 866
964 974
336 443
107 826
243 587
16 44
884 980
521 741
498 674
894 977
742 746
707 994
392 542
575 778
862 990
239 962
967 983
884 951
570 977
893 985
158 839
377 514
558 722
645 732
974 979
902 986
280 795
22 63
870 953
120 757
584 672
733 883
628 901
798 1000
362 529
338 850
792 857
831 872
319 932
754 914
672 938
750 880
699 883
12 761
792 931
860 992
523 990
616 906
756 902
620 671
997 1000
716 963
321 739
277 794
833 984
221 485
901 995
99 925
567 655
34 159
29 107
723 998
563 986
96 707
726 736
540 725
405 930
879 944
40 695
819 819
380 801
776 785
302 862
612 692
709 747
931 984
976 987
283 816
791 953
888 995
182 976
387 404
610 728
683 809
610 827
425 963
398 677
244 568
954 983
927 985
698 703
360 657
856 982
882 930
964 975
824 861
312 854
838 883
243 796
197 972
764 791
75 434
706 798
488 911
832 873
236 676
670 700
540 831
350 416
866 948
406 706
45 86
425 771
407 583
595 811
93 250
791 977
634 688
905 926
189 744
166 215
638 658
464 520
612 862
514 947
502 513
269 429
946 973
472 779
212 322
570 902
123 635
372 502
167 322
780 924
568 942
776 907
816 955
249 650
990 996
298 310
925 996
32 210
902 926
870 890
247 272
658 903
493 642
140 260
241 754
868 942
779 858
201 406
791 966
759 867
809 849
596 776
985 999
745 950
795 934
304 966
179 972
743 991
378 847
715 916
714 813
715 977
241 422
539 640
645 653
384 627
60 245
215 540
568 893
40 105
417 819
455 490
967 989
89 883
326 604
896 986
461 474
497 715
162 633
613 997
351 379
304 516
905 984
142 492
192 980
146 323
69 298
920 1000
76 405
994 995
514 538
674 758
559 670
576 631
993 997
217 252
14 721
276 825
427 968
873 916
140 612
797 900
323 824
976 993
170 260
956 986
412 910
780 790
149 623
210 658
687 833
258 490
406 664
681 734
716 901
124 714
31 366
334 467
765 912
984 991
919 977
67 985
775 787
432 467
913 959
110 839
502 905
732 909
361 435
120 924
819 872
169 871
59 563
253 311
5 876
675 957
999 999
403 644
670 973
910 940
152 429
634 673
138 371
972 983
906 918
869 921
208 439
866 906
721 897
643 962
688 888
178 377
943 994
163 291
461 939
403 479
212 413
444 493
583 659
492 949
949 964
408 672
425 961
852 979
481 734
408 453
253 674
849 948
867 880
876 913
298 788
888 905
635 966
972 1000
6 269
116 613
879 959
758 868
106 654
171 750
612 861
568 668
943 999
707 713
611 749
521 538
284 515
911 913
487 501
765 975
58 735
630 839
856 906
949 963
18 222
351 693
679 756
356 465
481 556
817 944
816 983
482 492
179 914
841 988
803 906
216 622
389 759
458 632
811 992
43 318
10 166
471 862
368 423
327 746
903 976
927 938
252 649
623 786
669 866
315 787
694 949
130 349
385 625
885 896
934 944
990 997
570 749
175 885
489 502
743 853
635 683
573 628
824 960
512 638
87 660
236 396
79 701
892 944
667 743
560 680
763 781
746 896
448 732
989 993
915 989
15 627
948 964
981 989
738 799
653 927
258 446
781 951
72 709
459 635
342 940
34 334
323 707
360 827
148 1000
635 915
556 882
285 390
153 478
69 426
375 389
168 734
358 833
54 785
459 760
668 861
750 951
359 521
435 683
605 974
300 636
191 769
627 715
780 994
518 617
76 487
661 770
170 420
446 526
885 966
488 804
738 909
413 475
807 814
946 956
399 873
829 990
150 566
160 302
910 922
792 943
282 594
689 855
975 1000
574 891
192 751
180 740
30 731
933 980
612 920
798 873
304 917
766 991
200 473
280 315
245 618
996 998
895 958
627 960
164 716
38 659
704 909
945 996
21 464
902 952
453 585
134 217
203 231
917 966
557 853
57 318
737 833
602 793
853 907
71 970
285 936
922 949
952 961
242 983
783 926
404 769
725 796
105 577
378 960
761 818
881 954
863 866
360 763
370 924
538 698
398 582
164 268
32 954
406 853
154 164
730 950
851 931
670 860
787 858
143 394
452 687
832 945
924 970
30 606
712 988
110 730
586 981
711 919
258 577
289 629
32 161
92 298
176 669
572 910
683 730
681 954
882 950
525 920
903 997
624 755
232 816
977 992
250 362
534 558
67 99
607 636
324 416
802 874
368 848
793 965
41 783
355 980
168 384
673 700
616 819
491 745
132 720
749 910
154 265
960 975
189 217
707 789
355 931
352 606
967 981
619 901
216 996
932 932
508 779
96 378
525 559
982 984
258 338
904 988
323 361
282 763
829 878
641 815
823 907
519 864
788 981
289 297
581 888
139 197
364 730
181 263
416 502
205 433
69 421
54 717
560 858
708 943
261 377
880 995
208 826
509 509
260 867
23 571
648 979
786 906
684 874
130 867
649 713
662 905
256 388
78 400
41 464
348 674
266 762
358 822
96 190
523 594
654 911
797 992
948 1000
745 819
467 728
936 945
149 796
18 185
513 538
209 694
810 983
606 662
86 744
679 756
78 747
746 994
233 239
104 421
478 741
154 403
823 997
732 782
104 971
396 777
24 664
275 929
608 930
349 965
990 994
198 795
153 442
807 955
692 770
707 751
510 569
584 864
262 643
605 722
565 836
335 723
977 995
240 694
129 289
547 840
864 877
597 652
648 671
676 730
695 767
231 261
350 806
286 576
107 697
626 909
910 971
558 623
240 418
423 700
533 792
813 871
579 975
868 965
772 968
697 705
149 778
447 704
406 946
719 997
764 780
655 712
364 847
556 587
244 548
908 931
725 902
899 905
130 247
597 647
89 345
663 753
365 679
460 749
383 742
338 351
128 354
613 864
151 380
482 723
403 997
445 539
223 419
617 777
676 706
64 96
375 990
504 820
426 581
806 985
697 818
959 976
73 198
724 930
693 857
941 976
513 546
45 199
114 609
198 863
782 940
312 558
977 986
289 300
796 936
486 977
288 456
794 999
16 998
460 560
171 280
290 506
928 958
826 909
925 964
233 827
199 925
657 922
132 428
354 814
255 435
34 69
653 952
467 818
645 799
195 858
788 834
122 613
191 556
484 556
118 785
853 937
67 343
748 983
568 863
829 963
894 989
732 803
874 940
328 483
616 836
725 733
397 962
302 916
778 908
335 486
419 475
667 754
887 997
931 947
433 826
547 932
1000 1000
376 556
490 875
212 846
80 698
729 856
737 894
606 747
915 954
571 599
750 917
252 768
994 999
833 836
221 667
942 990
196 964
809 971
648 957
47 127
303 391
289 890
696 837
551 979
701 786
207 426
681 793
504 865
871 959
974 994
690 764
695 963
139 469
628 678
407 496
168 663
722 948
206 382
425 671
542 859
214 476
2 578
145 669
43 254
173 570
7 794
674 971
203 563
840 965
636 809
429 793
206 676
468 942
554 806
767 777
751 785
237 416
452 720
271 333
758 919
636 987
333 915
518 985
841 852
633 651
554 914
874 877
635 650
142 945
427 949
425 441
970 988
434 930
211 578
308 830
742 763
648 843
528 946
769 876
391 411
407 663
609 643
425 823
620 911
300 788
157 929
32 583
393 628
624 788
111 339
369 616
947 985
842 986
382 422
396 669
834 883
886 887
465 593
950 956
476 629
651 939
565 842
390 600
859 950
170 940
8 66
10 584
814 847
429 871
524 968
414 801
236 979
949 954
942 950
459 964
254 385
636 735
178 382
2 776
178 552
637 740
803 933
700 966
683 774
435 554
95 133
754 951
774 895
709 916
439 559
913 957
903 927
933 974
900 966
847 860
312 838
862 920
995 999
380 586
187 874
841 891
99 350
943 978
0
