5
1 1
5 5
4 5
3 5
2 4
44
22 26
29 36
8 42
4 31
17 36
8 31
4 25
21 41
14 43
13 15
4 44
8 37
28 42
21 44
7 34
32 43
3 33
6 23
10 27
2 36
18 19
33 41
5 43
17 32
3 7
7 21
6 28
4 43
19 31
3 21
21 26
8 34
24 30
9 15
6 32
11 26
43 44
18 22
3 15
6 26
2 21
3 32
6 29
6 16
6
4 4
3 6
1 5
2 6
1 2
4 4
31
18 25
3 4
19 26
15 24
5 24
5 13
28 29
27 31
9 11
20 29
6 22
11 30
22 24
11 15
10 20
14 27
13 16
30 30
8 13
12 20
3 25
22 29
17 19
26 27
13 26
24 29
3 3
23 28
5 26
5 6
19 25
2
1 1
1 2
26
12 23
2 12
13 13
4 16
10 24
4 16
2 15
3 20
19 22
12 19
23 26
7 16
2 6
6 25
14 20
10 15
7 19
19 24
3 7
10 16
13 26
5 17
14 25
9 21
8 17
3 13
4
2 4
2 3
2 2
2 3
12
2 9
7 9
11 11
1 12
5 10
7 10
5 12
3 4
1 8
5 9
2 3
4 4
46
2 39
14 20
37 44
17 43
19 40
9 9
6 17
10 33
43 43
2 37
1 2
13 39
24 45
4 16
19 33
12 34
11 20
7 41
3 17
5 11
13 15
7 25
12 39
8 35
29 30
24 44
30 36
7 36
6 29
5 15
16 18
29 42
3 29
17 40
22 45
8 38
34 44
32 40
14 30
1 12
39 43
27 36
19 28
4 27
24 31
12 42
30
4 24
8 23
8 10
3 26
1 17
8 11
2 11
14 27
14 23
1 14
13 18
10 16
1 29
8 24
15 23
18 28
8 20
7 17
12 30
10 16
12 13
15 16
4 5
18 28
20 26
2 5
2 17
15 23
9 30
22 23
47
17 39
9 33
25 38
15 42
9 18
10 22
10 13
26 40
12 36
3 46
15 33
1 35
20 31
16 32
40 46
10 41
28 41
11 43
6 36
5 40
26 32
3 44
14 21
2 25
30 35
2 2
29 41
15 25
27 31
35 46
8 29
8 22
3 14
11 19
15 18
2 38
19 40
25 32
26 39
27 36
16 34
7 27
22 44
24 30
5 18
12 22
4 8
63
5 17
18 39
12 17
15 31
48 53
17 54
34 61
16 50
22 37
14 61
9 53
34 49
25 54
20 28
5 28
20 21
30 36
46 56
23 48
35 58
7 47
38 51
36 44
1 54
9 51
14 61
59 60
18 30
47 51
45 53
11 63
9 40
1 36
18 20
15 21
27 52
39 61
39 63
11 53
17 37
40 48
13 33
40 45
32 50
23 29
21 34
28 28
8 61
26 26
15 47
1 38
8 33
7 38
6 46
43 59
33 63
10 27
2 8
49 49
6 37
14 58
39 40
20 45
21
3 5
5 6
6 21
11 13
1 19
5 16
13 14
2 3
11 20
3 4
9 15
20 20
2 14
15 18
10 15
10 12
15 19
15 18
6 21
5 21
1 18
15
4 8
3 14
4 12
6 10
7 9
1 6
6 14
3 13
5 9
1 11
2 5
5 15
4 15
2 15
8 12
27
11 21
10 27
14 19
3 13
19 23
7 23
4 18
7 13
16 24
8 17
10 19
14 17
2 14
16 17
5 27
4 13
1 21
13 23
8 14
14 19
21 21
3 11
4 13
17 18
14 27
7 9
9 21
62
14 48
20 21
3 54
8 29
25 47
10 13
41 48
43 43
38 56
37 50
29 43
7 49
9 55
21 25
53 62
38 56
13 13
4 58
2 13
30 35
37 48
24 48
22 26
5 57
19 39
44 59
3 30
1 9
21 26
11 30
21 23
35 46
31 39
36 44
1 40
16 26
37 61
47 58
24 51
40 52
25 32
28 34
35 59
17 36
1 58
18 25
8 21
50 52
21 47
22 31
21 46
47 57
30 43
2 50
16 37
41 42
6 11
3 4
37 45
17 38
38 42
53 56
40
13 18
18 37
7 15
2 35
13 34
7 20
23 26
20 40
2 23
8 33
15 21
2 27
6 28
2 9
30 38
16 39
34 36
1 25
2 27
6 27
12 33
26 35
18 37
33 34
26 38
12 40
1 39
4 30
20 32
4 18
2 13
6 25
9 37
6 30
24 27
36 39
13 16
26 33
9 18
6 18
28
5 13
9 17
12 22
21 25
2 23
1 17
2 11
9 10
15 16
5 28
22 27
10 27
8 11
12 26
15 21
9 22
11 23
4 18
6 14
9 13
21 27
1 28
3 9
3 21
23 25
14 28
7 12
9 17
13
6 8
6 8
6 8
3 11
1 13
2 5
13 13
11 11
7 9
9 9
3 10
2 12
3 11
36
15 20
8 10
15 18
1 14
2 36
3 7
24 31
28 29
29 36
1 2
8 33
10 30
32 35
9 35
23 24
2 26
8 33
5 27
20 27
21 27
7 21
9 15
30 36
2 23
3 36
4 12
10 29
5 9
25 29
23 27
17 28
4 28
4 35
8 31
8 18
1 3
56
25 45
8 37
10 40
38 48
35 37
32 49
24 35
17 55
12 26
15 18
42 55
21 45
9 55
13 55
31 49
20 35
17 26
40 40
15 19
6 55
37 49
27 32
32 44
9 13
24 43
14 26
9 43
18 30
12 41
14 16
4 48
5 19
1 42
20 44
49 56
18 48
13 33
2 56
9 10
13 35
10 33
4 26
18 52
27 37
29 40
33 36
15 38
15 21
8 23
22 34
36 41
13 53
12 14
4 37
7 33
39 40
19
8 15
6 19
14 15
2 16
10 14
9 14
8 13
8 19
15 17
2 11
5 10
1 2
10 12
5 17
1 6
3 5
8 17
2 9
3 18
23
13 16
5 11
16 17
3 4
9 23
3 17
6 11
16 20
2 4
20 22
10 15
8 12
12 12
12 13
1 4
14 23
7 10
17 18
16 19
4 13
6 15
21 23
10 14
17
9 12
11 17
7 8
14 15
5 17
8 12
5 17
4 16
7 10
8 10
9 12
3 11
11 12
1 14
2 14
7 9
11 17
61
25 46
54 58
7 18
1 61
53 56
17 39
5 31
20 45
18 30
12 27
20 46
22 38
17 22
26 34
2 45
10 45
42 47
2 6
3 50
8 44
46 55
2 24
21 53
7 21
35 39
23 32
8 55
17 46
11 26
11 50
12 33
20 60
15 23
4 4
11 25
18 49
50 59
41 50
10 49
11 50
23 44
13 18
53 58
18 34
9 22
20 28
50 56
12 21
11 24
15 36
4 37
34 55
35 54
4 24
24 36
46 53
4 18
4 9
2 37
11 28
56 60
12
2 11
4 7
8 12
1 8
4 7
2 7
4 8
6 7
10 12
7 9
11 12
10 12
13
3 8
6 12
3 12
1 5
5 7
8 13
9 10
10 12
1 12
1 3
1 2
10 13
3 3
44
18 29
32 44
8 27
1 40
29 44
27 40
14 24
27 43
1 34
18 25
10 43
16 35
12 17
23 30
19 24
3 13
1 17
22 44
3 22
8 39
41 41
3 11
5 21
29 41
3 38
12 41
12 12
2 24
8 29
22 23
31 35
23 25
11 22
13 22
36 43
15 40
19 33
1 29
23 30
1 37
8 41
19 24
2 8
12 18
2
2 2
1 2
47
12 24
3 46
28 38
8 30
30 39
2 8
7 42
7 43
9 13
3 14
2 40
7 26
16 27
22 26
16 40
9 18
4 12
21 42
3 18
9 28
8 33
6 43
38 40
2 13
4 15
15 31
33 47
9 28
26 35
20 28
6 36
10 16
26 36
23 30
36 38
23 31
5 22
14 29
20 43
25 41
8 13
8 25
7 42
5 11
29 32
9 14
24 46
11
3 11
4 8
10 10
2 9
7 11
7 8
3 11
7 11
3 7
9 11
4 5
53
24 35
25 43
33 44
6 15
24 53
3 11
10 47
34 35
32 51
9 30
3 11
23 46
3 19
26 27
19 43
32 53
24 45
24 53
6 15
17 17
6 37
20 46
1 52
5 30
45 51
7 53
3 8
24 37
26 50
10 23
18 41
10 34
12 33
5 12
8 17
21 32
13 40
3 12
19 40
16 41
26 31
33 47
17 34
6 49
13 37
8 10
20 24
19 35
9 52
18 48
16 39
26 29
4 8
4
3 4
1 2
3 4
1 2
3
1 1
2 2
1 2
43
12 26
8 37
35 35
24 31
1 17
6 14
16 31
31 31
3 8
16 32
11 31
10 40
4 8
2 43
29 37
19 42
33 35
24 26
6 18
26 39
1 41
5 31
10 32
35 39
5 24
3 15
3 42
17 41
6 18
40 42
30 38
10 27
21 35
31 42
29 40
13 38
30 36
18 42
2 26
5 6
41 43
13 43
29 41
57
30 42
29 34
18 55
32 45
35 48
43 53
18 49
45 55
12 56
48 53
3 57
12 16
24 29
56 57
36 46
11 30
24 56
22 41
13 53
43 44
40 47
38 45
16 42
30 42
12 32
11 41
34 56
22 57
20 44
32 56
14 26
20 37
24 41
35 37
12 39
1 36
21 23
52 55
23 39
24 34
7 13
4 5
22 41
4 8
4 18
33 55
2 17
29 41
16 24
18 28
5 54
42 44
35 41
1 36
19 38
9 50
12 25
45
26 26
23 34
9 39
8 16
7 44
19 21
24 30
7 18
35 41
29 37
8 43
34 35
33 37
18 28
3 40
28 37
15 20
17 28
15 39
21 42
16 38
3 29
1 28
35 35
18 23
30 33
22 29
10 26
16 20
22 34
10 25
12 36
1 35
15 25
21 28
27 43
7 43
6 10
6 34
12 40
24 35
3 7
18 36
16 44
4 6
10
2 4
6 7
1 10
6 6
4 8
1 3
3 9
8 10
8 8
1 9
52
13 45
4 30
2 24
21 27
43 45
12 46
10 50
3 45
9 34
19 20
42 44
21 34
4 4
3 15
29 34
5 23
8 50
28 51
2 7
28 48
17 20
17 39
27 41
11 37
5 50
29 41
22 25
1 23
1 4
15 38
6 47
3 8
31 35
13 29
24 37
32 40
27 41
43 49
9 43
1 41
6 13
5 11
3 30
10 11
2 32
13 47
2 24
2 15
12 43
15 24
2 43
4 7
49
39 40
6 7
29 37
1 49
36 46
24 41
16 26
25 41
3 39
1 15
11 37
43 49
1 29
9 38
9 38
3 48
5 28
13 21
12 33
21 35
3 17
9 24
5 42
36 48
7 48
6 22
6 41
15 25
4 11
19 33
32 46
26 30
38 41
1 30
6 26
8 20
33 43
31 40
35 37
27 48
33 37
20 29
34 47
5 8
37 42
31 44
7 24
21 24
1 24
14
12 13
11 11
8 10
8 14
6 14
5 11
8 12
1 2
3 4
10 11
2 3
6 10
3 13
5 5
33
14 28
22 30
12 15
13 30
11 30
15 26
5 20
27 32
18 30
5 11
28 28
8 32
11 14
21 28
1 20
12 26
31 33
7 23
2 12
3 22
17 29
14 15
11 21
5 6
5 17
7 33
4 9
5 19
15 30
4 16
15 16
8 11
13 28
43
15 38
22 37
10 15
9 37
5 23
22 32
11 21
11 19
2 9
12 43
7 13
31 35
2 8
29 31
33 36
7 37
19 22
20 29
14 28
29 32
7 28
5 20
9 22
9 23
16 34
8 28
31 40
19 41
38 41
18 30
3 30
36 41
5 24
8 26
11 18
2 31
7 10
10 42
21 21
19 36
12 18
20 43
5 30
9
3 9
3 7
2 6
2 5
3 7
6 8
2 2
1 8
3 7
10
6 10
5 9
5 6
3 4
4 5
1 7
4 5
5 10
2 7
4 10
21
7 8
3 17
9 11
13 13
4 20
1 5
4 19
12 13
11 11
7 21
1 18
9 17
11 14
2 16
13 14
17 17
11 20
7 17
7 17
17 20
5 18
58
43 55
42 51
12 24
1 50
5 33
42 54
9 28
9 31
10 56
29 33
11 31
35 53
13 28
19 40
30 44
13 18
21 55
1 32
12 42
8 33
8 9
3 9
27 34
18 24
35 50
7 45
31 52
21 33
6 43
14 31
35 50
4 31
23 31
34 35
1 6
6 41
43 58
15 27
18 32
42 44
23 28
16 50
16 58
28 34
22 50
5 39
3 26
8 48
25 34
23 23
5 27
26 28
39 42
44 49
7 28
29 34
18 47
36 39
22
4 19
4 18
4 19
3 15
6 15
2 15
10 20
14 19
2 13
9 13
8 19
1 17
16 16
1 21
3 11
2 8
7 17
1 11
12 21
13 15
14 17
3 13
32
2 15
8 9
6 10
6 24
14 20
16 19
16 26
9 16
25 25
4 15
1 5
12 18
4 7
19 29
21 31
13 17
22 24
21 32
26 29
17 23
6 7
3 23
18 32
24 31
10 13
15 27
6 13
19 32
10 28
5 8
16 22
6 20
46
23 43
10 42
22 31
39 43
9 30
30 44
7 9
13 25
9 14
25 29
5 5
16 22
3 6
41 46
7 17
21 43
30 33
17 38
24 45
7 29
32 44
6 40
18 45
6 12
21 30
19 34
4 35
40 40
39 46
6 28
2 3
2 35
26 34
24 46
11 46
37 46
5 38
24 36
17 36
37 41
13 28
1 9
25 42
25 40
15 29
25 30
46
8 26
7 36
7 7
17 46
1 7
37 45
20 25
14 15
14 45
26 36
1 21
14 43
8 38
19 23
16 43
27 35
4 10
4 41
5 16
4 16
6 40
15 30
14 23
21 37
10 22
4 22
18 30
12 38
3 30
8 18
27 34
24 46
40 43
6 28
31 39
16 44
18 24
25 27
11 46
15 40
20 43
4 31
14 42
11 35
20 42
22 40
32
9 16
21 29
16 32
21 32
12 27
4 22
6 28
4 12
6 7
2 6
1 18
29 30
5 7
6 19
8 25
4 8
16 32
28 32
17 31
26 31
20 28
2 29
16 32
13 22
6 18
23 23
18 20
20 22
6 26
18 27
13 30
25 29
62
10 25
14 19
10 25
16 50
49 57
47 61
14 34
39 48
1 2
29 40
30 36
9 43
21 41
20 30
32 33
49 55
39 60
11 46
22 25
8 33
17 29
50 52
37 43
25 43
37 51
4 20
24 60
10 62
18 39
20 49
4 6
41 44
1 50
20 26
12 58
26 27
17 23
3 14
36 51
23 43
24 60
24 45
34 57
13 45
10 62
16 59
3 35
1 57
18 22
20 31
14 46
34 57
6 60
36 47
14 41
7 62
11 31
5 44
26 62
9 15
11 25
22 25
35
3 31
1 11
4 31
11 16
14 30
9 20
2 22
6 33
10 23
3 22
6 16
4 15
29 30
8 11
4 22
16 24
11 16
7 11
19 27
9 29
13 33
29 32
11 15
2 6
9 20
3 35
1 15
7 17
4 8
14 29
19 29
29 30
5 22
13 17
8 18
5
2 5
1 3
1 2
1 4
1 3
46
4 45
18 38
2 8
29 29
4 39
19 37
14 41
26 31
9 35
4 17
12 39
7 12
11 29
15 36
17 41
1 14
33 33
32 40
8 34
16 20
11 35
6 10
29 42
30 30
1 37
27 30
6 28
34 35
24 38
2 42
12 43
16 44
1 23
10 31
1 8
12 29
29 33
11 24
15 35
2 46
22 29
23 34
3 11
15 35
5 28
36 39
24
12 17
1 13
8 22
20 24
20 24
14 22
8 18
5 6
3 20
4 18
17 22
15 24
19 22
13 22
13 16
1 4
4 24
7 13
5 17
8 19
8 24
6 17
2 7
9 15
14
1 10
9 14
7 13
2 13
1 5
4 9
6 14
1 2
11 12
1 3
2 8
2 8
9 14
12 14
3
3 3
1 3
1 1
54
25 27
11 47
10 15
34 53
18 48
32 52
38 46
14 45
13 51
42 52
6 36
11 24
14 15
5 48
6 51
22 38
30 48
8 48
9 39
3 48
26 50
33 45
20 49
7 24
32 37
10 38
34 37
9 23
43 51
2 9
10 39
3 46
14 40
15 26
10 28
24 35
15 23
14 17
50 53
28 39
35 49
15 27
11 47
39 43
41 53
8 13
5 41
1 10
6 51
15 31
24 54
8 11
24 30
26 40
63
6 49
8 52
23 47
15 33
3 22
11 44
18 23
45 58
29 61
55 57
12 53
6 20
2 9
39 40
23 55
8 41
46 60
17 58
27 29
31 51
28 39
29 50
23 56
29 51
22 49
42 60
9 45
15 17
44 53
1 54
32 42
8 36
14 63
41 52
17 25
28 50
55 56
34 45
14 60
32 60
8 18
26 55
6 50
30 40
31 56
30 34
35 60
6 10
33 55
50 55
8 12
41 62
5 9
16 43
5 9
12 22
3 16
45 63
6 21
29 61
51 56
29 47
27 32
31
7 28
6 23
19 23
5 14
8 10
9 31
1 21
15 20
12 13
1 10
4 16
2 25
14 24
2 23
15 26
7 30
11 12
1 20
28 31
4 5
8 12
3 26
12 18
13 23
22 27
9 23
17 23
6 10
9 10
1 28
1 24
32
8 32
3 29
20 24
6 16
18 21
9 31
1 12
8 25
19 30
26 30
5 19
4 29
19 22
11 18
17 23
16 24
18 22
13 21
5 26
26 29
11 27
2 11
6 26
3 19
12 16
16 28
2 24
19 23
10 29
8 26
19 23
9 18
9
1 5
1 9
2 6
1 4
9 9
2 4
4 9
5 5
1 2
22
3 19
7 22
20 21
16 20
2 15
2 15
16 19
4 5
6 15
6 22
5 12
5 13
9 19
9 16
12 12
5 12
4 8
5 18
1 10
1 2
2 22
14 18
57
33 35
35 55
38 50
30 48
8 48
22 45
7 51
48 48
4 30
3 17
35 49
4 25
45 50
11 46
14 28
7 19
7 57
16 44
8 22
32 56
20 46
36 55
27 42
5 30
7 46
37 47
9 57
5 45
2 31
45 49
3 55
6 9
37 55
5 12
18 43
6 19
21 55
3 6
7 40
35 44
13 40
13 23
43 49
9 16
23 32
12 34
33 36
2 49
12 13
13 29
14 31
34 35
44 53
42 56
2 49
15 28
32 51
52
29 40
29 41
3 4
14 21
7 33
45 48
1 25
5 6
10 35
7 27
8 11
6 46
21 33
44 51
10 45
8 34
38 38
17 48
16 44
31 48
2 50
16 27
3 20
8 37
6 14
11 13
1 4
18 21
12 44
12 33
1 21
15 40
6 12
7 49
3 37
1 44
15 36
17 27
3 10
1 8
11 23
48 51
14 42
1 19
6 33
9 10
2 49
7 24
30 36
31 38
43 51
5 14
39
16 21
12 38
20 36
7 35
22 30
11 17
13 30
22 24
22 22
20 24
19 32
3 37
1 24
24 27
2 20
17 18
29 29
16 25
37 39
20 28
19 21
33 39
6 32
14 22
27 34
8 33
13 35
6 25
21 24
9 14
15 30
19 31
5 35
30 33
13 23
18 32
1 32
13 32
3 6
36
22 27
2 23
15 22
8 28
2 13
14 15
19 32
11 34
4 35
7 33
13 21
29 31
32 35
28 29
20 27
5 7
9 17
7 12
10 14
22 35
12 15
13 16
13 23
24 26
10 27
3 3
13 30
12 28
3 8
20 27
6 10
12 26
14 18
3 17
11 15
6 25
40
14 40
17 29
7 13
7 19
14 37
5 24
20 29
4 23
15 38
8 29
5 18
34 38
13 30
9 33
14 25
7 24
23 27
12 32
23 29
17 30
13 36
16 21
16 24
31 38
6 6
2 19
16 23
4 36
20 36
4 36
2 9
20 27
25 31
5 10
5 31
22 40
4 34
7 19
5 10
1 7
43
8 27
9 41
12 15
16 33
6 43
6 25
4 23
35 42
5 16
5 36
4 28
32 37
7 22
34 38
21 29
4 11
11 29
1 35
22 34
27 43
5 25
9 28
19 35
26 27
22 31
11 15
4 26
4 39
2 29
30 41
7 43
27 34
10 26
10 31
8 9
15 32
6 15
8 24
6 26
29 42
4 9
29 43
4 38
22
4 19
12 18
2 17
8 11
1 3
17 17
14 22
13 22
1 6
8 22
10 13
1 12
9 11
10 15
8 14
9 14
1 8
4 9
13 16
14 18
9 13
10 12
53
4 25
34 52
36 40
8 47
6 27
19 53
17 23
37 41
8 15
35 40
1 2
1 52
38 40
19 48
7 8
12 41
21 42
10 24
35 40
11 13
10 41
10 36
32 46
2 18
37 39
5 20
16 37
18 34
16 53
29 40
1 16
21 51
7 16
2 45
21 34
14 40
24 43
1 22
24 48
13 18
1 39
1 32
17 28
13 16
41 43
34 43
31 36
11 51
17 34
37 52
14 44
2 35
14 23
41
17 23
5 20
21 29
19 26
1 16
10 25
20 36
9 41
32 41
18 29
27 37
17 22
35 40
7 26
25 31
27 41
5 15
2 4
22 28
28 30
39 40
11 18
22 33
19 35
14 39
9 22
24 41
23 32
16 34
17 31
7 16
19 21
22 23
9 25
5 13
3 38
8 12
5 22
31 40
3 41
22 37
5
3 3
2 3
1 2
2 5
2 3
52
17 31
2 10
14 26
35 40
46 46
40 52
8 44
31 44
3 25
7 14
11 19
9 37
9 29
8 29
2 24
18 27
4 31
4 27
14 17
38 38
25 35
19 37
16 28
46 49
3 28
7 38
21 43
22 25
27 50
8 29
10 50
28 46
13 49
29 31
17 38
14 21
26 41
5 15
11 30
5 26
9 13
9 43
12 51
2 9
38 44
30 35
2 51
10 14
23 40
9 43
4 32
5 21
63
23 37
44 63
22 25
28 29
37 63
32 48
9 39
34 41
22 42
19 43
5 27
12 14
19 47
27 62
30 32
38 52
1 16
22 51
13 41
12 49
12 15
48 59
23 27
25 42
5 42
21 29
30 46
1 43
4 11
42 60
31 33
30 31
17 46
23 50
27 35
33 38
28 49
6 20
45 53
45 55
3 21
3 21
30 61
1 41
58 62
17 29
27 45
10 59
43 59
23 30
15 62
60 61
15 25
2 12
46 59
3 16
23 46
11 16
14 18
16 51
2 8
33 44
37 46
60
27 35
3 43
23 24
45 49
27 34
36 49
5 48
24 59
14 54
5 15
16 37
23 32
1 58
21 52
35 37
31 55
9 25
23 37
18 48
7 13
44 56
48 49
35 47
4 20
19 60
7 25
47 56
29 39
21 53
22 51
21 47
16 47
46 53
9 25
10 15
38 45
2 25
25 36
3 29
54 56
20 39
1 17
7 21
56 60
33 46
19 21
36 59
44 57
5 20
8 21
12 37
5 6
2 22
4 33
28 50
28 58
39 50
37 37
10 32
36 43
18
2 17
5 12
14 16
7 16
6 10
6 9
12 13
4 17
2 13
9 10
7 14
9 15
5 9
12 16
9 16
1 8
3 15
8 17
8
3 4
7 8
1 8
1 7
4 8
2 6
2 7
2 5
29
3 22
23 23
5 8
27 29
7 11
4 23
5 20
2 21
4 10
11 19
15 19
11 28
16 23
20 21
10 12
4 9
13 24
17 18
2 17
4 14
17 23
19 27
8 10
9 21
2 6
20 27
8 21
6 18
9 15
54
12 12
1 21
29 53
49 52
37 39
47 50
8 19
2 51
14 29
9 41
1 40
30 33
4 42
2 38
27 38
26 38
47 49
1 24
7 52
34 43
46 52
5 36
10 48
23 54
7 31
23 40
18 32
35 53
38 52
10 37
24 35
9 45
16 25
23 30
10 22
27 36
17 24
2 26
18 24
40 41
1 26
9 48
6 23
29 43
11 20
16 52
22 34
6 12
36 47
30 50
7 38
11 23
8 13
10 41
15
8 11
4 9
10 14
14 15
6 15
7 10
4 10
2 5
5 10
4 10
1 6
6 13
2 15
6 11
8 13
5
3 5
5 5
1 4
1 3
1 5
24
9 9
6 11
13 17
5 13
1 23
5 20
7 16
13 14
22 24
5 10
14 24
7 9
22 23
1 21
4 18
15 18
4 13
4 20
8 17
16 16
1 12
12 23
3 17
1 13
9
2 6
2 5
7 8
5 8
4 4
2 2
5 7
3 4
2 3
8
4 5
5 6
1 7
1 3
1 7
1 1
2 8
5 8
28
20 25
10 22
3 26
18 24
7 22
2 4
10 16
9 28
13 16
5 27
10 15
5 22
6 16
5 8
12 21
1 16
3 21
5 10
11 19
9 13
5 14
12 14
13 23
6 25
16 22
4 13
2 18
1 20
52
3 18
15 46
35 41
5 25
17 24
3 11
32 49
22 39
35 36
22 26
17 22
12 47
2 27
13 20
1 34
3 11
25 51
39 49
29 36
35 39
21 42
18 45
7 49
15 31
41 42
6 52
23 38
17 40
6 52
1 36
15 46
3 41
27 46
3 29
31 41
12 52
4 30
26 45
11 35
5 28
32 51
10 13
2 30
6 52
35 35
6 49
4 36
37 50
39 39
2 17
13 28
33 44
26
9 12
5 21
6 15
20 21
7 15
19 26
5 9
1 19
12 24
21 23
10 22
9 25
23 26
12 26
8 19
5 6
10 16
1 4
15 21
6 26
4 25
12 26
5 26
4 16
2 23
9 12
26
7 21
22 22
7 8
14 15
14 20
5 23
10 20
13 17
9 20
9 20
7 19
15 19
6 10
12 17
18 25
10 14
5 5
11 12
13 26
3 26
9 22
15 24
11 18
3 7
2 4
13 23
7
1 3
6 6
2 5
1 3
1 3
3 6
3 6
4
1 2
3 4
2 4
3 4
57
10 11
12 42
31 38
32 46
8 54
18 25
12 55
9 27
25 53
36 57
8 21
28 45
28 35
8 46
15 43
53 56
10 41
14 38
6 28
13 18
1 24
37 46
16 28
24 45
24 40
19 23
10 47
17 46
3 50
40 45
23 54
6 41
21 22
27 35
7 52
30 55
12 44
25 39
12 18
5 16
35 43
34 40
11 38
13 15
14 46
1 11
10 57
17 32
36 51
17 42
5 15
14 32
17 38
13 34
8 34
2 8
19 57
31
1 4
10 28
22 28
15 31
7 18
8 20
8 9
23 26
2 13
4 26
9 14
5 10
7 9
11 24
15 18
8 18
2 18
6 25
23 29
16 18
26 29
2 4
1 22
11 27
23 29
3 29
11 12
2 17
10 21
4 7
15 27
40
9 18
15 28
2 10
2 30
4 12
5 28
1 16
17 36
13 25
18 31
20 25
3 18
21 38
21 32
12 31
27 30
31 34
9 32
10 35
13 38
13 18
20 25
10 13
34 36
17 18
11 33
6 38
3 27
26 34
8 29
16 34
10 38
19 19
14 30
2 28
3 33
19 20
12 28
24 40
14 40
18
4 11
1 8
1 9
10 18
7 18
7 9
4 10
2 2
3 17
1 4
5 10
9 14
3 17
3 18
17 18
1 15
4 9
2 17
19
1 8
9 18
8 19
5 14
4 4
9 19
15 16
6 9
14 15
8 9
4 9
13 15
5 16
6 15
8 18
1 8
3 19
2 17
4 11
47
18 45
16 47
11 13
6 19
19 30
2 7
3 33
23 35
19 46
4 32
18 46
15 16
27 38
11 38
6 36
21 23
15 33
1 45
19 25
4 34
17 36
2 35
22 38
10 24
8 47
39 45
5 33
31 38
23 27
28 47
15 21
27 29
8 14
3 39
6 27
25 43
21 38
11 23
12 46
37 46
33 38
14 37
4 23
25 46
10 45
24 31
13 44
22
11 13
9 11
8 21
12 20
6 22
5 9
4 9
6 7
4 4
9 18
8 11
15 18
1 16
8 20
5 11
4 21
12 14
7 12
16 20
8 19
10 21
5 7
0
