44 29
80 73
71 24
40 56
2 70
41 42
26 6
5 96
55 43
56 80
9 99
34 61
18 27
77 45
11 92
19 33
4 55
76 96
53 74
44 14
55 52
57 82
77 78
21 60
40 30
29 75
36 47
73 63
6 51
41 50
82 16
70 60
54 84
58 44
57 5
55 1
82 10
88 12
69 57
87 7
79 8
54 16
76 15
66 25
74 81
97 7
64 54
38 65
10 17
21 94
92 64
74 75
85 72
30 60
64 52
57 17
30 44
56 9
33 7
87 20
25 5
59 82
48 88
3 94
86 55
17 22
94 78
51 88
48 77
30 78
94 11
54 84
93 22
28 10
30 26
31 14
93 52
38 87
79 39
93 41
62 66
42 9
96 56
32 92
68 45
53 61
45 60
82 7
14 36
62 10
21 41
92 90
75 15
53 31
71 54
20 45
53 31
84 60
52 49
91 16
74 21
80 44
48 18
53 60
68 62
1 13
1 88
1 93
22 75
30 52
96 90
21 47
7 47
93 3
17 57
75 85
27 88
4 53
14 73
33 57
67 81
67 33
24 68
41 68
20 45
35 70
16 14
60 53
54 22
76 53
36 70
56 51
3 61
34 60
15 16
94 64
96 81
47 61
27 21
63 88
56 46
57 98
49 71
93 17
68 3
70 67
19 2
62 27
84 21
34 93
57 98
79 28
86 52
70 25
13 14
57 33
29 68
40 13
27 78
78 31
97 94
94 47
71 14
32 54
48 55
53 65
90 3
52 30
54 75
86 22
53 64
33 41
53 81
57 70
1 80
72 36
82 95
8 66
21 53
6 39
3 66
66 58
85 90
65 19
38 40
2 51
90 90
72 34
2 43
23 29
62 99
95 95
59 42
92 3
39 77
43 97
53 41
30 8
26 39
76 94
0 0
