20 56
21 82
33 24
66 62
95 76
12 69
28 24
79 77
86 70
38 3
14 63
34 31
2 37
27 23
3 34
84 9
26 29
14 58
49 36
52 22
34 33
38 90
32 93
3 53
33 22
23 90
83 31
61 36
82 98
29 15
93 57
13 15
20 65
5 42
29 59
13 3
38 68
86 12
74 44
40 91
11 17
6 89
96 32
66 54
87 56
90 69
13 14
75 39
44 49
30 98
21 75
16 20
74 67
54 67
50 76
48 27
96 35
6 23
92 4
57 56
64 79
7 92
35 77
17 50
12 59
51 77
20 46
41 69
75 16
1 44
44 3
66 34
68 60
67 44
97 73
50 55
67 3
35 53
86 2
31 27
38 45
98 59
84 54
13 84
45 33
48 23
27 88
39 28
46 4
98 22
89 6
78 39
18 28
58 44
16 93
90 87
74 85
90 77
83 94
35 71
60 36
78 71
21 75
29 96
83 47
66 55
1 91
48 35
42 22
56 44
55 70
41 21
78 61
44 91
42 10
87 78
95 7
67 85
36 92
7 35
71 33
35 63
53 96
49 12
35 17
38 61
56 65
44 99
8 80
3 48
41 93
94 62
64 60
19 48
69 16
89 13
2 74
61 91
17 4
75 45
29 9
39 56
59 66
72 90
58 21
71 57
43 89
95 50
85 10
3 1
36 37
68 40
72 10
33 7
85 85
4 83
24 31
24 53
92 37
40 44
94 26
85 13
38 53
70 80
75 37
46 12
5 64
51 3
16 54
30 70
32 86
92 17
27 9
83 59
31 26
76 49
49 2
71 73
92 94
79 29
94 85
4 68
99 53
87 24
36 76
97 64
27 40
69 80
43 72
38 11
43 34
20 64
94 57
19 13
66 98
95 15
97 98
62 50
27 9
70 4
70 50
1 95
18 25
13 40
52 49
37 68
45 71
89 94
39 63
81 4
36 38
65 30
50 20
31 29
50 86
10 82
63 82
42 28
45 2
12 44
34 62
22 11
45 35
14 83
26 24
68 70
2 34
54 6
51 59
19 65
18 90
22 3
58 10
80 18
64 19
100 12
73 5
99 16
99 68
100 78
68 12
56 96
11 90
97 49
1 23
63 48
63 3
71 90
5 36
4 11
18 37
55 70
56 69
68 46
19 32
66 39
85 95
13 58
5 55
14 74
40 52
90 16
75 63
64 36
90 62
29 75
72 94
1 51
73 41
55 22
68 2
8 32
29 10
4 51
2 31
65 67
76 50
28 37
28 85
85 44
66 91
67 71
10 19
36 66
82 11
82 23
100 1
34 94
87 55
52 32
83 68
91 25
20 58
94 36
15 100
67 23
25 55
91 51
68 53
10 61
16 34
68 18
17 39
33 72
57 63
45 80
76 96
11 15
54 10
71 60
52 26
17 57
63 86
100 54
2 15
10 92
38 94
58 66
75 71
100 51
65 35
64 32
64 97
53 13
60 43
67 83
71 26
23 1
44 16
58 81
55 80
41 56
86 11
23 20
20 1
79 62
44 33
52 84
17 34
94 5
95 58
55 30
60 44
81 55
99 9
22 87
57 2
82 25
98 1
67 19
15 17
23 71
30 55
81 83
89 50
85 13
14 90
97 91
90 44
36 57
69 93
42 53
22 16
25 74
52 16
18 96
7 55
63 54
94 95
15 42
25 43
90 1
47 2
23 42
90 2
43 84
58 64
33 14
55 74
38 55
90 4
1 7
37 67
79 60
14 15
15 24
53 20
86 10
20 96
21 51
40 10
99 27
46 82
68 99
8 12
6 98
60 46
35 63
57 53
56 13
100 74
72 54
52 41
92 19
39 99
74 9
36 81
50 8
45 7
85 28
24 46
52 96
84 88
69 37
79 30
96 8
33 32
67 43
96 14
40 14
34 42
26 32
34 33
50 63
2 32
79 8
100 40
48 28
48 75
10 88
30 96
10 86
65 13
79 100
67 95
6 20
81 55
49 93
37 43
3 1
74 11
79 8
49 10
43 72
10 88
62 69
28 100
87 58
52 73
48 16
78 56
47 75
90 97
48 56
39 100
16 38
82 70
3 15
5 20
64 84
96 1
89 87
39 71
61 9
81 4
42 44
53 54
94 87
39 28
14 8
18 6
81 29
51 95
2 46
88 82
83 25
38 92
20 11
52 19
11 99
81 90
90 64
76 55
92 3
78 40
7 94
71 83
98 71
44 76
49 4
76 56
17 67
38 67
74 28
43 10
94 95
53 55
83 71
78 48
96 48
25 26
44 49
50 33
15 67
60 31
86 86
60 55
61 17
31 68
67 88
40 50
12 5
91 83
6 94
81 1
74 86
1 72
8 66
94 6
57 30
66 14
44 12
19 69
87 60
24 2
11 60
22 33
79 10
35 26
73 44
59 99
38 52
65 35
3 28
92 37
92 11
3 8
83 57
90 8
80 55
94 5
79 42
58 2
19 34
59 36
94 62
37 4
45 26
47 71
70 44
25 41
98 3
43 97
96 89
57 62
3 99
21 80
71 18
36 77
3 72
37 62
5 43
31 2
62 62
41 33
3 10
19 16
5 74
98 97
30 1
27 5
96 99
21 1
13 99
96 65
43 61
50 50
68 8
36 88
37 49
52 39
97 49
94 77
12 95
84 56
65 41
94 23
11 36
45 67
31 18
98 24
99 12
46 18
13 1
10 9
27 58
48 43
5 5
20 52
4 15
48 54
10 48
68 22
45 94
51 46
76 67
89 21
76 10
13 76
59 89
55 27
35 58
5 91
9 52
19 53
71 57
47 3
63 51
18 21
41 4
29 38
29 93
35 44
88 47
71 38
55 65
32 85
9 36
99 37
20 79
69 8
88 82
5 15
91 6
60 24
52 31
44 8
28 36
90 62
30 54
11 47
80 44
53 79
74 78
9 92
11 73
32 93
68 93
14 34
83 56
2 79
40 54
23 22
44 93
59 89
39 40
30 14
38 35
81 49
33 12
88 71
12 76
57 1
5 67
38 36
25 69
68 54
84 54
40 73
74 84
2 62
33 52
61 81
29 97
38 19
2 43
20 56
21 52
47 2
6 55
8 98
32 6
1 65
37 54
29 62
44 20
30 93
39 43
1 55
82 23
26 97
73 15
29 90
26 58
92 57
87 50
29 90
81 83
34 76
65 87
100 79
41 2
77 83
30 76
57 12
52 88
70 71
87 79
7 17
46 74
98 3
77 16
41 22
6 39
19 67
11 25
95 53
45 90
61 42
89 20
4 56
60 29
82 13
23 60
17 13
57 39
62 94
15 60
52 64
42 7
60 2
31 43
63 9
1 99
19 68
80 18
17 91
17 6
26 11
46 57
24 54
35 46
32 68
53 95
74 54
14 74
13 90
26 29
87 74
80 69
79 71
75 87
45 89
63 34
17 66
59 43
64 16
49 14
44 75
88 40
23 62
12 85
89 93
39 13
89 35
46 97
16 45
27 87
4 18
66 90
97 96
14 66
9 4
61 20
17 53
59 60
50 90
83 12
53 20
94 56
23 18
64 7
96 64
67 45
82 15
27 37
52 3
71 45
35 88
98 63
93 17
54 55
44 73
39 46
53 96
91 5
18 10
85 42
69 22
68 38
66 78
33 64
59 69
7 76
17 9
45 68
66 30
1 100
29 11
21 72
61 27
11 5
70 31
29 7
40 26
16 9
86 8
8 18
50 92
37 29
73 4
16 83
17 78
77 79
33 36
28 65
33 39
77 15
11 1
40 25
65 96
77 79
68 38
65 68
40 18
25 45
85 7
54 11
14 24
70 49
87 80
56 57
44 67
26 61
76 72
59 49
88 4
27 43
81 30
47 10
99 81
80 43
74 20
32 84
40 12
74 10
93 39
61 70
24 66
69 83
39 96
21 18
40 6
84 2
25 82
58 59
81 88
53 44
32 9
13 88
73 38
71 97
53 9
96 86
23 74
66 59
42 21
55 1
71 70
50 32
39 21
98 59
63 3
76 83
18 76
57 64
3 46
44 91
76 18
9 5
74 10
85 38
30 63
52 18
15 48
33 48
33 10
28 76
41 1
58 62
30 83
88 51
11 96
93 11
38 94
38 92
1 6
11 15
19 70
64 48
97 40
55 6
17 75
35 31
30 76
18 29
34 96
87 3
29 96
99 86
51 98
21 99
79 46
67 55
24 22
39 96
24 98
18 40
40 7
4 75
64 67
56 37
67 10
1 72
76 71
81 48
66 52
89 65
2 62
58 65
71 100
86 89
62 19
29 83
54 66
46 42
65 98
81 14
69 21
35 95
26 27
39 4
36 81
67 58
52 70
66 27
14 78
8 12
89 17
49 86
78 40
33 96
42 10
47 59
47 89
55 72
69 85
54 6
49 42
9 4
98 66
85 93
50 2
37 40
11 21
41 63
6 21
69 22
55 21
57 49
83 74
27 22
50 18
13 75
33 89
97 48
92 62
55 96
75 14
34 74
14 80
53 42
96 61
47 96
84 36
52 99
23 68
39 90
69 44
52 43
0 0
