22
10 4 5 6 8 9 10 13 14 15 19
11 2 3 6 7 11 12 13 15 16 18 20
1 3
17 4 5 6 7 9 10 11 12 13 14 15 16 17 18 19 20 21
9 5 6 8 10 13 14 17 18 19
8 9 10 11 16 17 18 19 21
6 8 9 12 14 15 20
10 8 9 10 11 13 14 15 16 17 18
7 9 10 11 12 14 15 17
1 10
6 11 12 13 15 16 21
2 18 19
8 14 15 16 17 18 19 20 21
5 14 16 17 18 20
7 15 16 17 18 19 20 21
2 17 20
3 17 19 20
1 19
2 19 21
1 20
1 21
0

45
10 1 6 11 17 23 29 31 32 37 44
11 2 3 4 5 6 16 24 26 28 41 42
37 3 4 5 6 8 9 10 12 13 14 15 16 17 18 19 20 21 22 24 25 26 27 28 29 31 32 33 34 36 37 38 39 40 41 42 43 44
40 4 5 6 7 8 10 11 12 13 14 15 16 17 18 19 20 21 22 23 24 25 26 27 28 29 30 31 32 33 34 35 36 37 38 39 40 41 42 43 44
13 5 10 13 16 17 18 27 29 33 38 41 42 44
4 21 31 38 40
23 7 9 10 11 12 13 14 18 20 23 27 28 30 32 34 35 37 38 39 40 41 43 44
1 24
3 10 17 19
35 10 11 12 13 14 15 16 17 18 19 20 21 22 23 24 25 26 27 28 29 30 31 32 33 34 35 36 37 38 39 40 41 42 43 44
4 15 31 35 41
5 15 27 30 35 36
8 13 14 21 24 28 33 34 36
2 28 30
12 16 20 22 25 27 28 35 39 41 42 43 44
27 16 17 18 19 20 21 22 23 24 25 26 27 28 30 32 33 34 35 36 37 38 39 40 41 42 43 44
25 17 18 19 20 21 22 23 25 26 27 28 29 31 32 33 34 35 36 37 38 39 40 41 43 44
23 18 19 20 21 22 23 25 26 27 28 29 30 31 32 35 36 37 38 39 41 42 43 44
22 19 20 21 22 23 24 25 26 28 29 30 31 32 33 35 36 37 39 40 41 43 44
20 21 24 25 26 27 28 29 30 31 32 33 34 35 37 38 39 40 42 43 44
13 21 22 23 28 29 31 35 36 38 41 42 43 44
19 22 24 26 27 28 29 30 31 32 33 34 35 38 39 40 41 42 43 44
17 23 24 25 26 29 30 31 32 33 34 35 36 40 41 42 43 44
0
4 35 36 37 41
19 26 27 28 29 30 31 32 33 34 35 36 37 38 39 40 41 42 43 44
3 40 42 44
3 28 36 38
1 29
14 30 31 32 33 35 36 37 38 39 40 41 42 43 44
5 32 35 37 39 40
1 32
12 33 34 35 36 37 38 39 40 41 42 43 44
0
4 36 38 41 42
4 36 37 38 43
1 38
3 41 43 44
4 40 41 42 44
2 40 42
2 42 44
0
1 43
0
0

38
34 1 2 3 4 5 6 7 8 9 10 11 13 14 15 17 18 19 20 21 22 23 24 25 26 27 28 29 30 31 32 33 34 35 37
25 2 3 4 5 6 7 9 10 11 12 13 15 16 17 19 21 22 23 24 28 32 33 35 36 37
27 6 7 8 9 10 11 12 13 15 16 17 18 19 20 21 22 23 24 26 27 28 29 30 32 35 36 37
21 4 5 6 7 8 9 10 12 14 15 18 19 20 23 24 26 30 33 34 36 37
16 8 10 11 13 14 15 18 19 20 22 23 24 26 29 32 37
9 10 11 14 15 16 17 28 29 33
27 7 8 9 10 11 12 13 15 16 17 19 20 21 22 23 25 26 27 28 29 31 32 33 34 35 36 37
3 15 16 20
2 13 16
24 10 11 12 13 14 15 16 17 18 20 21 22 24 25 26 28 29 30 32 33 34 35 36 37
25 11 12 13 14 15 16 18 19 20 21 22 23 24 26 27 28 29 30 31 32 33 34 35 36 37
12 14 16 19 20 24 25 28 30 32 33 35 36
13 13 14 17 19 20 23 24 27 29 30 32 34 37
1 30
17 15 17 18 20 21 22 24 25 27 29 31 32 33 34 35 36 37
20 16 17 18 19 20 21 22 23 24 25 26 27 28 29 30 31 32 33 34 35
5 25 28 29 33 35
12 18 21 22 23 25 28 29 30 32 35 36 37
13 20 23 25 26 28 30 31 32 33 34 35 36 37
0
3 21 30 35
5 22 23 24 27 29
3 23 31 37
3 24 29 36
8 25 26 29 30 31 34 36 37
12 26 27 28 29 30 31 32 33 34 35 36 37
0
1 35
7 30 31 32 33 34 35 37
1 35
7 31 32 33 34 35 36 37
0
4 33 34 35 37
3 35 36 37
1 36
2 36 37
1 37
0

56
19 1 2 9 10 12 15 17 19 21 29 35 36 42 44 45 46 48 52 54
46 3 4 5 6 7 8 9 10 11 12 13 14 17 18 19 20 21 22 23 24 25 26 28 29 30 31 32 33 36 37 38 39 41 42 43 45 46 47 48 49 50 51 52 53 54 55
5 5 9 27 30 44
20 10 12 13 14 20 22 25 26 30 32 33 34 37 42 43 45 47 48 51 54
3 8 18 54
9 7 27 33 36 44 45 47 53 54
8 19 20 24 25 32 33 49 55
43 8 9 10 11 12 13 15 16 17 18 19 20 21 22 23 24 25 26 27 28 30 33 34 35 36 37 38 39 40 41 42 43 44 45 46 47 48 49 50 51 52 53 54
27 9 11 12 13 15 17 18 24 25 26 29 31 33 35 37 38 39 40 44 45 46 48 49 51 52 53 54
12 10 12 20 24 29 30 32 44 48 50 54 55
36 11 12 13 14 16 19 21 22 23 24 25 26 28 30 31 32 33 35 36 37 38 39 40 41 42 43 44 45 46 47 48 49 51 52 54 55
9 16 17 21 28 37 38 42 43 45
18 15 16 19 21 28 29 30 31 32 35 36 38 40 41 47 49 50 55
2 17 24
16 15 19 21 23 25 26 28 30 33 39 40 41 45 47 51 52
6 21 22 25 28 31 53
18 18 19 20 23 24 26 27 32 33 34 35 36 42 51 52 53 54 55
28 18 19 20 22 23 25 26 27 29 31 32 34 36 38 39 40 41 42 43 45 46 47 49 51 52 53 54 55
35 20 21 23 24 25 26 27 28 29 30 31 32 33 34 35 36 37 38 39 40 41 42 43 44 45 46 47 48 49 50 51 52 53 54 55
10 22 27 32 34 35 39 41 42 49 55
13 23 28 34 36 39 40 41 42 44 47 52 53 54
26 22 23 24 27 29 30 31 34 35 37 38 39 40 41 42 44 45 46 47 48 49 51 52 53 54 55
15 24 26 36 37 38 42 44 45 47 49 50 51 52 53 55
5 24 27 33 37 40
27 26 27 28 29 30 31 32 33 34 35 36 38 39 40 42 43 44 45 46 47 48 50 51 52 53 54 55
9 27 28 33 43 45 46 48 50 53
1 31
28 28 29 30 31 32 33 34 35 36 37 38 39 40 41 42 43 44 45 46 47 48 49 50 51 52 53 54 55
2 39 55
14 34 35 37 39 40 41 44 46 47 50 51 53 54 55
17 32 33 34 35 37 38 39 40 43 44 46 47 48 49 50 51 53
23 32 33 34 35 37 38 39 40 41 42 43 44 45 46 47 48 49 50 51 52 53 54 55
17 35 37 38 40 41 42 43 44 45 46 47 49 50 51 52 54 55
19 35 36 37 38 39 40 41 42 43 44 45 46 47 48 49 52 53 54 55
21 35 36 37 38 39 40 41 42 43 44 45 46 47 48 49 50 51 52 53 54 55
8 40 42 44 45 49 52 54 55
4 41 46 47 49
0
17 39 40 41 42 43 44 45 46 47 48 49 50 51 52 53 54 55
1 49
11 42 44 45 46 47 48 49 50 51 52 54
5 43 45 47 50 54
7 43 46 47 48 49 52 54
4 46 48 54 55
5 45 50 52 53 55
5 46 48 49 50 55
2 51 53
3 48 54 55
1 54
1 53
4 51 53 54 55
0
1 53
0
0
0

32
19 1 2 3 4 5 6 8 10 13 16 18 20 22 25 26 27 28 30 31
24 2 3 4 5 6 8 9 11 12 13 14 15 16 17 18 19 20 21 22 27 28 29 30 31
10 3 5 7 8 12 14 15 20 23 29
26 4 5 6 7 8 9 10 11 12 13 16 17 18 19 20 21 22 23 24 25 26 27 28 29 30 31
2 19 26
9 6 7 8 10 14 19 21 26 28
22 7 8 9 10 12 13 14 15 16 17 18 19 20 21 22 23 24 25 27 29 30 31
0
0
14 10 11 12 14 16 18 19 21 23 25 27 28 29 31
11 11 13 16 18 21 23 24 25 29 30 31
9 16 17 19 22 24 25 27 29 31
17 13 14 15 16 17 18 19 20 22 24 25 26 27 28 29 30 31
13 15 16 17 18 19 20 21 23 24 25 29 30 31
12 15 16 18 19 21 22 23 24 25 27 29 31
7 18 20 23 26 28 29 31
11 18 19 20 22 23 24 25 26 28 29 31
1 20
12 19 20 22 23 24 25 26 27 28 29 30 31
12 20 21 22 23 24 25 26 27 28 29 30 31
10 21 23 24 25 26 27 28 29 30 31
0
5 24 25 27 28 31
5 25 26 29 30 31
4 27 28 30 31
1 27
4 27 28 29 30
2 28 30
2 29 30
1 30
1 31
0

57
27 1 2 6 7 9 11 12 13 14 17 18 19 23 26 27 31 33 34 40 44 45 47 48 49 52 54 56
52 2 3 4 5 6 7 8 9 10 11 12 14 15 16 18 19 20 21 22 23 24 25 26 27 28 29 30 31 32 33 34 35 36 37 38 39 40 41 42 43 44 45 46 47 48 49 50 51 52 54 55 56
11 5 13 14 34 38 40 42 43 45 47 49
12 11 15 20 25 26 28 29 35 43 46 47 54
24 5 6 7 8 9 12 23 24 25 27 30 31 32 36 38 39 40 41 44 46 48 49 50 51
13 8 10 13 20 29 32 34 36 38 47 49 54 55
30 7 8 12 13 14 15 16 18 19 23 25 26 27 29 30 31 32 35 40 41 43 44 47 48 49 51 52 53 54 56
47 8 9 10 11 12 13 14 15 16 17 18 19 20 21 22 23 24 25 26 27 28 29 30 31 32 33 34 35 36 37 38 39 40 41 42 43 44 45 48 49 50 51 52 53 54 55 56
40 9 10 12 13 14 15 16 17 18 19 20 21 22 24 26 27 28 29 30 31 32 34 35 36 37 38 39 40 41 42 43 44 45 47 49 50 51 53 54 55
18 12 16 19 21 24 29 30 32 37 40 41 43 48 51 52 53 54 55
1 26
34 12 14 15 17 20 23 24 25 26 27 28 29 31 33 34 35 36 37 38 40 41 42 44 45 46 47 48 49 50 51 52 53 55 56
33 13 15 17 19 20 21 22 23 24 25 26 29 31 32 33 35 36 37 38 39 41 42 43 44 45 46 48 49 50 52 53 54 56
4 18 29 36 45
37 16 17 18 19 20 21 22 23 24 25 26 27 28 29 31 33 34 35 36 38 39 41 42 43 44 45 46 47 48 49 50 51 52 53 54 55 56
1 35
10 26 27 30 35 36 38 41 43 46 47
20 18 20 22 23 25 26 29 30 31 33 34 37 41 44 47 48 49 52 53 54
3 26 52 56
6 29 30 31 35 39 45
29 21 22 23 24 25 26 27 28 30 31 32 35 36 37 38 39 40 41 43 45 46 47 48 49 50 52 53 54 56
21 22 23 26 27 29 30 31 32 33 39 40 43 44 45 49 50 51 53 54 55 56
20 23 28 31 32 34 35 36 37 38 40 41 42 43 44 46 47 48 49 50 54
20 24 25 26 27 29 32 33 34 36 38 40 45 47 48 49 50 51 52 53 56
17 25 26 27 28 29 30 33 35 37 38 41 43 44 47 48 51 55
2 32 49
1 35
22 28 29 30 32 33 35 36 37 38 39 40 42 45 47 48 49 50 51 52 54 55 56
6 30 33 39 41 52 54
12 31 33 34 40 41 42 43 44 46 50 54 56
9 31 33 34 36 38 45 50 52 55
1 44
12 35 36 37 40 41 42 43 45 46 49 50 55
3 34 35 53
7 37 42 43 45 49 52 53
20 36 37 38 39 40 41 42 43 44 45 46 47 49 50 51 52 53 54 55 56
5 45 47 52 53 56
1 40
1 39
12 40 41 43 45 46 47 48 49 50 51 53 54
15 41 42 43 44 46 47 48 49 50 51 52 53 54 55 56
12 44 45 46 47 48 49 50 51 52 53 55 56
12 43 44 46 48 49 50 51 52 53 54 55 56
9 45 46 49 50 51 52 53 54 55
9 45 46 48 50 51 52 53 54 55
0
10 47 48 49 50 51 52 53 54 55 56
5 50 52 54 55 56
4 50 51 53 54
7 50 51 52 53 54 55 56
0
4 52 53 55 56
4 53 54 55 56
0
2 55 56
0
0

32
13 2 5 9 10 16 18 19 20 23 25 26 30 31
30 2 3 4 5 6 7 8 9 10 11 12 13 14 15 16 17 18 19 20 21 22 23 24 25 26 27 28 29 30 31
17 5 6 8 11 12 16 18 19 21 22 23 24 25 28 29 30 31
1 12
5 8 10 17 21 30
6 8 13 14 24 25 31
6 15 17 20 26 27 29
23 8 9 10 11 12 13 14 16 17 18 19 20 21 22 23 24 25 26 27 28 29 30 31
14 9 10 11 12 15 16 18 20 21 25 27 28 29 31
9 10 15 16 18 19 25 27 29 30
8 11 18 20 21 24 27 28 30
2 24 29
8 16 20 22 23 25 27 30 31
16 14 15 16 17 18 19 20 21 22 23 24 26 27 28 30 31
4 18 20 27 31
0
5 17 18 24 29 31
14 18 19 20 21 22 23 24 25 26 27 28 29 30 31
3 19 21 23
6 20 21 23 24 28 31
9 21 22 24 25 26 28 29 30 31
7 22 23 25 26 28 30 31
5 24 25 26 30 31
6 24 26 27 28 29 30
1 25
4 27 28 29 31
4 27 29 30 31
1 31
0
1 30
0
0

5
4 1 2 3 4
3 2 3 4
0
1 4
0

35
16 1 4 5 6 8 12 16 17 19 23 25 26 27 28 30 32
30 2 3 4 5 6 7 8 9 10 11 12 13 14 15 17 19 20 21 22 23 24 25 26 27 28 29 31 32 33 34
23 3 4 5 6 7 9 11 12 14 15 16 17 18 20 21 23 25 27 28 29 30 32 34
18 5 8 9 11 13 18 19 20 21 23 25 26 27 28 29 32 33 34
14 6 12 13 15 16 17 19 20 23 24 29 31 33 34
22 6 7 10 11 13 14 15 17 19 20 21 22 23 24 25 26 27 28 29 30 31 34
4 12 13 19 32
12 13 14 16 17 18 21 24 25 26 28 32 34
1 27
21 10 12 13 14 15 18 19 20 21 22 23 24 25 26 27 28 29 30 32 33 34
0
3 22 23 26
13 13 15 16 17 20 21 22 25 26 29 30 32 33
8 14 16 17 19 20 26 29 30
13 15 16 19 23 24 25 26 28 29 30 31 32 34
8 16 17 18 25 26 28 29 34
2 27 32
1 18
3 27 28 29
0
6 22 24 26 28 32 34
5 26 27 28 30 33
7 25 27 28 29 30 33 34
3 28 31 34
7 27 28 29 30 32 33 34
9 26 27 28 29 30 31 32 33 34
3 32 33 34
4 29 31 33 34
5 29 30 31 32 33
2 30 32
4 31 32 33 34
0
1 34
0
0

65
3 17 43 50
51 4 5 6 8 9 10 11 12 13 14 15 17 18 19 21 22 23 25 27 28 29 30 31 32 34 35 36 37 38 39 40 41 43 44 45 46 47 49 50 51 53 54 55 56 57 58 59 60 61 63 64
11 14 15 19 31 37 42 47 50 51 54 56
36 4 5 6 8 10 13 15 16 17 19 22 23 24 28 29 31 32 33 34 35 36 37 38 40 41 42 44 45 47 48 49 51 52 53 54 63
32 5 7 9 10 11 12 13 14 18 19 20 21 22 23 27 29 30 32 34 37 38 39 41 42 46 47 48 52 53 55 60 61
55 6 7 8 10 11 12 13 14 15 16 17 18 19 20 21 22 23 24 25 26 27 29 30 31 32 33 34 35 36 37 38 39 40 41 42 44 45 46 47 48 49 50 51 52 53 54 55 56 57 58 60 61 62 63 64
21 7 8 16 18 21 23 25 26 30 31 36 37 40 43 44 45 48 54 55 61 63
12 8 21 25 32 36 44 46 49 52 56 61 62
34 9 10 12 13 14 19 22 23 24 26 28 29 30 31 34 35 36 39 42 43 44 46 47 48 50 51 52 53 55 56 57 59 60 61
29 10 12 16 17 19 20 21 23 24 25 26 27 30 32 34 37 38 41 44 45 46 52 55 56 57 58 60 61 62
19 15 17 20 24 25 26 28 34 35 39 41 43 45 50 51 57 61 62 63
3 13 34 38
23 13 15 16 18 20 21 24 29 31 32 33 34 36 39 40 44 45 46 47 49 51 56 59
5 15 33 35 47 57
1 31
1 28
28 17 18 19 21 23 25 26 30 31 32 34 36 39 40 43 46 47 48 49 50 51 52 53 55 57 59 63 64
45 18 19 20 21 23 25 26 27 28 29 30 31 32 33 34 35 36 37 38 39 40 41 42 43 44 45 46 47 48 49 50 51 52 53 54 55 56 57 58 59 60 61 62 63 64
36 19 20 25 26 27 28 29 30 31 32 33 34 35 36 37 38 39 40 41 42 44 46 47 49 50 51 52 53 54 55 56 57 58 61 62 64
31 20 21 22 23 24 25 27 30 31 32 33 34 35 38 39 40 42 43 44 45 47 48 49 51 54 56 57 58 59 61 64
11 22 30 35 39 42 44 47 51 56 61 64
28 22 23 24 25 26 27 31 33 34 35 36 37 39 40 41 42 43 44 45 46 47 49 53 55 61 62 63 64
2 32 45
29 24 26 27 28 30 31 32 35 36 37 40 41 42 43 45 46 47 49 50 52 54 56 57 58 59 60 62 63 64
3 29 51 53
0
25 27 28 29 30 34 35 36 37 39 40 42 43 44 45 47 48 50 54 55 57 59 61 62 63 64
17 30 31 33 34 35 36 44 45 46 50 52 55 56 57 58 59 62
35 29 30 31 32 33 34 35 36 37 38 39 40 41 42 43 44 45 47 48 49 50 51 52 53 54 55 56 57 58 59 60 61 62 63 64
30 31 32 34 36 37 38 39 40 43 44 45 46 47 48 49 50 51 52 53 54 55 56 57 58 59 60 61 62 63 64
7 32 39 40 41 43 45 62
11 34 39 40 41 47 49 51 52 59 62 63
10 33 38 49 53 55 56 60 62 63 64
15 36 37 39 42 43 47 48 49 50 51 52 55 56 62 63
3 43 54 60
27 36 37 38 39 40 41 42 43 44 45 46 48 49 50 51 52 53 54 55 56 57 58 60 61 62 63 64
10 37 38 40 43 44 48 54 59 61 63
14 38 39 42 43 44 46 47 49 52 53 54 56 57 59
10 39 41 42 43 46 47 49 57 60 64
3 41 49 55
20 41 42 43 44 46 47 48 50 51 52 53 54 55 56 57 59 60 61 62 64
6 43 51 53 56 58 61
8 49 51 53 54 55 59 62 64
13 44 45 46 48 50 51 52 54 57 59 60 63 64
20 45 46 47 48 49 50 51 52 53 54 55 56 57 58 59 60 61 62 63 64
14 46 47 48 50 51 53 54 56 57 58 61 62 63 64
17 48 49 50 51 52 53 54 55 56 57 58 59 60 61 62 63 64
12 49 50 53 54 55 56 58 59 61 62 63 64
5 50 55 56 60 64
10 50 51 54 55 56 57 58 59 61 64
13 51 52 53 54 55 56 57 58 59 60 61 63 64
6 54 55 58 59 61 64
0
0
7 55 57 58 61 62 63 64
3 58 59 62
1 58
7 58 59 60 61 62 63 64
2 59 62
3 60 62 64
2 63 64
1 63
1 63
0
0

65
40 3 5 8 9 10 11 14 15 16 18 19 20 21 24 26 27 30 32 34 35 38 39 40 41 42 43 44 46 47 50 52 53 54 55 56 57 61 62 63 64
43 2 3 4 7 9 10 11 17 18 19 22 23 24 25 26 27 28 30 31 32 34 35 37 38 40 41 42 46 47 48 49 51 52 53 54 55 56 57 58 59 60 63 64
7 6 11 17 21 46 47 51
56 4 5 6 7 8 9 10 11 12 13 14 15 18 19 20 21 22 23 24 25 26 27 28 29 30 31 32 33 34 35 36 37 38 39 40 41 42 43 44 45 46 47 48 49 50 51 52 53 54 55 58 60 61 62 63 64
6 7 26 28 31 39 42
17 7 9 21 26 29 33 34 37 41 44 45 52 55 57 59 61 64
57 7 8 9 10 11 12 13 14 15 16 17 18 19 20 21 22 23 24 25 26 27 28 29 30 32 33 34 35 36 37 38 39 40 41 42 43 44 45 46 47 48 49 50 51 52 53 54 55 56 57 58 59 60 61 62 63 64
43 8 9 10 11 13 14 15 16 18 19 20 22 23 28 29 30 31 32 33 35 36 37 38 39 40 41 44 45 48 49 50 51 52 53 54 55 56 57 59 60 62 63 64
4 12 43 44 56
12 14 18 30 40 41 43 50 51 54 61 63 64
6 18 28 37 40 41 55
37 13 15 17 18 21 22 23 24 25 26 27 28 29 30 31 33 35 38 39 40 42 43 44 47 48 49 50 52 53 54 55 56 57 59 61 63 64
35 13 14 16 18 19 20 22 23 25 26 27 29 30 33 34 35 37 38 39 41 42 43 44 46 47 50 51 52 53 56 59 60 61 63 64
29 14 15 18 19 21 23 25 27 29 30 34 35 36 37 39 41 42 43 46 47 48 50 52 55 56 57 58 59 62
20 15 19 20 24 28 30 31 32 33 37 41 45 46 50 52 57 58 59 60 63
22 18 19 23 26 27 30 32 33 34 36 38 39 41 42 43 49 50 51 53 54 57 58
46 17 18 19 20 21 22 23 24 25 26 27 28 29 30 31 32 33 34 35 36 37 38 39 40 41 42 43 44 45 46 47 48 49 50 51 52 53 54 56 57 58 59 60 61 62 64
9 20 23 24 25 37 38 43 46 47
8 21 25 28 30 33 38 59 60
8 26 40 42 45 46 56 58 60
31 22 23 24 25 27 28 29 30 31 33 34 35 37 39 40 41 43 45 48 49 50 51 53 54 55 58 60 61 62 63 64
27 23 24 25 27 28 29 30 31 33 35 36 37 38 42 45 46 47 49 52 53 54 55 57 58 59 60 61
28 23 24 25 27 28 32 33 34 35 36 37 38 39 40 41 42 44 47 49 50 52 53 54 55 58 59 60 61
4 24 28 56 59
38 25 26 27 28 29 30 31 32 33 34 35 36 38 39 40 41 42 43 44 45 46 47 48 49 50 51 52 53 54 55 56 57 58 59 60 61 62 63
26 27 28 30 31 32 33 34 35 36 38 39 40 41 42 47 48 49 50 51 53 54 55 56 57 58 63
17 27 30 31 34 35 41 44 46 47 48 49 51 53 58 60 61 62
11 28 31 33 36 37 40 42 43 44 49 53
9 32 41 43 47 50 52 55 60 63
33 30 31 32 33 34 35 36 37 38 39 40 41 42 43 44 45 46 47 48 49 50 51 52 53 54 55 57 58 59 60 61 63 64
0
7 35 37 48 50 53 54 59
6 34 37 45 58 62 63
23 35 36 37 38 40 41 43 44 45 46 47 48 49 50 51 53 54 55 56 57 58 59 62
12 35 38 41 43 44 45 49 51 52 54 59 63
11 36 39 41 44 46 49 50 55 61 62 63
17 37 38 41 42 45 46 49 53 54 55 58 59 60 61 62 63 64
19 38 40 41 42 43 44 45 46 47 52 54 55 56 57 58 59 60 61 64
0
0
14 41 43 48 50 52 53 54 55 56 58 61 62 63 64
2 56 58
9 43 49 51 52 57 58 59 61 64
9 52 54 56 57 59 61 62 63 64
13 46 47 49 51 55 56 57 58 59 61 62 63 64
18 46 48 49 50 51 52 53 54 55 56 57 58 59 60 61 62 63 64
5 47 51 55 57 63
13 48 49 52 53 54 55 57 58 60 61 62 63 64
14 49 51 52 53 54 55 56 57 58 59 60 61 62 63
6 52 54 57 58 59 63
9 52 53 56 58 59 60 61 63 64
0
4 54 57 58 60
11 54 55 56 57 58 59 60 61 62 63 64
5 55 60 61 62 64
0
3 61 62 63
0
1 59
0
2 61 63
2 62 63
0
0
0

34
4 10 17 22 32
29 2 3 4 5 6 7 9 10 11 12 13 14 15 16 17 18 20 21 23 24 25 26 27 28 29 30 31 32 33
6 3 4 20 27 28 29
5 5 19 25 27 30
2 11 31
4 9 13 14 23
1 15
12 8 9 12 18 21 22 25 26 28 29 30 31
4 14 17 22 25
9 11 18 19 20 21 22 28 31 32
9 12 13 14 15 19 25 27 28 31
20 12 13 14 15 16 17 18 19 21 22 23 24 25 26 27 28 29 31 32 33
11 14 15 17 20 21 23 26 27 29 32 33
19 14 15 16 17 18 19 20 21 23 24 25 26 27 28 29 30 31 32 33
12 17 19 20 22 23 24 26 29 30 31 32 33
17 16 17 18 20 21 22 23 24 25 26 27 28 29 30 31 32 33
0
10 18 19 20 22 23 26 27 30 31 32
12 19 20 22 23 25 26 27 28 30 31 32 33
3 25 29 32
8 21 24 27 28 29 30 31 32
0
0
9 24 25 27 28 29 30 31 32 33
5 27 28 30 31 33
3 26 30 32
5 27 28 29 31 32
2 29 32
5 29 30 31 32 33
2 31 33
1 32
1 33
1 33
0

93
2 41 48
41 2 5 7 8 12 13 15 17 18 19 20 21 22 25 28 29 31 32 37 40 42 43 45 46 47 48 49 51 55 60 65 73 74 80 81 83 85 87 88 90 92
90 3 4 5 6 7 8 9 10 11 12 13 14 15 16 17 18 19 20 21 22 23 24 25 26 27 28 29 30 31 32 33 34 35 36 37 38 39 40 41 42 43 44 45 46 47 48 49 50 51 52 53 54 55 56 57 58 59 60 61 62 63 64 65 66 67 68 69 70 71 72 73 74 75 76 77 78 79 80 81 82 83 84 85 86 87 88 89 90 91 92
1 14
49 6 10 13 14 16 17 18 25 26 27 28 29 30 31 32 33 34 35 36 37 40 41 42 49 50 54 56 58 59 60 61 67 68 69 71 72 73 74 76 79 80 81 82 83 84 85 86 90 92
28 7 8 12 16 19 22 23 24 25 26 29 37 47 48 53 56 59 62 67 69 71 72 76 77 78 79 84 92
34 16 21 22 25 27 28 30 31 32 36 37 39 40 42 45 47 48 53 56 57 60 63 66 68 72 73 75 78 80 84 86 87 89 91
67 8 10 11 12 13 14 15 17 18 19 21 22 24 25 26 27 28 29 30 31 32 33 34 35 36 37 38 39 41 43 44 45 46 47 48 49 51 52 53 54 56 57 59 62 63 64 68 69 70 71 72 73 74 75 77 80 81 82 84 85 86 87 88 89 90 91 92
4 18 35 54 92
35 14 15 17 21 22 23 24 25 32 35 36 42 43 46 47 49 50 51 52 53 54 55 56 57 60 61 63 68 71 73 74 77 85 88 90
5 53 57 58 59 91
72 12 13 15 16 17 18 19 20 21 22 23 24 25 26 27 28 29 30 32 33 34 35 36 38 40 41 42 43 44 45 46 47 48 49 50 51 52 53 55 56 57 58 59 60 61 62 63 64 65 66 68 69 70 72 73 74 76 77 78 79 80 81 82 83 84 85 86 87 88 89 91 92
8 15 16 17 18 26 29 55 80
58 14 17 19 21 22 23 24 25 26 27 28 29 30 31 33 35 37 38 39 40 41 42 43 44 45 46 48 51 52 54 55 56 57 58 59 60 62 63 64 65 67 68 70 72 73 74 76 77 80 81 82 84 85 86 87 88 89 90
6 29 33 38 45 54 82
37 16 19 20 22 25 26 27 28 31 32 33 34 40 41 42 43 47 48 49 51 52 53 63 68 69 70 71 76 77 78 80 83 84 86 87 89 90
31 17 19 23 24 30 35 38 40 41 44 45 49 56 58 59 61 62 64 65 66 68 70 71 75 78 79 81 82 83 89 90
71 18 19 20 21 22 23 24 25 26 27 28 29 30 31 33 35 36 37 38 39 40 41 42 43 44 45 46 47 48 49 51 52 53 55 56 57 58 59 60 61 62 63 64 65 66 67 68 69 70 71 72 73 74 75 76 77 78 79 80 81 82 83 84 85 86 87 88 89 90 91 92
64 19 20 21 22 23 24 25 26 27 29 30 31 33 34 35 36 37 38 39 40 41 42 43 45 46 48 50 51 52 53 54 55 56 58 60 61 62 63 64 65 66 67 68 69 70 71 72 73 75 76 77 78 80 81 82 83 84 85 86 87 88 90 91 92
14 22 26 33 35 41 42 54 61 65 67 71 79 81 88
35 22 23 28 29 33 35 36 38 42 43 44 50 51 52 54 61 62 63 64 65 69 70 75 77 78 79 80 81 82 83 84 85 87 88 92
5 40 55 73 88 89
68 23 24 25 26 27 28 29 30 31 32 33 34 35 36 37 39 40 41 42 43 44 45 46 47 49 50 51 52 53 54 55 56 57 58 59 60 61 62 63 64 65 66 67 68 69 70 71 72 73 74 75 76 77 78 79 80 81 82 83 84 85 86 87 88 89 90 91 92
2 61 69
42 25 26 27 28 33 34 35 36 39 40 41 42 43 44 45 49 50 52 53 55 57 58 59 61 62 64 66 70 72 73 76 77 78 80 82 83 85 86 87 88 91 92
59 26 29 30 31 32 33 34 35 36 37 38 40 41 42 43 44 45 46 48 49 50 51 52 53 54 55 56 57 58 59 60 61 63 64 65 66 67 69 70 71 72 73 74 75 76 77 79 80 81 82 83 84 85 86 87 88 90 91 92
32 31 32 35 39 40 42 43 44 45 46 49 50 52 53 56 57 59 61 63 65 66 67 70 71 72 75 76 80 81 83 89 92
48 28 29 30 33 34 35 37 38 39 40 41 42 44 46 47 48 49 50 51 52 53 54 55 56 57 60 61 62 63 64 65 67 68 69 72 75 76 77 78 80 81 83 84 85 89 90 91 92
11 43 48 52 53 54 57 76 77 84 88 89
37 30 32 33 35 37 38 39 40 46 47 48 49 50 51 58 61 62 63 65 67 68 69 71 73 75 76 78 80 81 84 86 87 88 89 90 91 92
19 31 32 38 42 45 48 50 53 56 62 64 70 71 72 75 81 82 89 90
42 32 33 35 37 38 39 40 43 44 45 48 49 50 51 52 53 54 56 57 58 59 61 62 63 64 65 68 70 71 73 75 76 79 80 81 84 86 87 88 90 91 92
21 33 39 41 45 47 52 53 54 57 59 61 64 66 67 69 72 73 76 80 87 90
3 46 64 89
20 36 39 44 46 47 50 53 58 59 60 64 65 82 85 86 87 88 89 90 92
56 36 37 38 39 40 41 42 43 44 45 46 47 48 49 50 51 52 53 54 55 56 57 58 59 60 61 62 63 64 65 66 67 68 69 70 71 72 73 74 75 76 77 78 79 80 81 82 83 84 86 87 88 89 90 91 92
27 37 39 42 47 48 49 51 52 54 56 57 59 63 64 65 66 69 75 76 77 81 83 84 85 86 87 92
6 40 42 53 66 80 90
13 39 46 47 48 64 65 71 72 74 75 80 89 91
2 58 85
50 41 42 43 44 45 46 47 48 49 50 51 52 53 54 55 57 58 59 60 61 62 63 64 65 66 67 68 69 70 71 72 73 74 75 76 77 78 79 80 81 82 83 85 86 87 88 89 90 91 92
0
39 43 44 45 46 47 48 50 52 53 55 56 57 58 59 61 62 63 65 66 67 69 70 71 72 74 75 76 77 79 80 81 83 84 85 86 87 88 89 90
7 50 51 61 63 73 75 81
27 47 50 51 52 53 54 57 62 63 65 66 67 68 69 71 72 74 76 77 78 79 80 82 83 85 87 91
42 46 47 48 49 50 52 53 54 55 56 57 58 59 60 61 62 64 65 66 67 68 69 70 71 73 75 76 77 78 79 80 81 82 83 84 86 87 88 89 90 91 92
41 47 48 50 52 53 54 55 56 57 58 60 61 62 63 66 67 68 69 70 71 72 73 74 75 76 77 78 79 80 81 82 83 84 85 86 87 88 89 90 91 92
27 48 49 50 54 55 57 60 62 63 64 65 66 67 68 69 70 73 74 76 78 79 80 81 84 87 89 90
2 56 63
20 54 56 58 59 67 70 74 75 76 77 79 80 81 82 83 85 87 89 90 91
36 52 53 54 55 56 57 59 60 61 62 63 65 66 67 68 69 70 72 73 74 75 76 77 78 79 80 81 84 85 86 87 88 89 90 91 92
13 59 63 66 68 69 71 72 75 82 85 87 88 92
37 53 54 55 56 57 58 59 60 62 63 64 66 67 68 69 70 71 72 74 75 76 77 78 79 80 81 82 83 84 85 86 87 88 89 90 91 92
5 61 69 84 88 92
34 55 56 57 58 59 60 61 62 64 66 67 69 71 72 73 74 75 76 77 78 79 80 81 82 83 84 85 86 87 88 89 90 91 92
34 56 57 58 59 60 61 62 63 64 65 66 67 68 69 70 71 72 73 74 76 78 79 80 81 82 83 84 85 86 87 88 89 90 91
21 58 62 63 64 65 66 67 68 70 71 72 73 75 77 80 82 83 85 87 88 92
17 59 60 61 63 65 66 69 71 73 75 76 79 81 87 88 91 92
20 60 63 64 65 70 73 74 75 76 77 78 81 82 83 85 87 88 90 91 92
0
9 61 63 65 70 72 77 81 84 90
20 62 63 66 67 69 70 71 72 75 76 77 78 80 81 82 83 86 87 90 92
6 63 64 67 75 83 85
20 64 65 67 69 71 74 75 76 77 78 81 82 83 84 85 86 87 88 89 90
3 68 71 78
17 67 68 69 70 73 74 75 77 80 82 84 86 87 88 89 90 91
11 69 72 74 76 79 80 87 88 89 90 92
2 80 81
23 69 70 71 72 73 74 75 76 77 78 79 80 81 82 84 85 86 87 88 89 90 91 92
21 70 71 72 73 74 75 76 77 78 79 80 82 83 84 85 86 87 89 90 91 92
22 71 72 73 74 75 76 77 78 79 80 81 82 83 84 85 86 87 88 89 90 91 92
11 72 76 77 78 79 80 83 84 87 88 91
4 75 77 80 89
0
9 75 77 81 83 85 87 88 89 90
9 77 78 83 85 86 88 89 91 92
1 90
0
7 80 81 83 84 87 90 91
10 80 81 83 84 85 87 88 89 91 92
2 85 90
6 84 85 87 88 89 91
5 83 85 87 88 91
4 86 87 90 91
7 85 86 87 88 90 91 92
2 89 91
6 87 88 89 90 91 92
3 89 90 91
3 90 91 92
0
0
0
0

8
3 2 3 6
4 2 4 5 6
0
1 6
1 5
2 6 7
1 7
0

24
8 1 7 13 16 19 20 21 22
13 3 5 6 7 9 10 11 14 15 19 20 21 22
15 4 6 8 9 10 11 12 13 14 16 17 18 20 22 23
6 5 6 10 18 19 23
11 5 7 8 11 14 15 16 18 20 22 23
17 6 8 9 10 11 12 13 14 15 16 17 18 19 20 21 22 23
5 10 12 13 16 17
10 9 10 12 13 15 16 17 18 20 22
10 9 10 12 13 15 16 17 20 22 23
14 10 11 12 13 14 15 16 17 18 19 20 21 22 23
2 12 21
12 12 13 14 15 16 17 18 19 20 21 22 23
2 15 21
1 17
4 15 18 20 23
7 16 17 18 19 20 22 23
4 17 18 19 20
2 18 23
4 20 21 22 23
4 20 21 22 23
3 21 22 23
1 23
1 23
0

29
19 1 3 4 5 6 7 8 10 11 13 14 16 18 19 21 23 24 25 26
7 5 13 17 22 26 27 28
14 3 4 10 11 12 17 18 19 20 21 22 24 25 27
17 4 5 6 7 8 9 10 11 14 15 17 19 20 21 25 26 28
2 7 26
10 10 11 13 15 17 21 22 24 26 27
17 8 9 10 11 12 14 15 16 17 19 20 21 23 24 25 27 28
20 8 10 11 12 13 14 15 16 17 18 19 20 21 22 23 24 25 26 27 28
9 11 15 16 17 18 20 22 25 27
1 28
8 12 14 21 22 24 25 26 28
9 12 14 15 16 18 21 24 26 28
10 13 15 16 17 18 19 22 23 24 28
5 15 22 26 27 28
2 17 25
12 16 17 18 19 20 21 22 23 25 26 27 28
10 17 19 20 21 22 23 24 25 27 28
3 20 22 23
2 23 28
0
8 21 22 23 24 25 26 27 28
3 23 25 27
0
2 25 28
3 25 26 28
0
0
0
0

14
13 1 2 3 4 5 6 7 8 9 10 11 12 13
1 10
4 5 6 10 13
3 4 12 13
9 5 6 7 8 9 10 11 12 13
1 9
5 8 9 10 12 13
0
3 9 11 13
3 11 12 13
1 11
0
1 13
0

25
11 1 2 4 5 8 11 13 16 17 18 19
0
6 8 11 13 19 21 22
5 5 6 7 9 23
2 17 24
5 7 11 18 22 24
6 7 10 16 18 21 23
5 11 17 19 22 24
14 9 10 11 12 13 14 16 18 19 20 21 22 23 24
1 20
10 13 14 15 18 19 20 21 22 23 24
10 12 13 14 15 17 19 20 21 22 23
3 15 23 24
3 16 17 23
1 22
7 16 18 19 21 22 23 24
1 23
1 21
4 19 20 22 23
0
0
3 22 23 24
2 23 24
1 24
0

52
22 1 4 6 8 11 12 14 15 18 20 21 26 27 28 36 38 39 40 44 48 49 50
32 2 3 4 7 8 9 10 11 12 14 18 19 20 22 24 25 28 29 32 35 37 38 39 40 42 43 44 45 47 49 50 51
45 3 4 5 6 7 8 9 10 11 12 13 14 15 16 17 18 20 21 22 23 25 26 27 28 29 30 31 32 33 34 35 36 37 38 41 42 43 44 45 46 47 48 49 50 51
25 5 7 8 9 10 18 19 21 22 24 25 28 31 32 35 36 37 38 39 42 45 46 48 49 50
10 8 10 16 17 18 22 24 39 47 51
8 8 11 23 29 30 38 39 40
25 7 8 12 13 14 15 17 18 19 20 21 24 26 27 29 33 34 36 38 39 40 41 47 48 51
17 9 10 11 12 13 19 20 22 25 35 37 44 47 48 49 50 51
17 9 11 13 15 20 22 23 25 30 31 33 36 38 41 43 47 51
23 10 11 12 14 15 16 18 19 23 24 25 30 31 33 34 36 37 40 43 44 46 48 51
24 11 13 14 16 17 18 19 22 24 25 27 29 30 31 34 35 36 37 38 39 41 42 44 46
25 12 16 18 19 20 21 25 26 27 28 30 32 35 37 38 39 40 43 44 46 47 48 49 50 51
11 13 16 17 22 23 35 37 42 43 45 50
24 14 22 23 24 25 26 27 29 30 32 33 34 35 36 37 38 42 44 45 46 47 49 50 51
23 15 16 20 21 22 24 27 28 29 31 33 34 35 37 38 39 40 42 43 44 45 49 51
21 19 20 21 22 23 24 26 27 29 30 31 32 34 35 38 39 40 41 43 50 51
5 21 24 30 44 46
20 18 20 22 23 25 27 28 30 32 33 35 37 38 42 43 44 45 48 49 51
1 22
19 20 21 22 26 27 29 31 32 33 34 36 37 38 39 40 41 45 47 50
21 21 22 24 25 26 27 30 32 34 36 37 38 40 41 43 44 47 48 49 50 51
19 23 24 25 27 29 30 33 34 35 36 37 38 39 43 44 45 48 50 51
20 24 27 28 29 31 32 33 36 37 38 39 40 41 43 45 46 47 48 49 51
2 43 46
27 25 26 27 28 29 30 31 32 33 34 35 36 37 38 39 40 41 42 43 44 45 46 47 48 49 50 51
13 27 28 30 32 34 35 41 42 44 45 46 48 49
13 27 30 31 32 33 35 37 38 41 43 45 47 49
18 28 29 30 31 32 33 35 36 40 41 42 43 44 45 46 47 50 51
14 29 30 31 34 37 38 39 42 43 45 46 48 49 50
14 30 33 37 38 40 41 42 43 45 47 48 49 50 51
11 32 34 36 37 42 43 44 45 46 47 51
2 36 45
16 33 35 36 37 38 39 41 42 43 44 46 47 48 49 50 51
8 35 37 39 41 42 44 45 46
12 37 38 42 43 44 45 46 47 48 49 50 51
11 36 37 39 41 42 43 44 46 47 48 50
3 38 40 49
1 46
4 40 42 50 51
4 40 44 47 49
9 42 43 44 45 46 47 49 50 51
0
5 44 45 47 48 49
2 47 50
6 45 46 47 48 49 51
6 46 47 48 49 50 51
3 47 48 49
3 49 50 51
1 51
0
1 51
0

11
8 1 2 5 6 7 8 9 10
1 10
5 3 4 6 8 10
7 4 5 6 7 8 9 10
6 5 6 7 8 9 10
1 7
1 7
1 9
2 9 10
1 10
0

23
16 1 2 3 5 6 7 8 10 12 13 16 17 19 20 21 22
9 2 3 4 11 14 18 19 20 22
11 4 7 8 9 11 13 14 18 20 21 22
2 4 17
2 15 18
17 6 7 8 9 10 11 12 13 14 15 16 17 18 19 20 21 22
13 7 8 9 10 12 13 14 15 17 18 20 21 22
4 8 13 16 22
9 9 13 15 16 17 18 19 20 22
4 15 16 20 22
1 18
6 12 15 16 18 19 21
3 14 18 20
4 15 16 18 20
8 15 16 17 18 19 20 21 22
7 16 17 18 19 20 21 22
0
4 18 19 20 22
0
2 21 22
2 21 22
0
0

10
1 6
4 2 3 4 9
6 3 4 5 6 8 9
0
0
3 6 8 9
0
0
1 9
0

6
1 2
3 2 4 5
0
0
1 5
0

34
18 1 3 4 9 11 12 13 16 18 20 21 23 25 26 27 30 31 32
14 2 4 5 7 9 12 14 19 21 23 27 28 30 31
19 4 5 7 8 9 10 14 15 16 19 20 21 22 26 28 30 31 32 33
21 4 6 9 11 12 13 15 16 17 18 19 20 21 23 24 26 28 29 30 32 33
7 5 9 19 20 22 28 31
14 7 9 10 12 14 18 22 24 25 26 28 29 30 32
15 7 8 10 12 14 18 19 21 23 24 26 28 29 32 33
20 8 9 10 12 13 14 15 17 18 19 21 22 23 25 26 28 29 31 32 33
22 9 10 11 12 13 14 16 17 19 21 22 23 24 25 26 27 28 29 30 31 32 33
16 12 13 14 15 16 17 19 20 22 25 26 27 28 29 32 33
15 11 13 14 16 17 18 19 20 22 24 25 26 27 28 32
8 12 13 20 22 23 25 26 29
11 14 15 16 19 20 21 27 30 31 32 33
7 15 18 20 21 22 30 31
9 15 16 17 18 20 26 28 30 31
11 20 22 23 24 25 26 28 29 30 31 33
12 18 19 23 24 25 26 27 28 29 30 32 33
13 18 19 21 22 23 24 25 26 27 28 30 31 33
13 19 20 21 23 24 25 26 28 29 30 31 32 33
8 20 22 24 25 26 30 31 33
12 21 22 23 24 25 27 28 29 30 31 32 33
12 22 23 24 25 26 27 28 29 30 31 32 33
4 23 24 26 30
2 28 29
5 26 28 29 30 31
7 26 27 28 29 30 31 33
6 28 29 30 31 32 33
0
5 29 30 31 32 33
4 30 31 32 33
2 32 33
1 33
0
0

46
40 1 3 4 5 6 7 8 9 10 11 13 14 15 16 17 18 19 20 21 22 23 24 25 27 28 29 30 31 32 33 34 35 37 38 39 40 42 43 44 45
5 3 12 16 31 41
6 4 5 18 20 21 31
17 7 10 14 17 20 21 22 26 27 28 30 31 33 37 39 42 44
23 5 6 9 11 12 13 16 17 25 26 27 30 31 32 34 35 37 38 39 40 42 44 45
4 17 21 25 37
37 7 8 9 10 11 12 13 14 16 17 18 19 20 21 22 23 24 25 26 27 28 29 30 31 33 34 35 36 37 38 39 40 41 42 43 44 45
7 8 17 21 28 31 41 43
23 9 12 13 18 20 21 22 23 24 25 26 27 29 30 31 32 35 36 38 39 41 43 45
5 10 19 24 28 38
30 11 12 13 14 15 16 17 18 19 20 21 22 23 24 25 26 27 28 29 31 34 35 36 39 40 41 42 43 44 45
21 12 13 15 16 17 18 19 20 21 22 24 25 26 28 30 33 35 36 39 42 43
26 13 14 17 18 19 21 23 24 25 26 27 28 30 31 33 34 35 36 38 39 40 41 42 43 44 45
32 14 15 16 17 18 19 20 21 22 23 24 25 26 27 28 29 30 31 32 33 34 35 36 37 38 39 40 41 42 43 44 45
17 15 18 20 21 22 24 26 28 31 33 34 35 36 38 40 41 44
11 16 27 31 32 33 35 36 39 40 41 43
17 18 20 22 24 25 27 28 29 31 35 37 38 39 40 41 42 45
0
7 21 28 32 38 40 42 43
26 20 21 22 23 24 25 26 27 28 29 30 31 32 33 34 35 36 37 38 39 40 41 42 43 44 45
13 21 24 25 26 28 29 30 32 35 36 37 38 42
24 22 23 24 25 26 27 28 29 30 31 32 33 34 35 36 37 38 39 40 41 42 43 44 45
22 23 24 25 26 27 29 30 31 32 33 34 35 36 37 38 39 40 41 42 43 44 45
22 24 25 26 27 28 29 30 31 32 33 34 35 36 37 38 39 40 41 42 43 44 45
12 25 27 29 31 32 35 36 38 39 40 44 45
8 27 28 30 33 34 37 40 44
15 27 28 30 31 32 33 34 36 37 38 40 41 42 44 45
4 37 41 42 45
1 44
7 30 31 37 40 41 42 44
10 31 33 34 36 37 39 40 41 44 45
14 32 33 34 35 36 37 38 39 40 41 42 43 44 45
5 35 36 38 39 43
12 34 35 36 37 38 39 40 41 42 43 44 45
1 41
5 36 37 39 42 44
4 37 40 41 43
7 38 39 40 41 43 44 45
7 39 40 41 42 43 44 45
4 41 42 44 45
0
1 42
3 43 44 45
1 44
1 45
0

7
5 1 2 3 4 6
4 2 3 4 6
1 4
3 4 5 6
2 5 6
0
0

41
35 1 4 5 6 7 9 10 11 12 13 14 15 16 17 18 19 20 21 22 23 24 25 26 27 28 30 31 33 34 35 36 37 38 39 40
0
1 11
15 11 12 14 16 17 19 20 21 23 24 27 28 35 37 40
18 9 11 14 15 17 19 20 24 27 28 30 31 33 34 35 37 38 40
32 7 8 9 10 11 12 13 14 15 16 17 18 19 20 21 22 23 24 26 27 28 29 30 32 33 34 35 36 37 38 39 40
20 8 9 18 19 20 23 24 25 27 28 29 30 31 32 34 35 36 37 38 40
15 12 15 16 17 18 24 28 30 32 33 35 36 38 39 40
24 10 11 12 13 14 15 17 18 19 22 23 24 26 27 28 31 32 34 35 36 37 38 39 40
7 10 14 19 20 23 25 35
10 14 16 19 21 22 27 28 31 33 34
10 12 13 19 20 21 25 26 29 31 34
24 13 14 15 17 18 19 20 21 22 23 24 25 26 28 29 30 31 32 33 34 35 37 38 40
18 14 17 18 20 21 23 24 25 27 28 30 31 32 33 34 37 39 40
16 15 22 23 24 25 26 28 30 31 32 34 35 37 38 39 40
9 20 21 22 23 27 28 29 33 40
24 17 18 19 20 21 22 23 24 25 26 27 28 29 30 31 32 33 34 35 36 37 38 39 40
22 18 19 20 21 22 23 24 25 26 27 28 29 30 31 32 33 34 35 36 37 38 39
19 19 22 23 24 25 26 27 28 29 30 31 32 33 35 36 37 38 39 40
1 23
4 21 23 30 32
10 23 24 26 27 30 31 32 33 35 36
12 26 27 28 29 30 31 35 36 37 38 39 40
11 24 26 29 30 31 33 34 35 38 39 40
6 26 30 32 33 34 39
14 26 27 28 29 30 31 32 33 34 35 36 37 38 40
12 28 29 30 31 33 34 35 36 37 38 39 40
5 28 32 36 37 38
10 29 31 33 34 35 36 37 38 39 40
8 31 32 33 34 35 37 39 40
8 31 32 33 35 36 38 39 40
5 32 35 37 38 39
0
3 34 39 40
0
3 37 38 39
1 37
0
1 39
0
0

25
16 2 4 6 8 10 11 12 13 14 15 16 17 20 21 22 24
5 6 7 8 9 13
1 24
9 4 5 8 9 13 14 15 16 17
12 5 7 8 9 10 11 12 16 18 21 22 23
19 6 7 8 9 10 11 12 13 14 15 16 17 18 19 20 21 22 23 24
18 7 8 9 10 11 12 13 14 15 16 17 18 19 20 21 22 23 24
9 8 9 13 14 15 17 18 20 22
3 14 18 20
15 10 11 12 13 14 15 16 17 18 19 20 21 22 23 24
10 11 13 15 16 17 19 20 21 22 23
2 14 16
7 16 17 18 20 21 22 24
1 20
10 15 16 17 18 19 20 21 22 23 24
0
2 18 20
2 20 23
6 19 20 21 22 23 24
0
0
3 22 23 24
0
0
0

27
14 3 4 7 8 9 10 11 14 16 20 21 22 24 25
13 3 4 5 6 8 9 12 13 14 16 17 18 26
20 4 5 6 7 8 9 10 11 12 13 14 15 16 17 21 22 23 24 25 26
9 5 7 10 11 12 16 20 24 25
9 6 7 13 16 18 21 22 25 26
5 6 13 14 19 21
19 7 8 9 10 12 13 14 15 16 17 18 19 20 21 22 23 24 25 26
13 8 9 11 13 14 15 19 21 22 23 24 25 26
12 9 10 11 13 14 16 18 19 20 22 25 26
14 10 13 14 15 16 17 18 19 20 21 22 23 24 25
4 13 15 19 26
9 14 15 16 17 21 22 23 24 26
13 13 14 15 16 17 18 19 20 21 23 24 25 26
8 15 16 17 18 19 20 21 23
9 15 18 19 20 21 22 23 24 25
3 17 23 26
1 20
8 18 19 20 21 22 23 25 26
4 19 20 22 24
3 21 24 25
6 21 22 23 24 25 26
2 23 25
0
3 24 25 26
1 25
1 26
0

18
1 15
8 2 4 8 9 10 12 15 16
11 3 4 5 6 8 10 11 13 15 16 17
2 10 13
8 5 7 9 10 13 14 16 17
0
4 7 9 10 15
3 12 15 16
1 17
8 10 11 12 13 14 15 16 17
4 13 14 15 16
2 13 14
0
4 14 15 16 17
2 15 16
2 16 17
1 17
0

10
2 1 6
5 3 4 7 8 9
6 3 4 5 6 8 9
3 7 8 9
1 9
4 6 7 8 9
3 7 8 9
2 8 9
1 9
0

23
19 1 2 3 4 5 6 8 9 10 11 12 13 15 16 17 18 20 21 22
3 8 10 13
19 4 5 6 7 8 9 10 11 12 13 14 15 16 17 18 19 20 21 22
15 4 6 7 10 11 13 14 15 16 17 18 19 20 21 22
12 5 6 7 8 9 10 11 13 15 16 19 20
13 7 8 9 10 12 13 14 16 18 19 20 21 22
4 8 14 15 20
3 15 16 22
1 13
10 10 11 12 13 14 17 18 19 21 22
11 11 12 13 14 16 17 18 19 20 21 22
10 12 13 14 15 16 17 18 19 20 22
9 13 14 15 16 17 18 19 20 22
4 14 18 20 22
8 15 16 17 18 19 20 21 22
5 16 17 18 19 22
6 17 18 19 20 21 22
0
2 19 20
0
0
0
0

55
5 8 17 24 29 39
16 3 6 9 10 15 21 23 26 29 33 34 36 45 50 51 52
16 7 14 16 17 19 20 25 26 31 36 45 47 49 50 51 52
28 8 11 12 13 17 18 19 20 22 23 24 26 27 28 29 30 31 32 36 39 40 43 44 45 47 48 50 54
44 6 7 8 9 11 12 13 14 15 16 17 19 20 21 22 23 24 25 26 27 28 29 30 31 32 33 34 36 37 38 39 40 42 43 44 45 46 47 48 50 51 52 53 54
49 6 7 8 9 10 11 12 13 14 15 16 17 18 19 20 21 22 23 24 25 26 27 28 29 30 31 32 33 34 35 36 37 38 39 40 41 42 43 44 45 46 47 48 49 50 51 52 53 54
32 7 8 9 10 11 13 14 15 21 22 23 24 25 26 27 28 29 31 32 35 38 39 41 42 44 46 47 48 50 51 52 54
22 11 12 13 15 22 26 27 28 32 35 37 38 39 41 42 43 44 45 48 49 50 52
24 9 10 12 15 18 20 21 23 24 25 28 29 30 32 34 38 39 40 41 43 46 51 53 54
43 10 11 12 13 14 15 16 17 18 19 20 21 22 23 25 26 27 29 30 31 32 33 34 35 36 37 38 39 40 41 42 43 44 45 46 47 48 49 50 51 52 53 54
14 11 12 19 25 30 31 32 36 39 41 45 47 49 54
31 14 15 16 17 18 19 20 21 25 26 27 28 30 32 33 35 36 37 39 40 41 42 43 45 46 47 48 49 51 53 54
9 18 21 29 30 40 46 47 48 53
24 14 16 17 18 19 20 22 23 24 25 29 30 32 33 34 35 36 39 40 41 44 50 52 53
32 15 16 17 18 21 22 23 24 25 26 27 29 30 31 32 34 35 36 37 38 40 42 44 45 46 47 48 49 50 51 52 53
33 16 17 18 19 20 22 23 25 27 28 29 30 31 32 33 34 38 39 40 41 42 43 44 45 46 47 48 49 50 51 52 53 54
14 20 24 29 35 36 38 43 44 45 46 47 48 49 50
30 20 22 23 24 25 26 27 28 29 30 31 32 33 35 36 37 38 39 40 42 43 44 45 46 47 48 50 51 52 54
6 23 24 25 34 41 53
29 20 21 22 23 25 26 28 29 30 31 32 34 35 36 37 38 39 40 41 42 43 44 46 47 48 49 50 52 53
10 22 23 24 28 29 30 37 39 44 49
25 22 24 26 27 28 29 30 31 32 33 34 35 36 38 39 40 43 44 45 47 48 49 50 51 53
7 34 35 36 38 42 46 48
3 24 40 54
25 25 26 27 28 29 30 31 32 34 36 37 38 39 42 43 44 45 46 47 48 49 50 51 52 53
8 27 29 36 39 42 43 47 51
9 32 36 37 39 42 44 52 53 54
7 34 35 37 38 42 43 52
1 39
8 33 34 35 37 40 41 43 50
4 33 40 42 54
1 50
18 33 34 35 36 37 38 39 40 41 43 45 46 47 48 49 50 52 54
7 35 36 44 46 47 50 54
17 35 36 37 38 39 41 42 43 44 45 46 47 48 49 50 52 53
6 36 38 43 47 48 54
12 39 40 42 43 47 48 49 50 51 52 53 54
16 38 39 40 41 42 43 44 46 47 48 49 50 51 52 53 54
11 39 40 41 42 45 46 49 50 51 52 53
5 40 41 49 52 53
10 41 44 45 46 47 48 50 51 52 54
0
12 43 44 45 46 47 48 49 50 51 52 53 54
11 44 45 46 47 48 49 50 51 52 53 54
1 52
9 46 47 48 49 50 51 52 53 54
8 47 48 49 50 51 52 53 54
4 48 49 50 54
4 49 52 53 54
1 52
0
1 54
1 53
1 54
0

12
9 1 2 3 6 7 8 9 10 11
9 2 3 4 5 6 7 8 9 10
6 4 6 7 8 9 11
6 4 6 7 9 10 11
5 7 8 9 10 11
2 7 9
4 7 9 10 11
2 8 9
0
1 11
1 11
0

55
33 1 2 3 4 5 7 8 9 10 11 12 17 18 21 23 25 27 28 29 30 31 34 35 37 40 41 43 44 47 49 50 51 52
43 2 4 6 7 8 11 12 13 15 16 17 18 19 20 22 24 25 26 27 28 29 30 31 32 33 34 35 36 37 38 39 40 41 42 43 44 45 48 50 51 52 53 54
12 3 12 14 15 20 22 25 27 32 46 47 54
2 31 54
22 5 6 10 12 14 15 16 22 24 26 30 31 32 35 37 44 46 48 50 51 52 54
33 6 8 9 10 11 12 13 14 16 18 19 20 22 24 25 26 27 28 30 32 33 37 39 41 43 44 45 47 49 50 52 53 54
43 7 9 10 11 12 13 14 15 16 17 18 19 20 21 22 23 25 26 27 28 29 30 31 32 33 34 35 38 39 40 41 42 43 44 45 46 47 48 49 50 51 53 54
40 8 9 10 11 12 13 14 15 16 17 19 20 21 22 23 25 26 27 28 29 30 31 32 33 34 35 36 37 39 41 42 43 44 46 47 48 51 52 53 54
22 10 12 16 17 20 22 24 25 27 28 31 32 33 36 37 38 39 45 47 48 49 50
29 10 11 12 13 14 15 16 17 18 19 22 23 25 29 30 32 33 36 38 39 40 41 42 44 45 46 49 52 53
8 21 23 27 36 38 39 44 45
43 12 13 14 15 16 17 18 19 20 21 22 23 24 25 26 27 28 29 30 31 32 33 34 35 36 37 38 39 40 41 42 43 44 45 46 47 48 49 50 51 52 53 54
1 45
36 14 15 16 17 18 20 21 23 24 25 26 27 28 29 30 31 32 34 35 36 37 38 39 40 42 43 44 46 47 48 49 50 51 52 53 54
8 21 22 25 32 35 36 40 44
31 16 18 19 20 21 22 23 24 25 26 27 28 29 30 31 32 33 34 37 38 39 41 42 43 44 46 47 49 50 51 54
6 20 21 31 32 36 42
5 26 41 42 46 47
23 20 21 22 25 26 27 28 29 30 31 32 34 37 40 43 44 46 47 49 50 51 52 54
25 20 21 22 23 25 26 27 30 32 33 35 36 37 38 40 43 45 46 47 48 49 51 52 53 54
2 34 36
16 23 25 27 29 31 33 34 35 37 38 41 42 45 49 52 54
15 24 25 28 29 30 36 38 39 40 41 47 51 52 53 54
4 24 38 41 48
12 25 31 34 37 38 44 48 49 50 51 53 54
0
12 32 36 38 40 42 44 45 46 47 49 51 52
6 35 36 40 44 48 49
22 29 30 31 32 33 34 35 37 38 39 41 42 44 46 47 48 49 50 51 52 53 54
18 30 32 33 36 37 38 41 43 44 45 46 47 48 49 50 51 53 54
23 31 32 33 34 35 36 37 38 39 40 41 42 43 44 46 47 48 49 50 51 52 53 54
7 34 35 41 46 51 52 53
4 34 35 41 54
12 34 37 38 39 40 43 45 47 49 50 51 53
14 36 37 39 40 41 42 43 45 46 48 49 50 52 53
13 37 39 41 42 43 44 46 47 49 51 52 53 54
5 37 40 46 47 53
7 38 41 43 44 48 50 53
0
8 40 41 44 45 47 50 52 53
3 44 48 54
6 42 43 48 50 52 53
12 43 44 45 46 47 48 49 50 51 52 53 54
5 46 47 49 50 52
0
2 48 53
7 47 48 49 50 51 52 54
4 48 50 52 54
6 49 50 51 52 53 54
2 51 53
4 51 52 53 54
1 53
1 54
1 54
0

41
20 2 3 5 6 9 12 14 15 17 19 23 25 27 29 30 31 32 35 38 40
24 2 3 5 6 7 8 10 12 13 14 16 18 19 21 22 23 25 26 27 28 30 34 35 37
34 3 4 6 7 8 9 10 11 12 13 14 15 16 17 18 19 20 21 22 23 24 25 26 28 29 30 31 32 33 34 35 36 37 40
21 4 6 7 8 9 11 14 16 17 18 22 23 25 26 28 30 31 32 34 37 40
8 6 9 12 18 24 29 31 40
26 7 8 9 10 12 14 15 17 18 19 21 22 23 24 25 26 29 30 31 32 33 34 35 37 38 39
30 7 8 9 10 11 12 13 14 16 17 19 20 21 22 23 24 25 27 28 29 30 31 32 33 34 35 36 37 39 40
7 13 17 21 25 35 37 40
5 12 15 16 34 35
16 10 12 14 15 19 20 22 24 26 27 28 29 34 38 39 40
14 12 16 18 20 21 24 28 29 31 33 34 35 37 40
19 12 13 14 15 18 19 20 25 26 28 30 32 34 35 36 37 38 39 40
0
14 17 18 20 21 22 24 26 29 32 33 34 35 36 40
1 18
6 22 30 31 33 36 37
7 18 28 31 32 35 37 39
5 19 20 28 32 33
8 19 26 27 34 36 38 39 40
12 20 21 22 26 28 29 30 33 36 37 38 40
12 22 23 25 27 31 32 34 35 36 37 39 40
4 22 27 34 38
17 23 24 26 27 28 29 30 31 32 33 34 35 36 37 38 39 40
0
7 28 29 30 34 36 39 40
14 26 27 28 29 30 31 32 33 34 35 36 37 38 39
5 27 30 33 39 40
13 28 29 30 31 32 33 34 35 36 37 38 39 40
12 29 30 31 32 33 34 35 36 37 38 39 40
6 30 31 32 33 35 38
8 31 32 33 35 36 37 38 40
3 32 33 37
7 33 34 36 37 38 39 40
1 36
1 40
0
2 37 40
0
1 40
0
0

1
0

36
0
3 6 8 32
0
2 6 25
9 6 15 19 21 26 27 30 31 32
19 6 8 10 11 12 13 14 16 17 19 22 23 24 25 26 29 32 34 35
8 7 11 12 20 25 26 32 35
7 9 17 24 25 28 29 30
1 19
1 15
6 12 13 22 29 30 32
3 24 32 33
10 14 15 16 21 25 27 28 29 31 34
11 15 17 18 21 22 23 25 26 27 29 31
13 16 17 20 24 25 27 28 29 30 31 32 33 35
14 16 17 18 19 23 24 25 26 28 30 31 32 33 34
4 19 27 28 30
13 18 19 20 21 22 25 26 27 29 30 31 32 34
1 20
4 21 25 26 31
11 21 24 25 26 27 28 29 30 32 33 35
0
13 23 24 25 26 27 28 29 30 31 32 33 34 35
4 24 26 27 28
10 25 26 27 28 29 30 31 32 33 35
0
1 32
3 28 30 33
5 29 31 32 33 35
4 31 33 34 35
1 32
0
0
0
0
0

21
10 1 2 6 7 8 9 12 13 15 16
5 2 6 7 16 17
12 3 4 5 7 8 12 14 16 17 18 19 20
13 4 6 7 8 9 10 12 13 15 16 17 19 20
13 6 7 10 11 12 13 14 15 16 17 18 19 20
11 6 8 10 11 13 15 16 17 18 19 20
13 7 8 9 10 12 13 14 15 16 17 18 19 20
11 8 9 12 13 14 15 16 17 18 19 20
11 9 10 11 12 13 14 15 16 18 19 20
1 14
0
6 13 14 16 17 18 20
0
1 16
3 18 19 20
1 16
0
3 18 19 20
2 19 20
0
0

29
2 5 19
18 2 4 6 8 9 11 13 14 15 16 17 18 20 23 24 25 27 28
7 5 17 20 21 24 25 28
14 7 8 9 11 13 16 17 18 21 22 24 25 27 28
9 14 16 17 18 19 20 22 23 28
22 6 7 8 9 10 11 12 13 14 15 17 18 19 20 21 22 23 24 25 26 27 28
19 7 8 10 11 12 13 14 15 16 17 18 19 21 22 24 25 26 27 28
3 15 16 20
2 10 16
1 27
5 14 15 22 23 28
11 12 13 15 16 17 21 23 24 25 26 27
0
5 14 15 18 21 25
0
9 16 19 21 22 23 24 25 26 27
12 17 18 19 20 21 22 23 24 25 26 27 28
9 18 20 22 23 24 25 26 27 28
10 19 20 21 22 23 24 25 26 27 28
9 20 21 22 23 24 25 26 27 28
4 23 24 26 28
6 23 24 25 26 27 28
4 24 26 27 28
1 25
1 25
0
0
1 28
0

25
11 1 4 5 6 8 10 15 17 18 19 24
14 3 4 6 7 8 10 12 14 18 19 20 22 23 24
2 13 14
6 4 5 7 9 12 21
7 5 10 14 15 17 18 21
11 6 8 9 11 12 14 18 20 22 23 24
14 7 8 9 10 11 12 13 15 16 17 19 20 21 22
2 9 21
15 9 10 11 12 13 14 15 16 17 19 20 21 22 23 24
5 13 16 17 23 24
1 22
12 12 13 14 15 16 17 18 19 20 21 22 24
0
6 14 15 16 18 20 23
10 15 16 17 18 19 20 21 22 23 24
2 19 23
6 18 19 21 22 23 24
3 18 20 21
3 20 21 22
5 20 21 22 23 24
2 22 24
2 22 24
2 23 24
0
0

50
21 1 5 6 8 9 10 14 15 19 22 24 25 26 27 29 30 31 33 35 41 43
42 2 4 5 7 8 9 10 11 12 13 14 15 16 17 18 19 21 22 23 24 25 26 27 28 29 30 31 32 35 36 37 39 40 41 42 43 44 45 46 47 48 49
39 3 4 5 6 8 9 10 11 12 13 14 15 16 17 19 20 21 22 23 27 28 29 30 31 32 33 34 35 36 37 38 39 41 42 43 44 45 46 49
43 4 6 8 9 10 11 12 13 14 15 16 17 18 19 20 21 22 23 24 25 26 27 29 30 31 32 33 34 35 36 37 38 39 40 41 42 43 44 45 46 47 48 49
43 5 6 7 9 10 11 12 13 14 15 16 17 18 19 20 21 22 24 25 26 27 28 29 30 31 32 33 34 35 36 37 38 39 40 41 42 43 44 45 46 47 48 49
17 7 8 9 13 14 16 17 18 22 24 28 29 35 40 41 43 46
12 7 8 12 20 24 27 28 31 40 42 44 45
32 8 10 13 15 16 17 18 19 20 21 24 25 26 27 28 29 31 33 34 35 36 37 38 39 40 41 42 43 44 45 48 49
10 11 14 15 21 22 30 32 37 42 45
26 10 11 12 14 17 19 20 21 24 25 26 28 31 32 34 36 37 38 39 40 41 42 44 45 46 47
6 15 31 33 36 41 48
20 13 14 16 17 18 21 22 23 26 28 30 32 34 35 36 37 40 44 46 49
12 19 24 25 26 27 31 32 33 35 38 43 49
14 15 20 21 23 24 27 33 34 35 40 43 46 47 48
18 17 18 25 28 29 30 31 32 36 39 40 41 42 43 44 46 48 49
14 17 18 19 21 24 29 30 33 37 41 43 46 47 49
1 43
20 19 20 22 23 25 28 29 31 33 34 35 36 39 40 42 43 44 45 47 48
7 20 21 27 31 33 39 41
9 22 23 26 27 30 34 36 37 38
9 21 25 29 34 41 44 46 47 48
12 22 25 27 31 32 33 38 41 44 46 47 48
10 24 27 29 30 35 42 45 46 47 48
20 24 27 29 30 31 32 33 36 37 39 40 41 42 43 44 45 46 47 48 49
0
17 27 28 30 31 32 33 34 36 37 38 40 43 44 45 46 48 49
2 33 42
18 28 29 31 32 33 34 35 37 39 40 41 42 43 44 46 47 48 49
12 29 30 32 34 35 39 41 43 44 46 48 49
7 32 34 35 39 43 44 47
4 34 42 48 49
2 44 46
14 33 34 35 36 37 38 39 40 41 43 46 47 48 49
3 38 39 41
4 36 38 42 44
10 36 37 38 40 41 42 43 44 45 46
7 37 38 43 44 45 46 49
0
9 39 40 41 42 43 44 46 48 49
9 40 41 42 43 45 46 47 48 49
3 41 45 46
2 46 48
0
0
5 45 46 47 48 49
1 47
0
1 48
0
0

14
4 2 6 7 12
11 2 3 4 5 6 8 9 10 11 12 13
7 4 5 6 7 8 11 13
8 4 5 6 7 8 10 12 13
8 5 7 8 9 10 11 12 13
3 6 8 11
6 7 9 10 11 12 13
3 8 12 13
4 9 10 11 13
4 10 11 12 13
3 11 12 13
1 13
1 13
0

22
7 5 6 7 8 10 12 14
20 2 3 4 5 6 7 8 9 10 11 12 13 14 15 16 17 18 19 20 21
5 5 14 16 17 20
10 5 7 8 11 12 13 15 17 18 21
14 5 6 8 9 10 12 13 14 15 16 18 19 20 21
2 6 11
7 7 9 10 12 14 15 18
8 8 10 11 12 14 16 18 19
12 9 10 11 12 14 15 16 17 18 19 20 21
9 10 11 13 14 15 16 18 19 20
7 11 13 14 15 16 17 21
8 13 14 16 17 18 19 20 21
7 13 14 15 16 18 19 20
2 18 21
0
4 18 19 20 21
3 17 18 20
4 18 19 20 21
0
0
1 21
0

44
32 2 3 5 6 7 8 10 11 12 13 14 15 16 17 18 19 20 22 25 26 27 28 30 31 34 35 36 37 38 40 42 43
38 2 3 5 6 7 8 9 10 12 13 15 16 17 18 19 20 21 22 24 25 26 27 28 29 30 31 32 33 34 35 36 37 38 39 40 41 42 43
27 3 5 6 7 8 9 11 12 14 15 16 17 18 21 23 24 25 27 29 30 33 34 36 37 39 40 43
14 8 9 10 22 25 26 28 31 33 35 36 40 42 43
21 5 7 10 12 14 15 18 19 23 25 28 30 31 32 33 34 36 38 40 42 43
16 7 11 13 16 17 20 22 24 29 33 34 35 36 37 41 42
1 41
35 8 10 11 12 13 14 15 16 17 18 19 20 21 22 23 24 25 26 27 28 29 30 31 32 33 34 35 36 37 38 39 40 41 42 43
34 9 10 11 12 13 14 15 16 17 18 19 20 21 22 23 24 25 26 27 28 30 31 32 33 34 35 36 37 38 39 40 41 42 43
13 10 13 14 16 19 24 25 31 32 33 34 35 41
7 11 18 22 23 24 32 37
21 12 13 14 18 19 20 22 24 25 27 31 32 33 34 36 37 38 39 40 41 42
30 13 14 15 16 17 18 19 20 21 22 23 24 25 27 28 29 30 31 32 33 34 35 36 37 38 39 40 41 42 43
24 14 16 19 21 22 23 25 26 27 28 29 30 31 32 33 34 35 36 37 38 39 40 42 43
2 20 37
2 19 40
5 22 27 36 37 39
25 18 19 20 22 23 24 25 26 27 28 29 30 31 32 33 34 35 36 37 38 39 40 41 42 43
13 19 20 22 26 30 32 34 35 36 37 40 42 43
7 23 27 28 30 31 36 40
20 21 22 23 24 25 26 27 29 30 31 32 33 34 35 36 37 38 39 41 43
4 24 37 39 40
0
19 24 25 26 27 28 29 30 31 32 33 34 35 36 37 38 39 41 42 43
7 30 31 34 35 39 41 42
7 26 27 30 32 33 41 43
14 27 28 29 31 32 34 35 37 38 39 40 41 42 43
5 28 30 31 40 42
10 30 31 32 34 35 37 39 41 42 43
8 30 31 33 34 35 36 37 38
8 31 32 33 34 37 39 41 42
10 32 33 34 35 36 37 39 40 41 42
11 33 34 35 36 37 38 39 40 41 42 43
9 34 35 36 37 38 39 40 41 43
6 36 37 39 40 41 42
2 36 37
1 40
5 38 39 40 41 43
1 39
0
0
2 42 43
0
0

36
34 1 2 3 4 5 6 7 8 9 10 11 12 13 14 15 16 17 18 19 20 21 22 23 24 25 26 27 28 29 30 31 32 33 35
4 8 13 30 34
4 22 25 27 28
31 4 5 6 7 8 9 10 11 12 13 14 15 16 17 18 19 20 22 23 24 25 26 27 28 29 30 31 32 33 34 35
19 5 6 7 9 11 13 14 15 18 19 20 21 22 25 26 27 28 32 34
24 6 7 8 9 10 12 13 15 16 17 18 20 22 24 25 26 27 28 29 30 31 33 34 35
18 7 8 10 12 13 17 18 19 20 22 23 25 26 27 29 31 32 33
12 11 17 18 20 21 26 27 28 30 32 33 34
22 9 10 13 14 15 16 17 19 21 22 23 24 25 26 28 29 30 31 32 33 34 35
1 10
10 11 12 16 21 22 24 27 29 33 35
11 13 15 21 23 27 28 29 30 31 32 34
1 16
20 14 15 16 17 18 19 20 21 22 23 24 25 26 27 28 29 31 32 33 35
12 15 17 18 21 25 27 28 30 31 32 34 35
13 18 19 21 22 23 24 25 26 27 30 31 32 34
19 17 18 19 20 21 22 23 24 25 26 27 28 29 30 31 32 33 34 35
15 18 19 20 22 24 25 26 27 28 29 30 31 32 33 35
8 21 22 24 25 26 28 31 32
2 20 26
11 21 23 24 25 26 27 29 30 33 34 35
3 23 24 35
11 23 25 27 28 29 30 31 32 33 34 35
9 25 27 28 29 30 32 33 34 35
5 27 29 30 33 34
5 27 28 30 31 32
0
7 28 29 30 31 33 34 35
2 33 35
2 33 34
0
4 32 33 34 35
0
2 34 35
1 35
0

19
12 1 2 3 4 6 8 12 13 14 15 17 18
12 3 4 5 6 7 11 12 14 15 16 17 18
16 3 4 5 6 7 8 9 10 11 12 13 14 15 16 17 18
10 4 7 8 9 10 12 13 14 15 16
12 5 6 7 8 9 10 11 12 13 15 16 18
0
8 7 8 10 11 12 13 16 18
10 8 9 10 11 12 13 14 16 17 18
9 9 10 12 13 14 15 16 17 18
7 10 11 12 14 15 17 18
0
1 13
1 16
4 15 16 17 18
3 15 16 17
3 16 17 18
1 18
0
0

28
18 4 5 7 8 11 12 15 16 17 18 19 20 22 23 24 25 26 27
21 2 3 4 5 6 7 8 9 13 14 16 17 19 20 21 22 23 24 25 26 27
17 3 5 6 8 9 10 11 12 14 16 19 21 22 24 25 26 27
6 4 5 6 11 14 21
4 6 8 11 12
11 7 8 9 12 13 14 15 24 25 26 27
10 9 12 14 16 18 19 21 22 23 25
5 8 9 14 18 22
12 9 14 16 17 18 19 20 21 23 24 25 27
5 12 14 22 25 27
17 11 12 13 14 15 16 17 18 19 20 21 22 23 24 25 26 27
15 12 13 14 15 16 17 18 20 21 22 23 24 25 26 27
0
7 16 18 20 21 24 25 27
2 26 27
10 16 17 18 19 20 21 23 25 26 27
6 17 18 21 22 24 26
0
6 20 22 23 24 26 27
5 20 21 22 25 26
3 21 22 25
4 24 25 26 27
0
0
0
0
1 27
0

6
5 1 2 3 4 5
1 5
2 3 5
2 4 5
1 5
0

41
21 1 3 4 5 7 10 12 15 16 17 19 22 25 28 29 32 33 34 36 38 40
29 2 4 5 6 7 9 10 12 14 15 16 17 18 19 20 21 22 23 24 25 26 30 31 32 33 35 36 38 39
8 7 11 19 23 24 32 37 38
10 4 5 13 18 19 21 22 25 27 34
17 8 9 11 12 15 18 19 24 27 28 30 31 35 36 37 39 40
29 6 7 8 9 10 11 12 13 16 18 19 20 21 22 24 25 26 27 28 29 30 31 32 33 34 35 37 39 40
22 7 8 9 10 12 13 14 15 16 17 19 20 22 23 24 25 28 30 33 34 37 38
11 13 15 16 17 19 23 24 26 34 36 40
13 9 10 13 14 18 20 22 27 28 29 32 35 36
16 10 11 15 17 18 19 21 24 26 28 29 30 31 32 34 40
28 11 12 13 14 15 16 17 18 19 20 21 22 23 24 25 26 28 29 30 31 32 33 35 36 37 38 39 40
7 12 13 22 25 26 27 33
3 13 19 21
4 18 21 36 39
15 19 21 22 23 24 25 26 27 28 29 31 33 36 38 39
14 16 20 21 22 24 26 28 30 31 34 35 37 38 40
24 17 18 19 20 21 22 23 24 25 26 27 28 29 30 31 32 33 34 35 36 37 38 39 40
1 39
13 21 22 23 24 25 26 27 29 30 32 34 38 39
9 20 21 23 24 28 32 37 38 39
20 21 22 23 24 25 26 27 28 29 30 31 32 33 34 35 36 37 38 39 40
4 24 25 30 31
11 24 25 26 27 31 32 36 37 38 39 40
16 24 25 26 27 28 29 30 31 32 33 34 35 36 37 38 39
5 27 33 35 39 40
7 26 28 30 31 34 35 38
14 27 28 29 30 31 32 33 34 35 36 37 38 39 40
2 29 32
3 29 34 36
11 30 31 32 33 34 35 36 37 38 39 40
2 32 39
7 33 34 36 37 38 39 40
1 36
7 34 35 36 37 38 39 40
5 35 36 37 38 40
4 36 37 39 40
0
1 40
1 39
1 40
0

36
0
27 2 3 4 5 6 7 8 10 11 12 15 16 17 18 19 21 23 24 25 26 27 28 29 31 33 34 35
17 6 7 8 11 12 13 14 15 16 17 19 20 25 26 27 29 35
18 5 6 8 9 10 13 15 16 17 23 24 27 28 29 30 31 32 34
8 10 16 22 25 29 31 33 34
24 7 9 10 11 12 14 15 17 18 19 20 21 22 23 25 26 27 28 29 30 31 32 33 34
27 7 8 9 11 12 13 14 16 17 18 19 20 21 22 23 24 25 26 27 28 29 30 31 32 33 34 35
26 8 9 10 11 12 13 14 15 16 17 18 20 21 22 23 24 25 26 27 28 29 31 32 33 34 35
10 11 12 17 18 21 22 24 31 32 33
25 10 11 12 13 14 16 17 18 19 20 21 22 23 24 25 26 27 28 29 30 31 32 33 34 35
22 11 12 13 14 15 17 18 19 20 21 22 23 24 26 27 28 29 30 32 33 34 35
5 20 25 27 30 31
7 14 16 19 24 25 28 29
7 16 17 18 22 28 29 30
21 15 16 17 18 19 20 21 22 23 24 25 26 27 28 29 30 31 32 33 34 35
17 16 18 19 20 21 22 23 25 26 27 28 29 30 32 33 34 35
18 17 18 19 20 22 23 24 25 26 27 28 29 30 31 32 33 34 35
18 18 19 20 21 22 23 24 25 26 27 28 29 30 31 32 33 34 35
2 23 30
10 20 21 22 24 25 29 32 33 34 35
1 27
4 25 30 31 35
5 25 28 32 33 35
8 24 25 26 28 29 30 31 35
0
5 28 30 31 32 34
7 29 30 31 32 33 34 35
8 28 29 30 31 32 33 34 35
1 32
1 31
5 31 32 33 34 35
1 33
1 33
1 34
1 35
0

10
6 1 4 5 6 7 9
7 3 4 5 6 7 8 9
0
3 4 7 9
0
1 8
1 8
2 8 9
1 9
0

19
15 1 3 4 6 8 9 10 11 12 13 14 15 16 17 18
15 2 3 4 5 6 7 8 9 10 11 12 13 14 15 16
16 3 4 5 6 7 8 9 10 11 12 13 14 15 16 17 18
9 5 7 10 11 13 14 15 16 18
9 5 6 8 9 11 13 14 15 17
4 10 11 13 14
1 16
7 8 9 10 14 16 17 18
5 11 12 15 16 18
0
4 11 15 16 18
2 13 18
4 14 16 17 18
5 14 15 16 17 18
4 15 16 17 18
1 16
1 17
1 18
0

18
16 2 3 4 5 6 7 8 9 10 11 12 13 14 15 16 17
13 3 4 5 6 8 9 11 12 13 14 15 16 17
14 3 4 5 7 8 9 10 11 12 13 14 15 16 17
10 5 7 8 10 11 13 14 15 16 17
11 5 7 8 9 10 11 13 14 15 16 17
7 7 8 9 11 12 13 15
10 7 8 9 10 12 13 14 15 16 17
7 8 9 10 12 14 16 17
9 9 10 11 12 13 14 15 16 17
2 15 16
1 13
5 12 13 15 16 17
1 16
3 15 16 17
2 16 17
0
1 17
0

26
4 9 14 16 18
11 3 4 6 10 11 12 13 14 15 16 17
19 3 4 5 6 7 8 9 10 12 13 14 15 17 19 20 22 23 24 25
7 10 12 13 15 16 23 25
16 5 6 7 9 10 11 12 13 14 15 16 18 19 20 24 25
10 6 7 8 12 14 15 16 17 24 25
3 17 18 21
0
15 9 11 12 13 14 15 16 17 18 19 21 22 23 24 25
11 11 12 14 15 17 18 19 20 22 23 25
4 14 17 20 23
11 12 13 14 17 18 19 20 22 23 24 25
2 16 24
1 21
6 15 20 21 22 24 25
9 16 17 18 19 21 22 23 24 25
3 18 23 25
7 19 20 21 22 23 24 25
0
2 20 22
1 25
4 22 23 24 25
0
0
1 25
0

19
6 3 6 8 9 17 18
2 9 15
16 3 4 5 6 7 8 9 10 11 12 13 14 15 16 17 18
15 4 5 6 7 8 9 10 11 12 13 14 15 16 17 18
9 5 7 9 10 11 12 13 16 17
8 6 8 9 10 12 13 15 17
11 7 8 9 10 11 13 14 15 16 17 18
1 17
5 9 12 15 17 18
2 11 13
0
3 12 15 18
1 15
3 14 17 18
3 16 17 18
2 17 18
0
1 18
0

11
6 1 3 4 6 8 9
6 2 3 4 5 9 10
0
2 7 10
6 5 6 7 8 9 10
2 9 10
3 7 8 10
3 8 9 10
2 9 10
0
0

39
6 6 24 28 30 35 36
31 2 3 4 5 7 8 9 10 12 13 14 15 16 18 19 20 21 23 24 25 26 27 28 29 30 31 32 33 35 36 38
5 6 12 25 27 29
25 5 7 9 10 11 12 13 15 16 17 18 19 20 21 22 23 24 25 26 28 29 30 31 33 37
2 9 31
25 6 8 9 11 12 14 15 16 17 18 19 21 22 23 27 28 29 30 31 33 34 35 36 37 38
12 7 9 10 18 23 25 26 28 29 30 36 37
20 8 9 10 11 12 13 14 15 17 18 19 20 21 22 23 28 32 33 34 35
3 15 17 31
9 12 15 16 17 21 22 23 32 38
18 11 13 14 15 18 19 20 22 23 25 26 27 28 30 31 32 33 36
6 18 24 26 31 33 35
18 13 15 17 18 20 21 22 24 27 28 30 31 33 34 35 36 37 38
17 14 16 18 19 20 21 22 23 26 27 28 31 33 34 35 36 37
0
10 17 23 26 29 30 31 32 36 37 38
17 18 19 20 21 22 23 24 27 28 30 31 32 33 34 35 36 37
17 18 19 20 21 22 23 26 27 29 30 31 33 34 35 36 37 38
12 19 21 22 24 25 27 28 30 31 32 33 35
6 22 23 24 25 31 33
7 22 25 27 30 31 32 34
17 22 23 24 25 26 27 28 29 30 31 32 33 34 35 36 37 38
4 26 27 29 36
3 30 31 35
1 32
10 26 27 28 31 32 33 35 36 37 38
8 27 28 30 31 32 35 36 38
3 29 33 34
6 30 31 32 35 36 37
0
2 31 38
6 32 33 35 36 37 38
3 34 35 37
2 35 37
2 35 38
2 36 37
2 37 38
1 38
0

8
5 1 2 3 5 7
1 6
5 3 4 5 6 7
0
2 6 7
1 7
1 7
0

35
0
29 2 3 4 5 6 7 8 9 11 12 14 15 16 17 18 19 21 22 23 24 25 26 27 29 30 31 32 33 34
5 4 10 20 23 28
10 5 9 10 19 20 24 25 26 28 30
14 5 6 10 12 13 14 17 19 20 21 23 26 27 32
22 7 8 9 10 11 12 13 15 16 17 18 19 21 22 25 26 27 28 29 31 33 34
11 7 9 16 17 19 20 22 24 27 31 34
21 8 11 12 13 14 16 17 18 19 21 22 24 25 26 27 28 29 31 32 33 34
24 9 10 11 12 13 14 15 16 17 18 19 20 21 22 23 24 27 28 29 30 31 32 33 34
8 10 12 14 16 19 26 31 33
0
22 12 13 14 15 16 17 18 19 20 21 22 23 24 25 26 27 28 29 30 32 33 34
10 13 16 18 22 26 28 30 32 33 34
16 14 15 16 17 18 19 20 21 22 24 25 29 30 31 32 33
17 16 17 18 19 20 21 22 23 24 26 27 28 29 30 31 32 34
6 16 17 18 22 27 28
12 17 20 22 23 25 26 27 28 30 31 33 34
9 18 19 22 24 26 27 29 32 33
13 20 22 23 24 25 26 28 29 30 31 32 33 34
15 20 21 22 23 24 25 26 27 28 29 30 31 32 33 34
7 21 22 23 24 28 30 34
0
11 24 25 26 27 28 29 30 31 32 33 34
11 24 25 26 27 28 29 30 31 32 33 34
10 25 26 27 28 29 30 31 32 33 34
3 29 30 32
3 28 29 32
3 32 33 34
3 29 32 34
5 30 31 32 33 34
4 31 32 33 34
3 32 33 34
0
1 34
0

4
3 1 2 3
0
1 3
0

43
22 3 5 6 7 10 11 12 13 15 19 20 21 23 25 30 31 33 34 36 37 39 41
5 2 13 15 25 32
26 4 5 10 13 15 16 17 19 21 23 24 26 27 28 29 30 32 33 35 36 37 38 39 40 41 42
26 5 6 7 10 13 14 17 18 20 21 22 24 25 26 28 29 30 31 32 33 34 35 37 39 41 42
36 5 6 7 8 9 10 11 12 13 14 15 17 18 19 21 22 23 24 25 26 27 28 29 30 31 32 33 34 35 36 37 38 39 40 41 42
37 6 7 8 9 10 11 12 13 14 15 16 17 18 19 20 21 22 23 24 25 26 27 28 29 30 31 32 33 34 35 36 37 38 39 40 41 42
10 9 11 12 14 18 24 35 37 39 40
28 8 10 11 12 13 14 15 16 18 19 21 22 23 24 25 26 27 28 29 30 31 32 33 34 35 37 38 41
22 9 10 12 13 14 16 18 23 24 26 27 28 30 32 34 35 36 37 38 40 41 42
19 14 15 18 21 22 23 26 27 28 29 30 31 34 35 38 39 40 41 42
26 11 12 13 14 15 16 17 18 19 20 22 23 25 27 29 30 31 32 33 34 35 36 37 40 41 42
18 12 13 14 16 17 18 20 22 23 26 28 30 31 34 35 37 38 41
0
4 26 28 31 39
18 16 17 18 24 25 26 28 29 31 32 33 34 35 36 38 39 41 42
12 16 19 20 21 23 24 29 30 33 34 39 42
22 17 18 19 20 21 22 23 24 25 26 27 28 29 30 33 34 35 36 37 39 41 42
6 19 23 27 31 39 41
15 20 22 23 25 27 28 29 30 31 34 35 36 39 40 42
18 20 22 23 24 25 26 27 28 29 30 31 33 35 37 38 40 41 42
14 22 25 27 29 30 32 34 35 36 37 39 40 41 42
1 22
17 23 24 25 26 27 28 29 30 31 32 34 35 36 37 38 39 41
9 27 29 30 32 33 37 39 40 41
10 25 26 27 28 30 31 32 33 34 40
16 26 27 28 29 30 31 32 33 34 35 36 38 39 40 41 42
1 33
12 29 30 32 33 34 35 36 37 39 40 41 42
1 34
10 30 31 32 33 35 37 39 40 41 42
5 33 34 36 37 41
2 36 40
3 33 39 41
0
0
6 37 38 39 40 41 42
4 38 39 40 42
2 38 41
1 41
0
1 41
1 42
0

33
24 1 2 4 6 7 8 9 11 12 13 14 17 19 20 21 24 25 26 27 28 29 30 31 32
21 2 3 4 5 6 7 9 10 12 13 15 16 19 20 21 23 26 27 29 31 32
27 4 5 6 7 9 10 11 12 13 14 15 16 17 18 19 20 21 22 23 24 25 26 27 29 30 31 32
28 4 5 6 7 8 9 10 11 12 13 14 15 16 17 19 20 21 22 23 24 25 26 27 28 29 30 31 32
1 31
19 7 8 9 12 13 14 15 16 17 18 19 20 21 23 27 28 30 31 32
3 11 17 25
19 9 10 11 12 14 17 18 19 20 21 22 24 25 27 28 29 30 31 32
5 11 13 14 23 32
9 13 17 20 22 23 24 30 31 32
7 11 15 18 22 24 25 27
14 13 14 16 17 18 19 20 21 22 23 24 25 26 30
6 18 23 24 29 30 31
17 14 15 17 19 20 21 22 23 24 25 26 27 28 29 30 31 32
14 15 16 18 19 21 22 24 26 27 28 29 30 31 32
16 17 18 19 20 21 22 23 24 25 26 27 28 29 30 31 32
8 17 18 19 21 24 25 27 31
14 18 20 21 22 23 24 25 26 27 28 29 30 31 32
9 19 21 22 26 27 29 30 31 32
8 20 23 24 25 29 30 31 32
10 21 22 23 24 26 27 29 30 31 32
0
0
2 25 28
1 31
7 26 27 28 29 30 31 32
0
1 30
1 31
1 30
2 31 32
0
0

47
28 2 4 5 7 9 13 14 15 16 17 18 19 20 21 22 23 24 25 26 28 30 31 32 33 35 36 39 41
4 18 20 28 29
31 3 4 6 7 9 10 12 13 14 15 16 17 18 19 20 23 25 28 29 30 34 35 36 37 38 39 41 42 44 45 46
35 4 5 6 8 11 12 13 14 15 16 17 18 19 20 22 23 25 26 27 28 29 31 32 33 34 35 37 38 39 40 42 43 44 45 46
35 5 6 8 10 11 12 13 15 16 17 18 20 22 23 24 25 26 27 28 29 30 31 32 33 34 35 36 37 38 39 41 43 44 45 46
25 6 7 8 10 11 15 16 17 19 20 21 26 28 29 31 32 33 34 35 36 37 40 41 43 44
19 10 13 14 17 19 20 24 26 28 32 33 35 39 40 42 43 44 45 46
36 8 9 10 11 12 13 14 15 16 17 18 19 20 21 22 23 24 25 26 29 30 31 32 34 35 36 37 38 39 40 41 42 43 44 45 46
21 9 10 11 13 14 19 21 23 25 26 27 28 30 31 32 34 35 36 41 44 45
29 10 11 13 14 15 16 18 19 20 23 24 25 26 28 29 30 31 32 33 34 38 39 40 41 42 43 44 45 46
13 11 13 14 17 20 30 31 32 33 36 40 42 46
5 17 20 33 34 37
30 13 14 15 16 17 18 19 21 22 23 24 25 26 27 28 29 31 32 33 34 35 36 37 38 40 41 42 43 44 46
29 14 15 16 17 18 19 20 21 22 23 26 28 29 30 31 32 33 34 35 36 37 38 40 41 42 43 44 45 46
12 15 16 17 22 23 24 33 34 37 41 44 46
7 24 29 31 37 38 40 46
18 17 18 19 20 21 23 24 28 30 31 32 34 37 38 41 42 43 45
11 19 22 23 28 29 31 33 34 37 38 39
25 20 21 22 23 24 25 26 27 28 29 30 31 32 33 34 35 36 37 39 41 42 43 44 45 46
8 21 22 26 32 35 41 42 43
3 25 27 32
1 30
19 23 25 26 28 29 31 32 33 35 36 37 38 39 40 41 42 43 44 45
7 27 33 35 38 39 42 46
6 25 33 35 36 43 45
10 28 30 32 34 36 39 40 42 44 45
7 27 29 30 32 38 39 41
6 36 37 39 41 44 46
15 29 30 31 32 33 34 35 36 38 39 40 41 42 44 46
14 32 33 34 35 36 37 39 40 41 42 43 44 45 46
2 32 44
8 33 34 36 37 38 42 44 46
1 35
4 34 42 43 44
11 35 36 37 38 39 40 41 42 43 44 45
8 36 37 38 39 40 42 43 44
1 42
2 39 44
2 43 44
3 40 41 43
3 42 43 44
0
3 43 44 46
2 45 46
2 45 46
1 46
0

88
0
84 2 3 4 5 6 7 8 10 11 12 13 14 15 16 17 18 19 20 21 22 23 24 25 26 27 28 29 30 31 32 33 34 35 36 37 38 39 40 41 42 43 44 45 46 47 48 49 50 52 53 54 55 56 57 58 59 60 61 62 63 64 65 66 67 68 69 70 71 72 73 74 75 76 77 78 79 80 81 82 83 84 85 86 87
78 3 5 6 7 8 9 10 13 14 15 16 17 18 19 20 21 22 23 24 25 26 27 28 29 30 31 32 33 34 35 36 37 38 39 40 41 42 43 44 45 46 47 48 49 50 51 52 54 55 56 57 58 59 60 61 62 63 64 65 66 67 68 69 71 72 73 74 75 76 77 78 79 81 82 83 84 85 86
57 4 6 7 8 9 10 15 16 17 19 20 22 23 24 27 28 30 31 32 33 35 37 39 40 41 42 44 45 46 47 48 49 50 51 52 54 56 61 62 63 65 66 68 69 70 71 72 73 74 76 77 78 80 82 83 85 86
39 5 7 9 10 14 15 16 17 18 21 22 26 27 31 32 33 36 38 41 42 44 45 47 50 51 56 57 60 62 65 68 69 73 76 78 80 82 84 85
45 7 9 11 13 15 17 19 20 21 24 26 28 29 30 31 32 36 37 40 41 42 44 45 46 50 55 57 58 61 62 65 66 67 68 70 71 74 76 78 79 80 81 83 84 87
23 7 9 11 15 17 20 23 26 27 29 30 32 37 41 46 51 56 62 63 72 76 77 80
28 8 10 15 19 20 22 26 32 33 41 46 51 53 54 55 59 62 64 67 73 75 80 82 83 84 85 86 87
45 10 12 13 15 16 18 20 21 22 24 26 29 30 31 33 37 38 39 40 41 42 43 44 45 49 50 54 55 57 58 64 65 66 67 68 71 72 75 77 78 79 81 82 83 85
9 11 26 36 43 57 60 77 81 84
47 11 16 17 19 20 21 23 24 25 27 28 29 30 31 32 33 34 36 38 41 42 43 47 48 50 52 53 54 56 59 60 63 65 66 68 69 70 73 74 76 77 82 83 84 85 86 87
75 12 13 14 15 17 18 19 20 21 22 23 24 25 26 27 28 29 30 31 32 33 34 35 36 37 38 39 40 41 42 43 44 45 46 47 48 49 50 51 52 53 54 55 56 57 58 59 60 61 62 63 64 65 66 67 68 69 70 71 72 73 74 75 76 77 78 79 80 81 82 83 84 85 86 87
39 13 14 15 16 17 18 20 21 22 25 26 27 30 32 37 38 40 41 45 47 50 51 52 53 57 61 62 64 65 66 67 68 69 74 75 77 78 80 82
43 14 15 16 17 18 19 20 24 27 28 30 31 32 33 35 40 46 48 51 52 53 54 56 57 58 59 61 63 64 66 67 68 69 70 72 74 75 77 78 79 82 84 87
37 16 17 18 19 22 24 28 30 31 34 35 37 38 40 41 45 50 52 54 56 57 58 59 60 62 64 65 68 69 70 72 74 75 76 78 81 86
31 16 18 23 30 31 33 34 35 38 39 41 42 43 44 45 46 47 51 52 54 59 60 62 63 64 71 72 73 83 85 86
23 19 20 26 27 29 30 31 33 36 40 41 47 54 55 57 61 63 68 73 76 77 78 87
3 59 64 81
43 19 20 22 25 27 29 30 31 33 35 36 38 41 44 46 47 51 54 55 56 57 58 61 62 63 64 66 68 70 71 72 74 75 76 77 79 80 81 82 84 85 86 87
6 35 41 43 46 57 61
43 21 23 25 27 28 30 31 35 37 38 40 41 42 43 46 48 49 50 53 54 55 56 57 62 63 64 65 66 67 68 72 73 74 75 76 77 79 81 82 83 84 86 87
26 22 23 24 25 26 28 29 30 31 35 37 40 41 45 46 47 54 55 59 60 68 73 75 81 84 87
16 24 39 47 50 51 52 55 56 64 68 69 72 76 79 80 87
24 27 29 31 32 35 38 39 40 41 44 45 48 50 51 54 55 60 64 68 69 70 73 78 79
37 27 28 31 33 35 36 37 38 44 45 46 48 50 51 52 53 55 57 58 60 61 62 65 68 70 71 72 73 74 75 76 81 83 84 85 86 87
52 26 27 28 29 30 31 32 33 34 36 37 38 39 40 41 42 43 45 46 47 49 50 51 52 54 55 56 57 58 59 60 61 62 63 64 65 66 67 68 70 72 73 74 75 77 78 79 82 83 84 85 87
37 29 30 31 34 35 36 37 38 43 46 48 49 52 53 55 61 62 63 64 65 67 68 69 71 72 73 75 76 77 79 80 81 83 84 85 86 87
50 29 30 31 33 34 35 36 37 38 39 40 42 43 44 45 46 47 48 49 50 51 52 53 54 55 56 57 58 59 60 61 62 64 65 66 67 69 70 71 72 73 74 75 76 78 80 81 82 83 86
32 31 34 36 37 39 40 41 43 44 45 46 47 48 49 53 54 55 59 60 61 62 66 68 69 70 71 72 74 75 79 86 87
24 31 36 37 39 43 44 45 46 50 51 54 70 71 73 74 75 77 80 81 83 84 85 86 87
50 31 33 34 35 36 37 39 40 42 44 45 46 47 48 49 51 52 53 54 55 57 58 59 60 61 62 63 64 65 66 67 68 69 70 71 72 73 74 76 77 78 79 80 81 82 83 84 85 86 87
3 37 74 84
29 33 35 36 37 40 41 42 44 45 46 50 52 53 57 61 65 67 68 72 73 74 75 76 78 79 81 82 86 87
39 34 36 37 39 40 41 43 44 45 46 48 50 54 55 57 58 59 61 62 63 65 66 67 68 69 71 72 73 75 76 77 78 81 82 83 84 85 86 87
23 35 36 40 41 43 44 47 49 50 55 56 60 63 66 69 70 71 73 74 75 77 80 81
28 36 40 43 45 48 49 51 54 55 56 57 60 61 63 65 67 69 71 72 73 74 76 78 81 83 84 85 86
36 38 39 40 41 42 44 45 46 48 49 50 51 52 53 54 55 57 58 60 61 63 64 66 67 68 70 72 73 74 79 80 81 83 84 85 86
45 38 39 40 41 42 43 44 45 46 47 49 50 51 52 53 54 55 56 57 59 61 62 63 64 65 66 67 68 69 70 71 72 73 74 75 76 77 79 80 81 83 84 85 86 87
35 41 42 43 44 45 47 50 51 52 53 54 55 56 57 58 59 60 61 62 64 65 66 68 69 71 72 73 74 75 76 77 80 81 82 87
24 40 44 45 46 47 48 52 57 58 61 62 65 66 67 70 71 72 73 75 76 78 79 80 82
45 41 42 43 44 45 46 47 48 49 50 51 52 53 54 55 57 58 59 60 61 62 63 64 65 66 67 68 69 70 71 72 74 75 76 77 78 79 80 81 82 83 84 85 86 87
6 55 75 78 79 84 87
10 44 46 51 55 64 73 78 80 83 84
3 64 68 87
7 46 56 63 66 70 73 80
35 46 47 48 49 50 52 53 54 55 56 57 58 59 60 61 62 64 65 67 68 69 72 73 74 75 76 77 79 80 81 82 83 84 85 86
27 47 48 49 51 53 54 55 57 59 60 61 62 63 65 67 68 70 72 73 76 77 79 80 81 82 83 84
0
1 55
5 52 58 69 71 86
34 51 52 53 54 55 56 57 58 59 60 61 62 64 65 66 67 68 69 70 71 72 73 74 75 76 77 78 79 80 81 83 84 85 87
14 52 53 55 56 57 63 66 68 70 76 77 78 82 87
30 53 54 55 56 57 58 59 60 61 62 64 65 66 67 68 69 72 73 74 76 77 78 79 80 82 83 84 85 86 87
26 54 55 56 58 60 62 63 64 65 66 67 68 69 70 71 72 73 74 75 77 78 79 81 82 84 85
12 55 58 62 63 64 65 68 71 75 78 81 83
16 56 58 59 60 63 64 65 71 75 76 77 79 84 85 86 87
9 60 61 62 65 66 68 75 82 87
24 58 59 60 61 62 64 65 67 68 69 70 71 73 74 77 78 79 80 82 83 84 85 86 87
11 63 64 68 70 72 74 76 77 78 81 86
2 65 78
1 75
3 64 67 68
11 67 68 70 75 76 77 80 82 84 86 87
3 66 71 84
5 65 74 79 80 86
8 69 70 72 80 81 84 85 87
11 67 69 72 73 76 77 78 79 80 82 83
11 68 71 73 74 75 80 82 83 84 86 87
0
5 73 77 78 80 83
16 71 72 73 74 76 77 78 79 80 81 82 83 84 85 86 87
4 74 77 80 84
9 73 74 75 78 79 80 83 84 85
9 75 76 77 79 80 81 82 86 87
5 77 82 83 85 86
9 77 78 79 82 83 84 85 86 87
1 84
1 82
4 79 82 83 84
6 80 81 82 83 86 87
2 81 82
4 83 85 86 87
2 84 87
2 85 87
0
0
1 87
0
