386
11
9 48
12 44
12 47
19 20
14 24
15 26
8 20
14 41
12 38
2 19
8 59

384
9
6 39
5 19
4 59
17 45
6 55
4 52
6 28
8 31
4 56

358
8
14 57
4 35
5 60
3 47
9 55
2 32
5 48
2 24

362
9
2 33
6 33
5 54
1 23
3 56
3 54
2 29
5 25
13 55

245
8
7 17
5 52
6 42
19 11
9 15
10 34
6 49
18 25

349
7
1 60
2 30
13 53
12 57
3 53
4 40
13 56

275
8
11 53
6 29
3 13
9 34
2 14
10 38
4 43
2 51

79
2
1 35
3 44

398
11
11 46
1 45
3 19
3 2
7 9
11 58
2 29
14 38
2 51
13 57
16 44

193
4
5 35
12 52
1 51
2 55

389
9
1 43
10 57
12 46
2 51
9 48
13 51
8 52
1 4
4 37

742
19
6 2
7 59
13 38
13 34
18 32
2 54
18 46
13 56
19 59
7 13
17 54
5 41
5 52
3 50
20 3
9 44
18 19
2 48
1 38

716
23
12 19
13 47
4 19
14 52
18 58
17 8
10 29
16 6
13 44
8 39
17 38
15 43
4 51
20 21
10 6
16 46
17 43
13 2
5 44
20 7
3 46
15 42
10 6

325
8
6 56
6 39
12 60
5 23
2 56
1 9
5 25
3 57

109
3
1 10
4 57
1 42

215
5
9 59
16 39
13 46
7 18
20 53

371
8
8 46
8 41
13 53
11 59
7 36
5 37
1 60
8 39

286
7
19 44
10 46
12 30
13 45
19 45
5 40
3 36

343
9
8 39
2 40
2 26
5 50
3 19
4 22
7 58
7 53
7 36

218
6
15 29
19 54
18 24
2 38
10 42
11 31

385
12
10 54
1 39
4 53
12 54
16 2
14 8
15 32
9 56
18 12
2 16
6 49
14 10

251
8
12 42
8 18
8 16
19 47
7 9
19 51
3 9
1 59

178
4
10 55
3 32
3 57
2 34

230
5
7 42
2 47
13 57
3 43
8 41

203
5
4 13
2 58
8 28
5 45
14 59

310
9
13 56
1 13
6 50
4 8
11 51
6 19
1 21
16 60
4 32

283
7
2 25
13 55
10 49
6 51
6 46
3 17
8 40

127
4
4 58
11 59
1 7
6 3

130
3
12 59
5 35
11 36

54
2
5 15
1 39

40
2
15 26
3 14

424
10
14 45
10 50
8 53
5 30
7 49
1 44
4 54
12 32
20 35
17 32

213
5
6 18
8 52
4 55
12 35
17 53

194
5
3 46
1 41
1 45
4 35
1 27

218
5
8 43
18 37
5 50
2 42
10 46

142
4
5 41
6 35
2 27
3 39

469
10
12 35
10 60
7 43
1 43
1 40
2 60
6 30
4 43
13 57
20 58

197
4
2 46
3 49
8 45
7 57

364
9
6 59
14 47
5 24
3 13
8 21
6 44
12 59
9 48
16 49

46
1
15 46

294
7
3 50
14 56
7 41
9 43
4 43
2 60
6 1

205
7
2 24
1 1
8 51
2 16
2 14
11 60
4 39

118
4
3 45
4 49
5 11
10 13

185
5
18 25
6 14
13 48
18 47
11 51

358
9
3 12
1 10
8 57
6 52
8 43
6 55
2 56
4 40
1 33

209
5
9 35
8 53
18 57
4 13
3 51

172
7
4 14
10 37
7 27
12 25
16 24
14 20
6 25

42
1
7 42

199
4
1 59
3 38
12 60
1 42

54
1
12 54

256
6
10 38
14 52
4 30
8 39
12 59
1 38

848
27
2 48
10 4
7 24
8 29
19 18
3 58
2 27
3 54
7 20
13 11
11 59
10 52
5 8
12 21
12 15
1 47
1 24
8 30
1 19
20 53
9 25
10 17
20 54
11 34
9 32
2 17
10 48

335
7
1 39
4 36
2 38
2 53
7 54
4 59
1 56

239
8
3 60
5 45
13 12
10 34
3 14
13 16
7 9
13 49

351
9
13 48
16 51
4 37
9 37
2 14
4 25
18 46
1 34
5 59

212
6
12 10
3 31
4 20
8 51
20 55
4 45

290
6
5 59
9 50
4 56
15 57
6 37
8 31

85
2
1 32
2 53

405
10
10 35
2 32
3 32
2 40
14 55
15 51
3 40
11 59
1 33
1 28

140
6
5 24
7 2
4 38
2 26
2 31
10 19

526
12
11 50
4 55
4 55
4 30
9 35
2 21
9 48
7 30
16 60
4 41
13 59
2 42

352
9
5 47
6 1
12 41
11 59
14 56
17 54
2 37
4 18
16 39

56
1
15 56

277
9
2 23
3 9
1 6
1 4
13 48
1 58
7 29
2 41
2 59

183
5
4 53
3 22
1 36
6 53
5 19

402
10
1 8
4 48
3 54
10 46
5 26
1 26
5 56
1 42
13 40
4 56

206
4
1 32
4 57
5 60
10 57

60
1
8 60

450
13
9 30
5 18
17 53
18 41
11 33
14 24
5 16
10 24
10 23
12 46
1 58
17 60
12 24

330
9
12 46
15 50
2 39
14 42
10 15
6 39
3 28
2 16
1 55

101
3
4 28
4 32
4 41

142
3
3 56
4 56
3 30

78
3
17 30
11 46
6 2

0
0

135
4
7 34
4 31
5 33
4 37

600
15
4 52
1 39
3 54
1 51
10 34
7 47
3 27
1 26
5 39
3 58
2 6
17 58
4 52
3 26
10 31

444
9
1 58
7 57
9 42
12 54
9 43
6 39
5 48
4 50
10 53

300
7
3 42
5 46
1 48
7 43
3 50
7 32
3 39

146
6
19 1
17 34
3 45
7 12
8 12
7 42

59
1
2 59

121
4
10 33
15 44
5 22
8 22

306
9
2 43
2 46
11 19
4 24
20 48
14 39
12 33
16 25
14 29

73
2
3 15
12 58

535
13
16 52
5 41
3 29
1 28
5 50
10 51
4 29
6 8
12 57
8 47
4 47
20 59
7 37

115
2
17 57
13 58

398
8
4 39
2 58
3 54
1 53
1 45
5 41
4 57
5 51

111
3
1 17
2 42
3 52

55
3
5 25
6 24
1 6

451
11
10 49
5 33
4 21
8 51
9 55
1 58
1 46
2 25
2 19
16 45
10 49

78
2
18 55
8 23

158
3
1 57
2 48
1 53

358
8
1 29
6 50
10 56
13 46
7 45
2 22
12 52
4 58

216
8
2 29
4 4
16 17
12 45
14 18
10 59
4 27
4 17

558
16
9 14
17 30
15 31
3 45
1 3
5 29
3 54
5 48
6 32
18 22
2 15
1 53
17 59
14 48
15 30
15 45

489
13
2 18
14 47
18 26
14 48
2 11
5 60
5 31
17 43
7 52
19 16
3 44
17 42
1 51

286
6
5 37
3 35
10 49
12 52
1 57
18 56

380
10
2 1
10 45
1 27
8 60
1 35
2 57
1 39
5 27
6 32
3 57

387
11
10 35
6 32
3 49
3 25
4 37
7 27
11 60
10 47
2 30
4 7
16 38

381
9
10 42
4 19
2 24
1 47
6 48
5 46
6 36
2 60
17 59

55
1
5 55

277
11
3 1
18 42
17 27
18 45
8 13
5 25
19 3
17 35
9 32
4 9
4 45

580
14
1 10
9 56
8 60
7 27
2 35
19 45
16 24
6 34
4 42
10 39
3 56
18 60
10 37
6 55

300
7
11 37
11 54
14 55
6 27
9 56
2 13
15 58

86
2
5 56
1 30

378
10
12 32
1 29
10 32
11 33
12 42
9 45
2 27
9 33
15 50
9 55

170
3
4 60
4 59
1 51

60
1
1 60

346
7
7 57
2 50
4 52
14 58
1 51
3 37
3 41

288
8
10 50
14 16
12 58
5 20
6 54
5 24
1 56
17 10

111
4
1 21
19 50
1 1
8 39

196
6
7 28
5 19
4 31
8 48
3 34
12 36

169
4
3 52
1 27
5 53
2 37

182
4
2 41
7 44
1 37
3 60

360
9
5 56
3 47
1 9
3 36
2 47
2 53
4 42
1 34
1 36

656
15
4 56
9 49
16 45
2 27
11 44
9 26
15 33
4 43
12 56
8 38
9 44
9 60
8 47
2 47
1 41

494
14
16 45
4 23
12 11
19 31
7 28
13 54
17 33
16 46
20 41
2 56
1 7
9 47
3 22
13 50

211
8
4 26
14 43
4 23
12 31
1 10
3 18
19 56
1 4

689
18
6 52
2 4
5 47
19 54
14 34
1 39
1 35
1 45
15 47
6 52
15 50
15 39
2 19
3 14
13 58
5 29
2 48
1 23

154
4
9 57
8 38
4 39
4 20

481
11
7 59
5 29
12 46
7 44
1 49
3 28
11 39
7 57
8 42
11 59
5 29

158
4
5 42
8 28
20 34
16 54

73
4
20 35
16 11
12 4
15 23

314
8
4 50
6 50
2 28
10 41
17 30
13 52
12 56
3 7

185
7
3 60
3 32
10 7
12 42
15 7
11 7
12 30

305
8
4 57
2 7
5 43
1 44
7 38
3 29
2 37
6 50

219
7
8 45
6 8
13 54
2 57
18 23
9 21
4 11

40
2
18 7
5 33

252
7
12 46
18 37
2 34
11 11
1 48
3 47
9 29

482
10
6 58
4 59
3 43
6 48
3 40
1 40
9 38
13 54
8 54
4 48

48
1
18 48

553
14
5 56
13 55
2 51
19 58
4 10
3 37
18 23
1 45
19 36
3 8
12 30
19 51
14 46
4 47

355
14
14 27
3 54
4 25
15 15
11 26
4 26
9 39
5 29
17 10
11 11
16 47
11 15
15 9
12 22

171
5
3 28
3 14
7 52
3 37
5 40

299
8
6 24
1 44
3 30
9 41
13 43
1 50
1 31
6 36

305
7
7 41
13 50
4 59
4 10
7 32
18 56
14 57

251
7
12 35
2 45
3 13
3 60
13 34
8 38
7 26

525
18
6 48
13 17
10 60
1 2
7 30
12 20
13 19
10 23
17 28
18 41
2 27
6 11
5 39
12 19
18 30
14 19
14 35
2 57

136
5
14 43
12 42
4 7
19 43
7 1

366
9
2 35
19 51
3 31
1 54
3 55
9 26
9 41
9 49
9 24

376
13
11 51
20 12
7 12
20 17
9 40
3 51
19 16
2 12
2 23
4 59
7 14
19 38
13 31

126
4
19 49
3 38
7 10
6 29

112
3
6 14
3 49
14 49

377
9
11 55
19 56
20 59
1 13
7 34
19 46
19 29
11 58
14 27

496
13
3 23
7 50
7 48
13 39
11 25
2 50
2 35
4 57
5 6
1 54
4 28
9 32
6 49

401
11
17 16
1 12
10 31
12 46
19 25
10 57
6 24
3 44
5 57
20 45
1 44

308
9
4 10
14 46
5 39
1 45
9 38
3 31
7 33
11 50
3 16

307
7
17 50
12 49
5 57
3 25
11 49
2 19
17 58

85
2
7 39
2 46

50
1
2 50

188
5
11 36
2 58
3 52
1 8
14 34

132
4
20 16
17 56
18 11
10 49

274
7
3 15
8 26
16 23
13 57
14 57
5 49
2 47

212
5
1 12
2 55
2 51
2 42
6 52

469
11
3 41
2 33
2 35
8 59
18 42
13 38
20 59
14 46
8 44
4 41
2 31

454
12
20 56
1 13
3 12
6 26
7 48
2 14
10 44
10 45
5 47
12 48
4 53
14 48

247
7
2 13
8 25
6 51
14 49
8 47
15 42
6 20

74
2
1 27
4 47

205
5
1 54
1 35
2 43
2 60
1 13

44
1
1 44

59
2
20 30
14 29

213
4
1 60
1 54
1 50
2 49

276
9
13 27
19 8
10 54
18 17
18 53
4 5
15 57
1 46
6 9

44
3
3 20
11 5
16 19

54
1
1 54

104
2
12 60
3 44

617
15
11 35
13 58
7 21
3 44
4 58
2 58
7 54
8 50
2 18
9 46
5 54
2 38
1 14
1 27
8 42

134
3
3 22
13 54
12 58

616
16
20 51
1 33
10 51
8 23
20 54
12 28
8 21
2 3
10 42
9 34
4 49
16 60
9 57
14 43
10 34
10 33

81
2
6 29
7 52

377
9
11 54
10 25
3 11
14 46
17 53
12 51
1 58
3 20
3 59

605
14
7 47
10 34
1 38
5 60
12 57
7 27
17 57
8 55
7 39
12 40
5 26
7 48
1 23
4 54

244
5
1 44
20 50
11 54
6 59
11 37

52
2
1 28
3 24

60
1
6 60

357
10
3 49
13 41
5 36
5 30
5 26
2 15
3 20
10 60
2 27
15 53

285
8
3 39
11 45
6 43
2 55
3 57
1 6
10 19
2 21

692
27
7 13
1 2
8 35
1 10
14 18
7 49
6 33
14 9
6 4
2 11
20 37
12 35
6 10
20 51
14 38
14 38
3 48
20 38
11 20
18 27
2 29
13 38
4 5
14 11
10 19
10 49
11 15

52
2
19 24
6 28

731
25
12 55
16 56
13 29
1 43
18 21
1 41
15 43
11 26
15 27
12 5
17 55
20 46
18 32
3 5
10 6
8 11
17 27
13 8
14 36
10 37
12 25
16 6
11 25
12 57
4 9

42
1
19 42

387
9
3 41
3 40
4 19
1 55
1 39
2 59
1 48
1 29
8 57

79
2
2 35
2 44

252
5
7 54
1 33
3 50
1 57
7 58

226
6
20 53
1 27
5 24
11 19
10 60
15 43

365
10
16 34
13 18
17 11
5 59
20 39
1 49
11 20
5 53
1 36
13 46

200
6
10 41
5 23
5 24
6 53
5 5
17 54

423
11
5 44
7 17
12 49
8 24
7 51
16 57
3 24
4 26
6 32
9 48
5 51

224
6
4 23
7 56
6 52
2 49
2 9
6 35

640
22
9 56
7 1
16 53
12 56
4 10
3 60
16 31
3 42
6 43
5 16
11 15
18 27
19 57
4 9
1 14
10 23
18 36
9 18
2 9
20 35
15 8
6 21

261
6
3 27
20 47
15 48
13 32
8 51
17 56

577
15
1 38
11 45
14 55
19 40
15 41
17 41
17 53
13 30
10 36
3 24
15 44
2 26
4 37
1 36
4 31

221
5
20 60
6 56
7 53
10 9
4 43

175
5
2 55
7 27
9 24
14 44
4 25

167
5
15 49
19 29
16 53
10 27
13 9

254
6
1 51
10 47
1 14
11 50
13 40
12 52

229
7
1 18
4 21
2 28
9 51
1 12
10 59
7 40

500
12
10 43
3 23
15 58
7 44
3 33
5 50
1 10
2 47
5 60
8 45
5 36
2 51

356
8
2 43
6 32
15 45
20 55
20 50
3 29
10 43
12 59

161
5
13 42
3 51
6 29
7 22
6 17

233
5
12 58
12 48
7 20
1 52
14 55

0
0

186
5
5 30
4 22
1 20
12 59
4 55

291
9
3 13
1 40
13 42
5 22
7 21
4 15
10 53
13 60
6 25

128
4
2 25
17 59
1 12
1 32

112
7
19 10
17 27
4 13
19 9
11 4
10 35
6 14

49
1
2 49

43
1
1 43

415
10
3 12
11 57
4 36
1 27
11 59
3 57
8 44
7 43
8 49
2 31

109
2
10 57
20 52

485
12
4 16
9 49
11 34
8 48
10 58
4 51
9 47
3 39
11 48
9 40
1 15
3 40

98
3
19 20
15 31
12 47

571
13
1 39
7 36
14 36
3 45
2 26
4 39
15 60
3 42
8 42
6 39
1 57
7 52
5 58

243
9
11 20
14 46
13 14
1 4
3 37
4 42
15 13
14 23
14 44

125
4
5 4
1 56
3 17
10 48

213
4
11 53
6 58
6 52
11 50

843
26
11 39
18 13
1 58
18 1
20 28
8 12
13 31
15 45
9 34
9 36
18 13
2 15
7 24
15 13
5 40
15 43
5 36
9 54
10 34
11 25
13 58
10 7
5 34
15 47
8 55
2 48

233
5
15 37
18 35
15 60
2 51
12 50

202
6
6 59
4 18
5 35
1 29
1 17
16 44

512
11
6 49
10 57
3 34
1 49
4 38
3 7
15 60
16 56
9 60
5 58
9 44

182
5
11 57
16 42
19 31
8 29
9 23

259
6
9 34
9 59
3 57
6 19
6 32
5 58

838
26
12 33
13 43
18 18
1 25
13 53
3 40
3 52
7 25
13 54
2 5
19 23
16 38
2 2
15 18
20 18
18 50
3 56
14 37
2 48
7 37
1 60
14 21
15 25
17 12
1 9
3 36

99
3
19 31
3 53
3 15

620
14
7 41
15 56
14 47
20 58
10 57
13 35
12 48
12 36
6 47
3 36
5 38
8 32
1 47
2 42

369
9
16 39
1 19
14 6
19 42
1 57
4 60
4 46
5 57
4 43

325
8
3 22
4 34
4 22
14 55
15 56
5 35
1 51
14 50

121
4
10 40
6 29
16 50
3 2

439
9
7 37
7 26
13 56
1 59
15 49
12 57
7 51
17 57
8 47

234
7
1 18
9 59
6 37
1 20
2 27
3 45
4 28

442
12
6 27
2 14
1 52
18 59
4 12
5 60
3 60
6 5
11 42
1 50
2 12
8 49

709
18
11 55
12 23
12 49
10 59
13 33
4 13
5 47
16 60
1 20
1 20
2 40
19 38
17 47
14 55
12 51
4 14
10 47
4 38

510
14
9 46
5 6
8 18
17 54
2 12
9 42
7 52
8 26
7 38
1 24
16 48
13 40
17 56
16 48

112
2
7 54
14 58

375
9
3 20
2 24
4 18
7 60
6 56
14 47
13 55
5 41
6 54

485
14
5 41
4 38
11 48
5 55
3 4
3 58
4 33
9 52
10 60
2 3
4 30
4 19
2 26
1 18

185
5
2 37
2 57
1 28
1 31
2 32

296
7
10 46
2 32
8 42
4 31
11 43
13 47
9 55

191
4
3 49
2 34
11 51
11 57

108
2
2 56
2 52

120
3
4 41
5 28
11 51

405
12
1 39
8 37
2 10
3 36
8 19
5 36
6 43
15 47
5 7
1 39
19 43
2 49

134
4
1 46
4 22
2 25
6 41

11
1
1 11

224
6
1 58
6 29
18 39
6 42
11 40
6 16

198
5
2 58
2 38
1 2
3 53
3 47

665
16
7 27
16 25
6 59
6 23
13 50
6 18
20 23
18 56
13 36
5 50
12 39
16 55
17 42
19 50
6 56
1 56

349
11
12 6
9 53
13 43
1 38
12 49
18 34
5 14
17 40
12 37
4 1
12 34

550
13
14 43
4 40
20 55
1 27
11 29
19 48
7 21
6 45
8 59
6 59
1 14
8 51
13 59

466
13
1 14
2 6
1 53
3 9
4 48
15 49
1 12
15 49
8 28
15 53
9 49
7 47
10 49

34
1
2 34

39
1
4 39

525
14
4 8
12 33
1 21
10 41
10 30
4 48
3 39
15 54
2 38
1 28
1 32
20 60
7 44
13 49

184
5
10 37
2 60
18 46
1 13
5 28

466
11
16 57
6 56
18 36
2 9
12 44
17 42
16 43
15 45
19 37
6 56
15 41

116
3
2 42
2 20
1 54

157
4
1 47
5 51
3 33
1 26

199
4
2 39
6 50
8 54
2 56

142
6
15 30
19 43
16 29
6 9
2 18
11 13

174
7
9 10
18 50
8 21
10 10
14 26
11 11
10 46

182
4
3 24
5 60
2 53
2 45

551
14
9 47
9 29
9 60
7 26
8 45
15 58
3 26
3 13
12 57
2 7
11 44
11 51
7 44
10 44

361
7
7 50
6 32
7 48
11 57
2 59
12 58
6 57

498
13
2 47
8 41
17 41
18 40
8 25
6 25
17 24
10 43
10 48
15 47
3 14
15 56
7 47

374
8
11 51
7 29
17 54
5 57
20 59
13 51
2 25
7 48

298
12
6 45
2 13
4 21
5 11
3 7
4 16
5 32
3 11
4 40
10 47
8 15
18 40

489
12
13 33
1 53
17 55
4 42
6 49
2 46
9 40
17 43
1 45
1 29
20 43
6 11

347
8
4 21
14 60
5 49
2 43
1 48
6 34
4 42
4 50

200
4
10 49
14 51
7 41
13 59

98
4
8 53
6 6
7 9
14 30

323
9
11 53
1 51
12 46
5 45
2 32
5 17
20 41
4 26
3 12

27
1
11 27

81
3
12 5
2 48
19 28

0
0

342
9
4 24
11 55
8 43
4 17
5 41
9 53
3 49
2 27
7 33

360
9
4 27
17 60
13 53
7 23
1 48
2 47
1 29
12 53
2 20

250
6
3 36
3 22
3 51
1 38
1 51
5 52

509
11
15 59
10 40
9 43
3 42
1 55
3 56
2 57
3 18
10 44
3 44
15 51

165
4
13 24
3 60
6 57
8 24

272
9
16 44
1 6
12 56
6 14
6 55
4 13
4 11
2 21
14 52

418
11
14 14
6 60
7 42
3 37
13 33
11 50
18 54
9 50
3 13
14 25
2 40

240
6
3 39
3 53
9 23
1 41
6 47
9 37

133
4
2 43
2 10
1 20
3 60

217
6
7 58
15 3
9 59
19 30
14 26
10 41

213
7
10 32
9 13
17 53
14 59
15 8
10 23
2 25

280
7
11 22
7 51
2 46
10 48
10 49
15 29
1 35

225
7
1 40
1 57
1 21
7 60
6 7
1 6
4 34

227
6
7 47
1 13
12 57
1 21
3 51
5 38

111
3
10 58
3 28
1 25

300
7
15 50
1 37
15 41
9 54
2 28
1 53
15 37

145
3
11 44
6 49
4 52

52
2
5 49
3 3

441
12
9 41
6 37
7 28
15 59
6 24
5 32
7 45
10 40
1 35
3 13
10 46
12 41

275
9
1 23
1 17
10 48
8 49
9 23
2 20
4 30
3 6
11 59

425
12
4 36
11 57
2 27
10 40
3 45
3 24
9 44
1 12
6 39
4 27
5 42
4 32

490
18
13 10
19 21
1 4
10 27
3 4
17 17
4 8
11 27
1 42
2 3
9 51
12 40
19 40
7 24
9 48
5 38
3 39
9 47

46
1
1 46

352
10
17 51
4 30
1 31
12 37
17 60
6 34
2 21
3 7
1 31
2 50

96
2
20 60
9 36

201
5
10 23
17 55
6 32
12 59
12 32

0
0

230
6
9 49
4 20
18 55
14 49
11 21
6 36

392
10
1 24
11 58
4 35
4 59
4 36
2 20
12 55
5 47
3 32
8 26

294
6
8 55
7 58
6 38
10 60
6 31
1 52

526
14
19 47
2 43
19 17
1 19
6 58
19 17
12 48
14 15
18 36
5 54
5 53
10 49
9 58
1 12

196
6
4 27
13 52
1 9
6 26
3 36
7 46

647
15
8 53
1 13
2 48
8 48
1 13
2 39
2 52
6 57
11 51
8 36
2 58
11 55
3 27
6 41
4 56

147
4
13 58
1 4
7 59
5 26

68
3
3 3
2 9
12 56

53
1
2 53

29
1
12 29

479
13
3 44
14 51
1 7
3 30
17 41
12 44
1 30
2 30
7 41
2 32
16 52
4 31
16 46

294
12
5 28
10 10
5 29
1 13
2 40
20 2
20 8
3 16
16 57
15 54
13 19
11 18

122
5
2 6
1 40
16 18
7 2
7 56

454
11
13 48
2 52
7 54
1 32
2 44
15 33
10 26
2 33
4 45
5 36
16 51

552
13
7 43
18 57
3 34
8 47
2 23
2 16
6 43
12 44
9 58
4 30
8 51
20 50
16 56

23
1
5 23

295
7
2 52
9 32
8 53
4 42
4 23
11 38
18 55

68
2
11 46
8 22

106
3
2 43
3 33
3 30

279
8
17 11
19 36
20 34
7 42
8 34
5 39
5 35
17 48

542
13
2 29
9 46
4 54
9 60
15 52
1 56
3 34
12 46
19 59
3 18
8 28
1 18
15 42

256
5
11 50
1 55
12 43
5 52
17 56

398
15
14 43
2 7
5 32
3 26
20 20
8 1
11 29
8 43
17 32
9 3
2 47
1 34
7 54
16 7
20 20

185
4
11 58
6 35
12 54
9 38

240
5
4 29
2 39
1 54
7 60
7 58

404
10
1 43
6 24
5 42
5 39
5 49
14 47
3 54
15 49
4 14
6 43

199
5
5 44
10 54
10 36
19 14
14 51

503
20
12 47
10 44
14 14
9 27
11 6
11 7
20 1
9 14
20 6
19 42
15 39
4 24
10 33
11 20
9 2
9 45
7 54
20 40
16 5
3 33

87
2
14 39
18 48

161
4
7 23
17 59
5 34
12 45

581
13
5 28
15 46
4 41
20 55
13 57
12 49
8 47
5 36
6 34
20 54
1 54
1 31
19 49

299
7
7 54
5 20
2 59
15 53
9 48
17 58
2 7

306
9
1 35
6 55
5 22
3 21
1 4
13 43
10 56
6 31
1 39

609
14
2 40
1 58
8 49
13 48
11 41
12 35
3 34
1 42
4 39
10 44
5 53
1 59
4 19
4 48

429
11
1 24
7 53
10 28
8 50
3 23
15 37
17 57
18 51
1 28
1 26
16 52

121
3
10 60
1 7
4 54

76
3
14 29
6 45
5 2

243
6
2 19
17 54
2 34
7 37
4 39
7 60

184
4
19 49
15 21
16 57
4 57

0
0

89
2
9 54
15 35

29
1
4 29

259
7
2 54
5 2
18 42
10 55
11 39
14 34
16 33

90
3
1 23
1 23
2 44

639
16
7 60
5 28
4 46
14 49
4 51
4 35
2 30
7 16
4 60
6 17
11 34
10 29
5 53
9 43
6 28
13 60

1015
28
4 26
18 10
8 59
1 58
9 52
11 58
15 44
10 59
6 14
12 43
1 39
11 11
10 50
9 47
16 9
2 31
1 56
6 16
11 34
5 55
5 44
7 36
1 47
1 27
13 10
9 20
6 19
17 41

848
24
1 35
4 21
4 24
8 51
2 50
19 52
20 38
11 8
19 10
16 47
16 51
3 37
15 51
18 18
15 33
2 55
15 40
16 46
2 13
16 16
8 59
15 29
11 9
2 55

824
25
17 19
9 44
1 13
9 50
1 42
12 32
17 18
9 28
14 58
8 17
10 14
14 43
15 54
2 24
4 58
19 44
2 43
15 33
13 47
4 13
8 19
18 41
14 22
15 25
9 23

719
18
10 47
6 38
7 26
12 58
6 25
3 20
17 59
1 36
12 55
3 59
6 49
8 50
2 30
4 49
6 12
11 18
18 46
15 42

252
7
3 20
3 13
10 55
5 55
4 34
8 40
8 35

93
3
13 16
11 35
20 42

316
9
10 49
10 44
3 13
3 18
3 58
5 44
6 45
4 36
2 9

332
10
2 8
3 9
7 48
1 16
15 49
9 37
20 58
1 8
3 48
1 51

147
3
9 57
7 58
2 32

231
7
2 7
2 40
2 3
5 48
16 56
1 33
3 44

198
8
5 1
15 50
15 28
18 25
15 25
20 12
15 53
17 4

209
7
4 41
5 24
6 57
6 29
4 49
5 2
1 7

126
4
2 5
3 14
8 55
2 52

169
4
15 7
7 59
3 44
9 59

31
2
9 2
3 29

93
2
5 54
4 39

675
16
1 49
12 52
13 51
15 56
11 46
8 29
4 21
4 19
15 45
9 56
16 56
20 60
8 36
11 32
3 17
17 50

627
17
7 26
3 40
5 25
11 46
4 21
1 43
9 25
10 38
13 26
18 48
11 49
4 10
3 58
18 50
9 34
1 46
7 42

98
3
10 13
12 45
9 40

303
7
1 52
2 17
1 41
12 44
6 39
8 60
3 50

127
3
1 12
4 55
20 60

155
6
1 9
3 60
9 52
13 9
15 5
5 20

417
10
11 49
2 7
18 34
14 48
13 48
19 56
10 41
4 53
10 41
7 40

358
8
8 59
2 42
7 56
4 40
7 56
4 10
6 46
8 49

204
6
10 56
4 15
14 56
1 17
12 37
11 23

507
16
8 50
15 11
2 11
16 24
17 34
15 27
9 33
8 9
3 49
7 39
1 50
2 41
20 53
5 10
2 60
18 6

104
3
8 58
1 26
4 20

14
1
10 14

572
15
19 54
9 55
6 55
10 31
7 19
9 17
9 46
4 16
6 25
17 54
9 23
16 59
9 27
9 60
11 31

66
2
13 50
1 16

163
6
15 20
1 18
8 54
6 24
7 33
17 14

605
16
6 33
8 36
7 44
3 16
5 24
13 57
6 16
4 50
6 55
3 38
11 44
4 59
1 25
4 49
1 37
5 22

32
1
9 32

136
4
10 4
7 47
9 33
14 52

148
3
6 58
4 33
4 57

215
7
4 48
3 16
8 31
1 56
7 32
2 12
4 20

385
11
7 44
8 36
11 38
1 21
2 2
12 37
6 19
9 53
10 54
15 48
3 33

318
14
7 1
2 29
5 4
10 51
4 23
8 19
5 19
9 21
1 5
10 40
2 7
10 60
11 16
13 23

358
8
11 55
1 25
11 50
2 40
7 47
9 58
1 25
6 58

351
8
12 46
9 55
6 60
2 43
10 45
12 47
9 42
1 13

356
8
2 40
6 33
2 50
1 33
12 54
1 55
6 45
9 46

146
4
12 46
4 47
3 49
2 4

506
13
13 41
7 32
7 26
5 56
8 44
8 20
5 49
11 48
6 48
13 43
1 8
14 42
15 49

790
27
9 6
10 60
4 34
5 28
13 48
17 8
15 34
10 17
7 22
20 49
13 45
9 39
2 47
19 30
4 7
5 18
6 4
8 55
7 38
12 10
8 2
13 41
3 14
11 58
11 4
16 39
6 33

357
8
5 26
6 57
1 22
7 56
4 36
5 44
6 59
11 57

277
6
7 56
4 36
5 53
10 35
4 54
5 43

241
7
4 22
7 21
2 49
8 46
8 37
17 47
9 19

364
9
6 32
8 41
12 55
3 16
1 54
1 33
1 51
7 29
3 53

106
4
1 50
1 12
1 15
1 29

179
4
6 29
19 53
19 50
4 47

421
9
3 55
2 58
3 20
4 58
3 55
1 52
4 57
10 59
1 7

430
10
9 36
11 58
11 59
8 49
4 44
16 55
9 28
6 42
7 27
4 32

477
11
8 52
7 51
2 36
7 57
3 54
14 37
1 57
3 18
11 38
9 34
12 43

125
4
16 40
14 29
19 5
13 51

231
7
3 12
8 60
7 54
3 58
1 2
1 10
1 35

37
2
18 28
13 9

406
11
4 31
14 44
13 45
4 26
18 60
15 23
1 22
7 38
8 27
9 32
12 58

150
3
5 59
7 38
4 53

367
11
15 51
13 8
15 57
2 2
13 25
18 57
8 44
20 35
20 41
11 16
1 31

233
5
8 39
5 48
1 50
5 44
10 52

490
13
3 26
1 38
1 6
11 44
4 24
9 32
3 54
10 46
10 51
11 38
11 54
3 25
1 52

375
10
12 42
1 2
14 56
19 55
4 26
3 39
7 37
4 35
4 27
12 56

249
7
1 11
11 37
9 47
2 53
4 15
1 43
10 43

115
3
9 52
15 37
7 26

4
1
2 4

85
2
3 54
2 31

214
4
8 42
3 55
8 57
1 60

95
2
8 35
3 60

95
3
13 23
7 59
11 13

373
10
17 48
5 42
4 30
1 45
12 56
7 28
4 21
13 44
4 36
9 23

415
10
3 48
2 34
3 27
2 52
7 34
3 35
5 36
4 54
8 46
10 49

185
6
12 5
9 53
3 60
3 23
8 38
20 6

508
14
3 57
8 50
6 12
8 27
1 58
11 27
10 51
7 44
3 38
1 39
11 36
6 15
2 46
2 8

27
1
3 27

500
15
9 21
1 9
9 28
1 20
2 45
5 35
13 44
4 46
5 26
7 54
19 53
3 22
5 11
3 52
14 34

401
8
6 48
12 59
6 58
1 51
15 51
6 35
7 51
9 48

673
22
9 3
9 48
11 55
7 11
11 27
5 5
2 18
18 39
6 14
11 12
1 26
16 42
5 44
7 45
3 5
14 18
5 60
2 58
9 21
11 32
15 51
1 39

55
1
5 55

746
17
17 39
14 58
3 43
17 53
10 17
10 52
6 39
13 48
19 26
15 52
2 42
14 55
5 59
11 50
6 6
4 58
3 49

136
4
5 25
3 58
1 28
1 25

302
7
1 49
8 53
3 53
1 46
3 25
1 35
5 41

58
2
1 9
10 49

240
7
2 30
2 27
3 29
3 38
6 28
7 51
1 37

278
7
4 28
14 49
6 51
8 42
12 33
3 45
5 30

135
3
3 39
4 44
4 52

171
4
2 43
10 46
1 43
4 39

50
2
2 26
2 24

154
5
13 50
4 40
5 6
3 23
6 35

205
5
10 54
9 50
6 51
4 21
3 29

196
6
3 35
14 45
1 36
11 14
6 21
8 45

212
7
5 14
12 43
2 26
2 23
8 52
2 31
2 23

133
4
3 24
5 23
7 53
5 33

197
8
13 23
15 37
19 13
17 16
9 31
16 52
9 22
2 3

261
11
17 13
4 18
10 47
14 38
16 25
1 41
11 2
10 21
19 7
14 3
2 46

0
0

114
3
5 56
1 26
3 32

835
23
3 38
2 52
3 8
15 29
3 18
7 45
6 46
14 54
5 41
1 57
7 34
7 29
16 57
17 26
6 27
12 49
5 29
5 58
3 7
1 20
8 21
13 59
2 31

63
2
1 49
5 14

156
3
2 43
8 57
3 56

354
9
4 23
2 24
16 54
6 56
1 25
5 32
11 55
17 45
7 40

145
4
5 60
18 33
13 51
12 1

197
4
7 51
6 50
5 48
4 48

239
6
14 41
4 42
14 27
15 49
2 39
9 41

61
2
1 2
3 59

219
4
5 52
10 57
15 55
8 55

213
5
1 11
9 38
1 56
4 57
19 51

50
2
17 5
6 45

243
6
8 30
14 52
1 50
2 15
10 48
3 48

238
6
1 12
1 45
5 37
7 60
6 42
1 42

195
6
9 36
2 33
11 57
4 32
3 35
1 2

172
4
13 49
5 55
10 50
3 18

174
4
8 51
4 56
3 31
5 36

433
18
12 2
16 22
1 19
4 11
13 53
6 46
5 52
12 1
1 28
7 20
10 29
12 22
6 54
17 40
8 18
3 5
20 8
2 3

639
16
1 53
5 24
16 54
2 22
13 40
4 56
9 36
7 31
12 54
12 59
5 50
4 18
14 51
20 56
3 29
2 6

44
1
11 44

235
6
2 31
6 47
2 43
1 29
2 60
2 25

55
2
2 4
4 51

43
3
13 14
5 12
20 17

406
11
19 57
12 46
5 3
1 60
17 18
6 44
13 33
13 44
4 18
14 30
4 53

26
1
1 26

366
9
9 59
2 11
5 40
12 60
5 21
7 40
17 53
1 34
4 48

84
2
1 42
13 42

210
5
1 8
6 58
7 49
6 37
7 58

387
9
3 36
4 51
2 43
9 59
2 24
3 47
5 52
1 25
5 50

361
9
1 25
5 42
4 50
4 57
20 56
1 53
9 38
1 18
5 22

620
18
4 44
8 27
5 19
11 41
6 32
1 14
4 45
8 27
3 58
1 35
17 52
2 38
9 18
2 21
5 37
3 32
15 51
3 29

362
12
10 11
13 43
18 3
3 51
5 45
2 56
16 18
2 4
4 24
3 28
5 37
12 42

204
5
1 32
12 58
10 34
3 51
9 29

96
3
2 1
2 56
6 39

260
6
9 58
1 11
5 56
8 54
4 31
7 50

205
6
13 34
3 30
8 24
2 20
17 45
15 52

236
6
15 16
3 30
17 48
8 54
8 42
13 46

371
10
13 25
2 41
19 59
5 58
14 26
14 52
4 14
16 44
1 5
1 47

89
3
15 48
3 27
6 14

328
9
11 48
4 52
7 13
10 23
15 42
20 41
6 36
3 32
3 41

190
5
2 16
8 58
13 55
4 19
10 42

54
2
2 36
1 18

430
11
10 37
9 36
2 27
5 40
4 16
5 60
13 57
5 41
5 27
6 33
17 56

422
9
6 55
11 32
4 34
1 50
1 53
6 45
11 42
13 53
18 58

56
2
9 5
14 51

93
2
14 39
17 54

99
2
18 42
20 57

67
2
5 16
8 51

558
20
2 60
7 26
6 17
1 3
3 3
15 34
4 7
16 7
4 32
3 40
4 44
15 51
15 40
9 33
15 54
11 47
6 9
15 43
15 2
1 6

53
1
4 53

432
14
13 13
13 15
17 29
19 47
5 16
9 15
9 52
5 43
19 60
4 16
1 37
14 10
12 53
5 26

16
1
3 16

11
1
1 11

35
1
1 35

173
4
12 44
10 33
10 50
16 46

359
8
3 23
4 41
7 29
14 53
6 48
3 57
9 52
15 56

227
6
6 47
13 5
5 49
7 46
14 52
12 28

279
11
4 23
5 3
2 15
3 45
9 14
19 55
17 11
16 23
19 31
2 46
17 13

380
10
2 53
11 56
1 21
4 24
5 40
7 34
6 41
8 31
1 40
3 40

298
7
6 29
13 55
4 57
1 18
7 48
9 45
12 46

186
4
7 53
14 52
8 42
11 39

252
6
15 55
14 49
14 59
3 21
15 34
13 34

253
6
5 23
11 35
2 36
4 47
5 56
13 56

213
6
1 12
11 50
3 57
3 48
6 11
1 35

381
9
12 50
13 51
17 60
6 58
2 3
1 10
6 58
11 47
8 44

44
2
2 34
1 10

768
19
2 23
10 58
2 57
19 54
3 19
1 56
1 54
1 21
13 47
9 30
12 36
12 44
5 32
5 26
10 57
17 45
2 30
12 39
15 40

298
7
8 56
8 32
1 33
5 48
7 60
1 11
8 58

123
3
3 13
3 52
9 58

451
11
19 49
9 38
16 58
2 7
18 51
15 54
13 46
16 48
1 18
8 23
7 59

327
10
18 28
1 59
6 29
9 25
6 15
11 34
7 17
17 32
18 54
1 34

117
3
8 53
4 32
7 32

399
11
18 58
2 20
14 54
4 17
4 53
5 21
4 43
4 33
3 8
2 44
11 48

343
10
2 15
5 22
11 42
14 59
3 7
8 58
8 34
10 25
9 52
8 29

351
9
10 28
7 57
4 43
4 45
11 42
16 56
1 4
9 45
6 31

475
13
2 9
1 25
2 17
2 49
12 48
7 60
8 29
2 16
2 4
4 53
8 47
9 60
18 58

296
8
5 59
12 40
2 30
1 48
6 23
9 39
3 30
7 27

8
1
17 8

599
15
6 56
15 43
7 53
9 38
3 7
13 45
1 14
18 41
14 60
9 45
13 56
11 59
1 7
9 32
11 43

42
1
1 42

47
1
10 47

16
1
7 16

166
3
7 55
9 60
17 51

460
12
6 38
1 13
14 52
16 50
11 54
4 10
17 51
11 55
4 37
5 31
1 21
9 48

208
4
5 52
10 51
7 48
11 57

228
7
3 19
2 36
2 5
1 33
18 50
18 55
11 30

48
1
6 48

149
4
3 19
7 54
3 52
1 24

101
4
5 1
16 37
15 16
17 47

246
8
1 28
1 2
5 41
8 28
2 24
4 39
1 53
10 31

291
9
1 10
5 38
9 39
5 29
2 19
8 44
7 42
8 35
17 35

366
10
3 33
8 32
9 33
5 41
9 54
8 29
14 54
1 23
4 42
4 25

442
14
15 55
16 21
8 43
2 3
5 20
16 30
5 51
4 36
3 13
1 57
9 33
9 60
1 9
13 11

346
7
5 41
5 60
1 33
10 58
4 55
5 43
10 56

470
10
12 44
11 41
10 51
9 39
7 58
11 37
2 40
6 58
2 50
7 52

0
0

145
3
19 59
3 55
10 31

186
4
11 59
1 48
5 25
17 54

348
8
8 54
4 36
1 17
5 44
5 59
6 50
5 30
12 58

84
3
11 31
20 36
16 17

401
11
4 57
3 58
10 16
13 27
7 55
15 42
1 19
7 49
9 38
10 20
7 20

874
22
8 48
14 60
11 33
3 35
4 59
10 48
10 38
1 54
7 51
13 29
1 51
2 31
20 46
9 44
7 36
1 1
4 38
2 47
14 45
10 31
1 10
13 39

24
1
6 24

233
7
4 43
8 45
1 45
2 27
3 11
1 39
1 23

122
4
12 3
3 42
16 50
7 27

207
5
5 54
5 45
6 45
2 20
4 43

160
4
18 46
16 59
6 14
19 41

30
2
3 19
16 11

103
6
1 2
8 10
5 40
16 28
3 18
8 5

32
1
2 32

433
10
1 19
9 53
1 28
4 60
8 60
5 36
5 56
5 37
2 30
9 54

688
17
7 53
10 19
13 2
17 53
10 50
10 54
8 34
9 30
13 54
11 54
20 14
20 53
2 46
7 48
17 59
2 20
12 45

122
3
15 52
8 11
10 59

154
4
7 22
13 44
9 46
9 42

269
7
2 11
9 47
13 39
4 13
12 54
1 56
13 49

276
10
7 20
10 4
2 6
12 33
2 31
1 13
20 37
6 35
13 47
1 50

55
2
3 29
19 26

64
2
2 53
2 11

142
6
4 6
20 47
7 10
6 35
4 15
10 29

397
10
4 27
8 22
2 43
6 52
3 36
5 26
15 48
12 45
5 47
2 51

258
6
9 50
6 44
5 54
2 43
3 58
1 9

179
4
3 46
9 54
12 57
2 22

337
8
9 39
1 16
10 39
8 53
7 60
8 48
9 32
6 50

729
20
7 48
12 25
1 22
1 42
1 49
9 57
2 2
9 46
12 47
1 22
6 47
19 52
1 1
3 50
11 26
2 29
12 30
4 45
11 32
11 57

476
13
9 41
4 24
11 37
6 39
15 50
4 26
15 40
4 11
3 37
8 25
8 30
3 57
11 59

38
1
1 38

65
2
15 53
19 12

43
1
11 43

264
7
17 35
18 32
13 56
15 35
2 58
8 27
2 21

288
10
7 37
1 21
7 21
6 6
4 36
1 57
1 47
10 40
6 14
5 9

332
8
2 24
3 55
16 47
18 53
14 52
18 48
13 37
6 16

59
2
14 4
9 55

120
4
7 13
19 18
19 46
15 43

211
7
4 48
10 56
16 9
18 15
7 54
2 7
10 22

274
6
6 46
7 46
2 60
5 24
9 39
3 59

91
3
1 19
1 50
2 22

214
6
3 40
1 51
1 23
2 57
2 2
4 41

446
10
6 47
7 58
6 31
5 21
8 42
8 39
5 54
1 42
11 57
8 55

306
8
1 12
6 18
4 51
10 56
5 60
3 30
5 28
14 51

327
8
3 41
12 54
8 39
6 32
1 56
1 33
7 34
1 38

32
2
8 30
4 2

137
4
4 37
8 21
10 22
3 57

163
3
1 52
2 54
2 57

438
10
8 49
9 53
12 45
4 48
11 43
5 39
1 31
3 13
8 60
1 57

23
1
6 23

262
9
16 24
12 18
7 22
18 35
14 46
16 41
9 8
20 42
16 26

467
10
6 36
9 49
14 49
1 40
3 33
1 44
12 55
17 54
2 49
11 58

455
11
10 27
11 60
13 51
16 42
18 36
5 49
7 58
15 46
1 26
10 13
9 47

346
10
5 45
2 8
6 58
7 28
2 13
3 30
11 29
16 59
2 58
1 18

19
1
3 19

196
4
16 56
1 59
9 48
7 33

524
19
1 50
1 51
17 12
3 14
19 42
4 39
8 40
15 22
6 32
16 18
11 27
17 8
2 6
6 7
16 18
16 11
20 35
11 42
14 50

60
2
17 56
2 4

186
4
16 56
13 52
10 49
9 29

41
1
2 41

123
5
17 42
20 1
16 20
20 24
2 36

403
9
2 50
3 23
1 46
18 47
7 48
10 41
7 54
16 53
17 41

32
1
1 32

199
5
7 50
6 41
3 49
1 37
1 22

81
2
19 21
4 60

226
5
17 52
16 14
20 45
13 56
10 59

228
7
12 44
1 50
2 36
4 34
10 30
1 14
6 20

120
3
11 44
11 57
1 19

66
2
13 20
10 46

123
4
1 3
9 55
4 24
1 41

292
8
1 18
2 59
1 15
4 23
6 56
10 59
5 29
4 33

387
9
7 45
6 51
4 47
1 33
1 33
10 53
2 37
4 38
4 50

389
9
5 56
6 56
1 57
8 33
11 50
2 39
1 10
1 55
2 33

128
5
3 8
14 23
11 38
8 40
14 19

91
3
10 15
10 35
10 41

30
1
19 30

350
10
7 47
5 14
19 52
4 10
8 59
14 53
3 25
15 53
1 10
4 27

338
7
14 50
8 54
3 56
5 60
2 44
4 39
3 35

563
13
10 27
11 24
3 22
6 59
9 43
12 48
17 55
12 51
9 42
16 60
14 34
3 59
1 39

223
5
3 41
15 35
3 60
5 39
10 48

528
16
14 50
17 43
10 58
2 13
10 26
10 55
17 54
7 11
17 41
3 33
15 52
6 18
2 2
5 2
6 18
12 52

281
7
9 53
5 43
3 32
11 55
1 12
10 60
3 26

81
3
16 14
5 24
3 43

57
2
1 2
3 55

234
6
8 35
6 44
2 51
9 34
16 54
6 16

96
3
10 8
18 45
10 43

277
7
1 18
11 55
3 34
9 48
12 59
4 4
12 59

126
3
9 25
9 56
12 45

462
13
3 42
10 48
1 14
10 47
1 17
2 21
8 44
1 23
9 37
4 36
4 54
4 55
6 24

310
8
10 43
9 34
13 35
1 17
16 51
3 46
5 30
5 54

235
4
5 59
13 57
16 60
14 59

15
1
18 15

311
7
7 43
10 54
3 26
9 53
3 56
3 37
5 42

206
5
2 59
10 50
8 37
2 1
3 59

54
1
2 54

372
10
11 50
4 57
6 53
4 15
1 11
6 27
4 43
6 39
3 54
2 23

613
20
1 29
7 7
4 23
6 21
9 8
17 41
12 44
9 11
2 42
3 18
2 37
7 45
7 59
11 28
3 47
3 53
19 21
4 12
10 51
14 16

342
8
2 11
9 60
20 54
7 59
7 45
2 43
17 36
13 34

363
10
14 22
11 49
2 24
18 59
17 21
9 30
17 60
11 57
1 14
13 27

304
9
5 30
11 37
2 40
15 54
5 35
1 25
11 33
15 44
2 6

364
9
10 58
10 54
5 58
8 44
3 19
9 34
2 13
5 31
7 53

163
5
6 45
8 29
5 23
12 42
10 24

335
7
2 60
6 45
9 40
4 60
7 56
1 15
11 59

11
1
4 11

193
6
16 33
17 28
18 16
8 17
9 49
4 50

92
2
2 44
3 48

65
3
7 10
8 26
15 29

150
4
19 58
7 30
1 17
5 45

88
2
1 41
5 47

432
11
1 34
9 58
7 26
2 41
2 33
1 36
1 22
3 29
5 60
10 60
5 33

175
4
2 50
4 13
14 60
4 52

257
8
10 30
3 7
8 44
8 60
5 29
20 27
1 39
7 21

275
8
16 56
17 60
20 12
6 7
11 52
14 21
12 55
5 12

244
7
5 35
1 40
1 30
4 26
7 53
1 54
2 6

57
1
3 57

47
1
7 47

371
11
2 38
8 16
8 54
18 36
16 26
3 5
16 27
5 55
2 54
9 30
18 30

54
1
6 54

69
2
5 31
17 38

60
1
7 60

131
3
8 46
4 44
16 41

107
4
1 18
10 54
3 22
6 13

696
21
20 48
7 43
2 10
20 25
6 59
8 22
3 35
4 13
1 23
18 38
6 26
18 58
9 30
10 34
9 47
1 53
10 26
9 14
6 47
6 13
19 32

439
12
3 18
14 47
19 54
13 51
4 26
15 40
4 29
15 40
3 14
11 54
1 47
6 19

274
7
16 23
10 55
9 57
1 28
7 46
19 43
7 22

200
5
4 35
12 56
10 46
3 30
5 33

167
4
1 46
5 33
11 51
5 37

165
7
2 2
10 39
3 25
5 24
2 12
9 26
10 37

361
11
12 25
9 60
17 42
16 36
7 34
6 44
7 41
3 6
7 16
11 40
5 17

502
12
1 21
5 28
5 55
4 54
1 58
4 48
5 22
2 53
5 49
1 23
15 60
3 31

162
4
10 41
15 60
7 41
6 20

385
11
8 57
5 6
6 21
10 51
4 37
4 31
12 57
7 50
2 9
7 36
7 30

252
8
4 36
4 25
11 42
3 34
4 28
1 1
10 31
7 55

57
1
2 57

276
6
1 52
2 50
1 56
1 15
5 50
7 53

265
10
4 21
3 27
6 42
3 25
9 44
7 24
1 25
1 12
5 42
1 3

393
11
13 47
2 14
16 57
4 55
17 60
11 12
9 27
3 27
4 17
6 32
18 45

306
9
5 20
9 42
1 8
19 19
9 23
3 30
2 60
5 59
6 45

146
3
1 35
5 60
5 51

322
8
2 37
6 55
3 21
4 47
5 47
1 4
4 59
7 52

153
4
2 14
10 52
5 47
3 40

474
17
5 59
3 26
4 22
11 32
8 40
10 23
2 14
2 51
7 17
19 5
17 51
16 42
19 17
17 41
2 8
10 1
1 25

332
8
1 35
3 32
3 30
7 49
8 52
6 52
17 60
5 22

455
10
16 54
1 54
9 20
18 43
15 43
1 55
1 47
6 41
18 50
6 48

431
12
1 15
4 34
6 56
9 24
3 55
19 58
14 37
1 28
1 11
12 41
6 30
3 42

461
10
5 21
5 52
13 59
4 39
4 30
11 39
13 59
13 54
12 59
5 49

116
2
12 56
1 60

352
11
3 45
3 35
9 37
11 55
1 24
2 11
3 13
12 33
1 8
4 45
1 46

262
6
6 51
11 58
6 49
14 38
12 26
6 40

92
3
11 36
13 35
7 21

663
21
5 9
5 17
19 26
11 58
9 55
8 49
8 16
15 32
15 20
4 52
5 14
5 43
12 23
5 7
9 46
9 53
9 47
19 11
10 21
2 41
15 23

421
9
5 56
7 56
5 35
4 34
7 48
5 56
10 60
13 57
6 19

82
3
3 2
5 41
7 39

361
10
4 14
3 8
2 40
3 55
1 11
7 38
8 51
4 54
6 32
4 58

195
5
7 45
1 51
1 3
1 57
4 39

176
5
12 34
6 9
14 21
14 60
14 52

35
2
7 16
9 19

0
0

220
5
14 51
1 44
3 53
12 56
11 16

447
11
1 23
6 59
7 31
12 42
5 36
5 57
11 58
8 24
18 60
10 38
3 19

62
2
6 46
17 16

285
7
8 56
7 22
5 54
3 40
11 43
3 37
5 33

290
8
8 40
15 57
4 20
4 42
1 46
7 20
1 27
7 38

405
10
11 28
8 37
8 21
7 54
14 47
16 50
3 34
7 29
19 52
17 53

112
2
8 57
1 55

53
1
5 53

194
7
15 13
18 40
4 24
8 30
2 18
20 46
18 23

0
0

361
8
1 43
3 33
7 55
7 40
6 59
5 50
1 36
2 45

585
13
7 55
9 55
10 35
1 10
5 32
6 32
15 56
15 59
2 38
12 57
5 58
1 50
8 48

351
8
11 58
1 8
5 33
8 60
6 54
3 31
6 60
4 47

354
10
19 21
2 25
4 55
19 58
4 49
8 25
10 23
11 10
1 38
19 50

134
3
4 48
1 38
3 48

472
10
12 41
4 28
2 46
2 49
14 46
13 59
4 56
12 54
5 53
6 40

92
2
19 41
14 51

310
7
9 60
10 43
7 27
14 50
2 52
3 42
6 36

196
4
18 51
13 28
1 58
11 59

418
10
16 51
10 38
1 19
3 22
16 51
8 53
9 36
5 55
16 49
13 44

113
3
2 38
2 45
1 30

190
6
8 37
4 41
1 30
7 43
1 33
1 6

49
1
4 49

105
2
1 48
3 57

75
2
18 59
5 16

101
3
19 41
5 57
15 3

59
2
5 42
6 17

665
16
16 41
16 57
5 46
8 45
6 5
18 45
16 44
5 46
9 30
19 53
1 22
18 36
1 54
2 53
4 47
2 41

497
15
4 60
12 40
9 15
2 29
4 44
6 15
7 33
1 15
5 36
15 42
17 51
2 31
1 1
15 39
2 46

44
1
6 44

167
4
4 53
1 14
3 48
1 52

351
8
6 22
18 60
5 34
17 51
1 33
2 46
5 60
5 45

323
8
16 53
9 44
5 31
6 42
3 48
6 24
15 48
5 33

241
5
2 45
4 52
2 57
2 46
2 41

130
4
8 12
15 59
17 7
17 52

303
8
5 26
5 42
18 37
14 35
8 36
5 31
12 53
6 43

154
4
1 32
8 48
5 46
6 28

255
7
4 28
14 10
4 55
13 24
18 40
13 38
17 60

224
7
2 35
5 51
2 7
7 53
7 18
13 46
1 14

665
21
7 42
1 9
16 38
11 14
7 58
14 32
12 33
15 46
5 50
2 25
9 8
19 9
16 27
19 38
8 28
19 39
1 19
10 21
12 30
15 60
9 39

149
4
3 26
10 60
1 6
16 57

221
6
10 37
6 5
16 49
3 35
10 50
20 45

282
9
2 9
9 44
2 17
3 19
13 60
2 24
7 29
1 41
3 39

7
1
15 7

56
1
4 56

132
4
3 43
16 9
5 59
6 21

190
4
8 60
7 34
4 47
2 49

284
8
7 42
3 29
1 6
3 26
6 57
2 27
10 56
8 41

49
1
7 49

185
6
1 10
16 37
7 35
5 43
12 20
4 40

267
8
3 53
2 39
7 39
1 39
2 2
2 22
3 23
4 50

210
5
10 60
16 26
10 48
19 42
12 34

228
12
15 18
7 13
16 25
8 37
3 2
17 5
2 45
9 4
1 11
3 27
11 19
7 22

574
19
16 42
18 49
4 28
12 44
10 37
17 30
19 46
19 54
3 10
7 11
9 32
3 28
4 31
6 47
18 7
17 15
2 46
20 6
9 11

316
11
6 18
1 7
2 47
4 14
3 32
14 57
19 29
9 30
5 18
6 53
2 11

297
8
7 45
9 31
10 31
10 60
5 35
1 39
8 36
9 20

245
7
1 28
4 37
2 10
4 49
3 47
1 23
3 51

106
3
8 45
6 25
8 36

537
15
11 53
17 55
17 39
17 54
1 56
6 19
1 1
16 57
5 28
20 46
3 11
6 19
10 36
9 31
4 32

346
9
13 49
2 46
10 51
3 33
2 57
2 14
5 45
10 25
3 26

171
5
10 58
9 41
3 36
7 28
1 8

45
1
3 45

0
0

439
17
15 19
4 24
15 45
1 16
1 29
2 42
8 38
6 7
8 2
6 50
11 34
17 7
7 19
12 43
5 13
12 39
15 12

331
12
3 30
1 15
17 13
8 14
19 51
20 3
17 43
4 6
5 51
5 37
12 57
6 11

56
2
16 23
4 33

192
5
13 48
6 16
3 37
13 44
6 47

173
5
8 47
5 40
4 3
17 29
2 54

92
2
14 58
16 34

57
3
1 23
3 21
1 13

12
1
1 12

179
5
2 25
10 23
7 31
17 53
10 47

513
12
13 46
7 54
10 35
6 43
3 13
11 53
10 47
9 52
4 39
12 43
11 45
11 43

48
1
4 48

502
11
6 44
2 40
7 33
8 41
1 44
8 41
3 47
14 51
17 59
1 43
18 59

234
7
12 48
2 27
5 21
11 53
3 26
6 57
2 2

372
8
2 52
3 56
4 47
1 33
8 32
6 38
2 54
7 60

438
10
5 53
5 56
8 36
10 41
12 46
17 56
7 53
1 21
8 37
2 39

569
13
15 50
5 56
2 17
16 56
12 40
8 25
14 57
1 33
15 60
4 41
7 59
20 58
1 17

412
12
3 7
1 52
6 44
11 42
6 42
13 40
6 7
2 19
18 54
7 41
8 18
4 46

476
17
3 52
9 46
7 54
7 35
16 45
6 29
20 10
13 1
10 26
4 13
3 28
9 39
3 38
16 11
17 19
12 25
2 5

49
1
2 49

174
5
1 28
7 44
11 29
3 48
7 25

173
6
4 51
6 51
3 20
2 11
2 21
2 19

188
5
17 31
9 13
10 48
6 48
3 48

874
30
11 35
6 6
10 33
10 9
5 39
5 50
11 36
4 40
14 7
9 12
5 33
8 44
3 21
5 51
8 42
8 26
17 9
4 32
6 4
4 30
20 53
20 54
11 7
4 36
8 45
14 37
20 12
16 32
3 8
7 31

103
5
5 26
18 9
13 26
4 11
15 31

50
1
14 50

60
1
3 60

183
5
8 42
3 51
2 32
7 55
6 3

27
1
13 27

446
8
2 57
4 47
2 58
11 55
3 53
11 59
10 60
6 57

221
6
15 54
9 36
7 24
3 52
6 14
9 41

5
1
1 5

80
3
10 22
13 3
5 55

0
0

693
19
10 24
20 29
7 46
17 41
8 58
17 29
10 54
17 24
2 25
18 48
18 32
12 45
8 33
9 56
13 45
1 18
15 33
17 24
19 29

24
1
14 24

96
4
5 26
6 33
17 32
17 5

603
17
10 51
4 50
5 58
3 59
1 58
2 35
3 23
3 10
13 53
2 6
8 27
2 19
1 48
5 36
4 3
9 49
2 18

260
7
12 51
2 50
2 59
14 43
8 27
5 29
6 1

457
13
5 40
2 56
1 6
3 22
4 26
3 15
2 48
3 60
20 56
1 48
5 22
6 39
1 19

512
18
4 32
14 53
17 24
6 14
12 40
7 22
8 29
16 11
19 27
3 41
10 43
2 24
20 40
2 26
19 26
6 30
10 20
5 10

557
11
1 55
3 49
3 59
14 60
3 45
7 52
9 48
18 56
7 51
2 46
5 36

472
10
2 41
10 47
6 6
10 60
1 54
6 34
3 59
13 57
4 59
5 55

220
5
2 52
1 44
3 12
8 56
7 56

130
4
2 36
8 15
16 58
6 21

71
2
16 52
2 19

347
9
1 27
9 54
5 44
4 13
1 35
1 53
9 46
4 17
13 58

30
1
5 30

162
4
3 42
2 58
4 46
2 16

147
3
4 58
1 46
2 43

200
5
4 14
8 52
1 44
5 41
3 49

132
3
11 46
11 45
15 41

124
5
3 7
5 47
3 25
1 3
3 42

276
9
2 27
3 32
5 35
3 48
1 23
1 4
3 31
14 53
4 23

293
7
4 33
15 41
7 54
14 49
12 33
3 49
7 34

640
20
10 43
17 40
10 6
4 18
6 58
4 50
3 26
20 8
6 3
1 2
20 46
15 49
20 19
17 48
6 36
1 44
7 35
3 23
14 39
20 47

22
1
2 22

50
2
8 24
15 26

517
12
3 50
5 32
4 48
17 57
8 32
1 53
5 32
3 38
6 31
12 47
1 45
6 52

275
5
10 60
12 52
5 59
7 53
1 51

444
12
1 24
2 15
9 41
5 24
5 28
6 45
2 60
13 42
7 51
5 34
4 46
3 34

608
14
7 58
2 47
4 57
9 51
8 31
3 12
19 55
5 21
1 54
4 36
4 33
2 59
14 60
9 34

80
2
17 37
13 43

592
14
5 27
1 17
10 55
19 55
16 53
6 28
4 58
3 15
3 47
1 29
17 60
2 43
4 48
14 57

388
9
6 53
3 22
7 38
4 29
7 44
10 54
3 49
7 39
10 60

545
14
3 38
4 44
1 8
2 30
4 26
1 8
3 57
6 47
5 50
16 51
4 57
2 15
12 55
9 59

312
6
7 52
12 56
4 54
9 45
1 57
8 48

434
12
7 59
8 53
8 37
7 29
1 4
5 22
11 40
3 2
6 53
10 45
1 33
14 57

157
4
5 52
6 41
6 49
3 15

51
2
9 17
13 34

314
8
10 47
8 35
4 4
3 39
12 54
7 47
13 51
8 37

11
1
13 11

430
10
12 41
12 33
11 55
8 47
8 50
13 44
5 28
14 26
15 56
19 50

359
11
5 46
4 44
6 33
2 33
8 21
5 41
1 13
2 28
2 19
7 33
2 48

116
2
18 60
16 56

37
1
17 37

180
4
5 52
4 60
3 11
3 57

257
6
3 43
4 22
12 48
11 43
15 56
14 45

190
4
1 47
2 51
1 55
4 37

168
5
2 33
4 19
13 60
6 35
2 21

301
8
6 39
2 60
6 18
19 39
12 30
5 30
13 46
20 39

169
3
12 57
2 57
3 55

394
10
6 28
8 42
5 28
9 39
5 22
6 44
6 53
1 50
6 52
7 36

108
3
13 55
1 27
3 26

578
16
11 57
4 57
2 45
1 9
2 12
1 26
10 30
12 49
9 36
13 60
11 59
4 37
6 36
8 26
1 38
1 1

1
1
2 1

78
2
6 20
2 58

878
23
2 56
17 37
6 31
13 39
13 26
4 57
14 26
9 42
3 2
20 51
16 60
17 50
4 52
7 46
14 55
2 22
11 51
8 30
7 23
8 34
1 37
1 49
5 2

166
4
12 45
6 25
19 47
8 49

197
5
10 44
20 53
16 49
11 22
7 29

425
10
9 40
9 32
12 53
13 58
8 27
6 58
6 25
8 57
5 21
4 54

69
2
1 17
4 52

94
3
3 51
1 42
5 1

178
5
20 12
4 56
7 17
16 50
4 43

311
10
19 55
20 19
5 2
9 49
8 13
3 40
18 22
13 49
20 2
16 60

300
7
12 54
3 37
10 59
6 37
4 35
11 51
2 27

399
12
3 41
7 13
19 51
16 46
3 57
13 43
19 37
8 17
17 55
3 2
10 28
3 9

0
0

428
13
14 22
12 32
4 49
4 17
3 31
15 26
17 25
9 41
10 57
2 19
17 35
8 28
8 46

503
12
1 54
4 51
15 49
16 35
20 58
3 44
4 48
9 35
9 49
2 4
2 53
9 23

112
3
1 39
1 35
1 38

320
11
10 28
3 44
15 36
1 5
10 21
15 33
2 52
3 13
5 27
8 24
18 37

240
6
6 54
17 43
7 44
4 42
5 18
7 39

12
1
1 12

103
3
11 36
7 57
20 10

160
3
3 59
1 46
2 55

182
4
12 57
8 17
2 51
10 57

352
10
7 30
1 24
16 56
2 60
10 3
2 46
5 47
11 27
13 32
5 27

549
16
9 50
18 51
13 42
17 52
7 30
1 18
7 19
3 4
12 30
10 50
12 21
11 60
6 12
8 41
9 19
16 50

267
6
3 49
7 59
3 35
5 21
5 45
8 58

43
1
1 43

630
15
16 26
5 56
20 55
6 24
2 27
2 39
18 45
15 32
7 44
12 23
18 51
5 46
13 59
15 43
2 60

205
5
7 49
9 50
11 57
4 3
3 46

224
7
5 49
12 19
15 52
9 22
1 36
7 17
15 29

175
4
3 37
12 50
2 32
12 56

101
3
7 28
2 39
16 34

92
3
6 2
11 43
20 47

253
8
8 18
5 58
19 59
2 26
4 20
7 18
6 52
4 2

611
16
2 20
8 45
7 52
9 54
4 36
16 38
1 42
10 28
1 8
10 46
7 29
3 28
6 34
10 40
10 56
2 55

261
8
2 32
2 54
17 30
14 8
9 31
8 46
8 26
13 34

255
5
12 57
11 57
5 47
1 46
1 48

39
2
19 24
7 15

224
10
17 54
4 6
9 19
1 20
11 9
13 30
5 14
2 48
11 7
20 17

423
9
8 30
14 40
4 47
6 35
3 59
13 59
2 49
12 59
10 45

144
3
16 39
8 52
7 53

185
8
1 46
11 29
17 15
2 49
9 9
12 3
8 29
20 5

306
9
10 30
11 50
12 46
1 38
16 45
3 37
4 16
13 34
4 10

481
12
5 31
4 50
4 45
7 43
6 53
9 39
3 53
6 30
2 18
11 56
1 44
5 19

92
2
10 56
18 36

156
7
19 14
16 25
18 38
15 19
10 3
5 15
16 42

83
4
7 20
4 31
8 15
9 17

87
4
18 28
19 10
10 47
11 2

383
9
1 26
2 57
10 47
3 29
1 5
14 55
9 55
8 50
11 59

269
8
2 39
2 40
14 30
12 22
5 26
15 47
19 56
5 9

223
5
1 47
1 30
4 58
2 39
1 49

554
13
19 59
12 21
1 20
2 59
14 41
14 53
5 36
11 42
7 57
12 33
7 59
3 26
3 48

442
12
12 28
20 47
14 54
4 54
7 56
3 12
19 28
5 48
3 54
11 5
1 52
1 4

118
3
2 26
2 39
2 53

255
6
6 49
17 60
5 21
10 55
17 51
7 19

137
3
15 57
3 56
6 24

308
7
4 57
9 60
3 14
4 53
6 47
1 54
4 23

227
5
4 43
5 59
10 56
13 50
18 19

499
11
3 27
1 43
6 42
4 52
1 55
6 50
13 46
7 39
6 60
5 53
4 32

154
4
4 13
4 52
6 40
1 49

29
1
5 29

92
2
10 46
5 46

9
1
10 9

315
8
6 44
10 27
2 52
7 58
5 53
10 28
8 40
7 13

137
3
12 53
12 47
11 37

113
3
11 34
1 40
9 39

384
9
12 58
7 41
19 45
4 27
1 26
5 30
1 58
1 50
15 49

49
2
4 48
13 1

207
4
4 43
9 60
4 60
2 44

36
1
5 36

19
1
2 19

51
2
16 48
4 3

34
1
1 34

129
3
8 44
10 50
20 35

229
7
2 26
12 17
12 53
3 22
5 33
16 45
18 33

13
1
3 13

720
21
5 34
1 38
10 25
20 49
2 6
14 44
5 22
9 31
3 18
3 54
12 30
13 37
8 37
1 18
2 41
4 41
17 53
2 37
15 42
3 15
7 48

352
7
6 58
7 59
1 29
5 44
11 57
13 54
9 51

562
18
12 44
5 10
2 5
9 36
20 60
10 13
5 27
12 7
8 53
2 20
9 39
2 27
3 53
14 36
10 33
2 31
8 21
2 47

426
10
12 52
11 53
2 49
10 38
3 29
2 36
14 49
4 20
1 51
14 49

223
7
14 14
17 26
12 47
14 20
14 37
15 23
3 56

101
3
3 14
10 28
9 59

410
12
3 14
13 32
1 23
2 56
2 24
2 3
12 58
10 31
4 49
2 54
4 15
15 51

244
8
1 38
3 26
2 26
3 9
4 56
1 45
3 20
5 24

206
5
2 20
4 52
4 30
3 45
3 59

371
9
11 58
4 21
11 57
6 24
8 31
6 32
13 49
5 49
7 50

195
8
4 2
3 43
6 2
2 6
16 8
9 46
8 36
3 52

339
8
11 44
16 42
6 35
18 39
15 41
18 58
10 35
2 45

166
4
3 43
3 57
2 18
3 48

159
4
14 56
4 23
1 28
6 52

322
7
5 28
9 49
12 54
8 49
6 44
1 42
15 56

276
5
15 58
8 43
9 56
4 59
2 60

104
4
4 15
9 45
12 23
9 21

129
3
3 27
4 54
4 48

68
2
11 17
11 51

176
5
19 31
4 49
8 52
8 23
2 21

20
1
4 20

59
1
1 59

449
15
2 44
13 20
2 8
20 50
15 34
18 28
7 14
12 27
3 25
8 50
15 8
3 42
4 55
16 28
1 16

204
5
9 59
6 55
13 60
2 20
1 10

148
4
11 39
2 44
6 57
12 8

166
3
2 50
2 58
1 58

340
7
1 49
5 51
3 46
3 51
1 47
5 46
6 50

42
1
1 42

145
3
1 52
1 53
2 40

364
9
3 48
5 43
8 42
3 38
6 12
11 59
7 37
5 29
9 56

675
20
1 49
11 22
4 47
7 49
10 39
11 46
1 2
1 60
11 20
10 25
1 5
8 12
5 4
15 56
18 29
6 24
18 36
8 50
20 60
13 40

441
10
2 45
3 26
1 3
8 47
11 44
10 52
4 54
4 53
6 57
10 60

291
8
14 37
5 41
20 37
16 58
3 18
4 44
6 31
7 25

0
0

44
3
8 3
20 24
17 17

403
12
14 37
16 11
18 36
17 21
6 49
1 44
8 50
4 1
11 31
2 26
5 52
15 45

114
3
5 36
2 27
2 51

319
7
1 48
13 46
3 57
5 60
3 24
6 42
12 42

208
6
16 25
16 53
12 2
9 57
6 57
1 14

363
9
4 49
12 57
11 59
1 24
4 24
1 24
1 36
9 42
4 48

339
8
7 39
5 49
13 37
9 47
2 60
3 36
2 49
1 22

99
2
1 46
1 53

57
2
17 30
4 27

52
1
17 52

598
16
10 17
9 58
20 55
4 60
11 57
4 50
16 54
3 57
13 24
3 12
9 35
8 12
2 8
18 55
9 26
1 18

356
9
5 46
9 58
4 51
6 45
8 36
11 41
1 22
7 35
1 22

409
9
1 24
9 51
10 56
5 45
11 59
18 59
15 49
1 29
6 37

489
13
8 38
4 56
1 26
7 45
3 9
1 5
3 33
3 48
12 58
9 56
5 59
2 33
5 23

609
23
20 8
6 16
5 7
18 42
5 36
2 31
1 24
17 36
7 12
20 22
13 28
10 39
15 17
19 13
2 52
3 29
9 14
2 12
10 39
9 23
11 39
18 13
2 57

244
6
11 49
9 42
9 48
1 22
11 59
2 24

253
6
4 49
16 56
12 60
3 18
10 45
5 25

855
23
2 21
12 39
14 35
10 26
8 24
5 52
5 42
7 21
10 43
9 60
3 40
3 55
7 45
14 33
13 41
14 31
8 20
1 14
20 46
10 48
10 57
14 28
3 34

433
11
4 54
4 38
3 38
1 26
1 25
13 45
17 56
14 57
14 26
9 16
2 52

296
7
6 60
3 26
10 28
5 33
3 51
12 50
11 48

65
2
5 27
15 38

114
4
2 16
4 51
2 31
3 16

264
6
7 18
7 55
2 59
7 22
8 56
4 54

320
8
4 37
8 53
11 32
14 28
1 30
14 51
1 34
3 55

292
8
18 55
16 54
6 6
19 58
11 41
16 31
16 16
17 31

339
8
2 51
1 35
2 47
10 46
5 35
6 46
3 37
6 42

144
3
7 36
3 54
13 54

126
5
17 22
2 25
6 20
8 2
9 57

285
6
16 36
3 53
8 51
9 40
12 53
10 52

227
6
1 21
2 25
9 57
4 19
8 50
11 55

39
1
11 39

271
8
6 17
9 58
4 36
5 26
4 24
1 14
2 57
2 39

329
7
9 32
10 49
9 46
6 48
15 60
1 34
15 60

21
1
7 21

246
8
18 26
2 48
1 58
7 25
1 36
2 13
13 20
4 20

209
5
2 31
1 54
3 56
10 52
1 16

587
13
2 47
7 18
6 59
6 57
15 58
14 45
20 55
11 34
12 50
3 22
17 58
2 37
17 47

525
14
10 50
5 26
12 60
2 7
9 41
5 38
9 42
1 25
6 30
6 34
2 48
12 57
5 44
1 23

212
6
7 60
4 40
2 13
1 15
4 55
1 29

42
1
14 42

359
8
18 57
14 51
7 33
2 58
3 15
8 42
13 48
5 55

497
14
4 19
18 54
8 47
8 54
7 44
1 30
13 7
17 43
3 24
18 29
8 31
19 44
14 49
19 22

151
4
5 32
15 42
14 33
1 44

186
5
4 51
1 23
1 4
5 60
7 48

227
5
14 37
11 53
4 58
10 32
17 47

182
6
9 40
8 42
8 31
12 17
13 5
6 47

377
9
1 38
1 35
6 29
5 34
5 29
3 53
4 49
1 53
9 57

291
8
10 37
12 30
17 55
3 37
11 38
1 45
1 9
11 40

294
7
4 36
2 56
7 49
7 47
1 7
5 59
3 40

291
7
1 60
6 43
6 55
5 25
1 8
4 43
4 57

360
9
7 32
3 20
12 44
1 60
6 48
1 41
7 46
4 48
6 21
