6
50
479 559 160 256 263 508 143 279 149 204 90 581 107 458 283 477 37 244 218 566 473 661 238 256 344 438 151 302 208 243 70 291 111 403 201 492 296 305 365 789 353 605 148 405 220 374 449 488 404 898 252 720 153 468 292 508 213 574 311 343 101 196 264 698 331 803 276 608 341 516 303 583 47 413 231 524 99 563 4 118 438 849 418 825 144 362 256 432 45 411 466 895 438 594 89 96 471 494 479 814 
25
619
612
977
137
594
824
891
933
772
245
63
265
585
865
310
694
733
832
685
322
59
613
87
971
67

200
1113 2095 1115 1600 237 1118 865 910 1046 1625 964 1436 304 854 1106 2055 660 1246 104 1043 850 2022 961 1766 995 1141 980 1491 687 783 1048 1879 1094 1734 692 1047 72 997 199 492 196 1107 460 1498 280 898 595 1730 385 1028 412 1227 537 1523 505 927 393 604 25 735 1000 1597 585 972 894 1097 860 1013 484 1377 1003 1904 350 1484 1177 1969 829 1317 198 208 376 1021 521 1283 66 570 1241 1406 1178 1744 607 813 746 825 283 665 320 589 325 1224 830 993 694 1744 1213 2064 273 1182 525 1516 442 498 679 1666 794 1364 305 1522 677 1035 1102 1804 536 1284 54 1055 820 1349 419 913 1155 1833 488 588 409 838 209 1083 820 1131 233 510 392 1076 918 933 895 1501 402 1288 270 846 176 307 747 1713 1245 1588 1157 1186 736 1903 1127 1185 993 1822 186 1353 975 994 307 783 61 559 208 824 1224 1833 290 648 449 850 517 578 90 1219 1138 2049 699 1055 1129 1716 27 198 564 718 90 1135 930 2103 686 1407 679 1697 494 769 557 1186 710 748 899 1292 235 1401 622 1798 566 1513 671 1458 391 568 918 1304 627 755 1134 1530 756 1262 932 1491 220 1312 751 1316 1191 1398 226 906 20 1258 234 411 828 1070 1000 1094 814 872 1142 1622 1232 1400 5 354 728 1046 1103 2108 476 840 618 1715 737 1399 911 2022 962 1483 1117 1971 1035 1730 1179 1402 1191 1671 800 2030 926 1636 398 1372 477 1525 385 903 1074 1952 377 988 258 488 805 1569 714 1628 1111 1405 1020 1835 269 486 1050 1310 894 923 251 658 321 1503 771 1010 1132 1961 219 958 833 1335 161 967 1160 2244 591 1602 1186 1875 541 1190 837 867 42 433 955 1600 1099 2075 946 1601 948 1703 213 307 925 1383 1195 1786 537 944 949 1000 124 478 365 1409 40 647 220 943 65 466 305 904 423 793 592 921 919 1956 734 1927 299 843 923 1140 863 1190 843 1041 107 611 943 2111 293 640 60 372 590 1506 256 392 1097 2065 1212 1559 186 307 1150 1946 
100
995
2137
1090
1973
1000
1895
1282
1274
874
2393
2126
542
2314
770
2249
369
482
1298
1539
775
1872
1343
1766
45
1830
1915
1745
840
576
298
1496
1525
5
771
1702
1865
909
1565
1512
1146
2191
256
1542
2416
2235
2347
848
1439
2493
185
531
1519
2138
1831
1890
239
1411
1617
2196
2226
764
497
563
1401
1393
1039
1939
1399
1909
604
502
1378
1748
1116
612
1704
179
1462
2248
2396
608
774
218
1212
2179
1483
1763
1093
710
1300
243
2161
1244
1093
2241
1438
1633
863
1546
1511

500
1 5000 5000 5000 485 1321 1951 3299 2250 3928 625 2564 685 2544 2321 2666 1852 3766 1752 1901 2028 2045 2006 2373 1470 2220 1934 2720 1233 1390 890 1754 1135 1667 1301 2138 603 1005 1 797 415 981 2060 2481 1930 2933 1122 2704 1934 2563 1934 3803 4 663 974 1608 89 2169 581 1400 698 1480 237 2661 388 761 301 1434 1950 2643 1977 2676 1988 2451 2273 2288 1104 1149 500 2898 2296 2458 2066 2432 1908 2772 1988 4006 1769 3695 1561 1850 1471 2761 2078 2899 944 1920 2395 2899 1411 1592 294 714 1172 2206 1708 3823 838 1927 1778 1916 1379 3470 606 1617 699 2368 2176 3430 2188 4212 2088 2952 517 1600 1987 2887 175 2210 690 2434 1677 3180 2202 4374 1933 3396 2425 4707 441 625 1693 3838 967 2793 1477 2636 2469 4821 2386 3909 1244 2377 1316 3297 88 2264 254 1719 1697 2484 1422 2824 2473 3851 2014 3969 814 1144 564 1869 1311 3028 2257 3573 1947 4395 2251 4227 811 1754 2157 2185 1694 2848 2036 3834 1387 2225 1195 2122 1653 2533 2043 3293 2030 3724 901 1741 678 1321 1458 3624 2488 2864 2114 2804 1513 3033 240 1193 512 1162 634 2520 74 1885 204 1249 122 578 2155 4601 57 1702 21 1846 1712 2027 384 696 1379 2844 1586 2884 979 1640 675 935 2476 4452 877 2267 1613 1856 1312 3073 1688 3588 2144 4276 2121 4327 794 2102 1711 3375 2009 3626 356 2466 899 1477 527 1784 883 2437 892 925 1453 2714 911 2913 152 1499 1845 3493 1988 3259 2352 3753 1945 2569 1373 1769 800 826 1173 1936 813 2668 609 1663 1885 2527 1400 2247 1895 3779 776 3167 467 2129 587 1678 1515 3314 504 912 1654 2285 2442 3131 1942 3104 1038 3408 272 2726 2497 2532 1259 2379 2412 2467 680 1086 1556 2375 962 1668 174 1105 2498 3265 109 200 1953 3645 579 2511 1369 1884 605 1294 614 2167 938 2675 1235 2387 2284 2495 534 2228 2404 2906 145 612 1832 1920 2474 2908 1890 4168 2082 3577 1231 1684 1054 2839 13 1443 398 857 1871 3272 1351 3207 1064 2016 1821 2336 751 976 2222 3997 1622 2096 1947 3814 640 2036 908 2482 1913 3255 922 1756 1730 1793 1142 2560 1559 2751 2469 3609 1030 1863 1660 2557 2157 4385 525 2753 1300 2519 843 1532 600 2743 2132 3902 2160 3385 313 1606 991 1360 863 1740 106 253 1537 3644 2376 2702 2093 2771 1160 1912 137 2495 967 1263 2396 4606 216 2314 614 1200 881 1754 1412 2052 1932 3980 92 1310 1442 3797 2333 2377 451 905 652 1876 2220 3186 67 1651 2007 3294 1867 4232 2178 2230 534 960 671 2345 453 2733 2030 3651 665 2376 523 871 2429 3224 1492 2030 976 1222 1117 2112 2413 2550 2120 3798 1123 3394 1092 3310 148 1793 405 1257 1486 2066 296 1907 790 1271 1549 2971 2273 3619 1971 3534 472 1887 857 1241 1183 2975 2324 2748 450 2884 2456 4441 20 370 2303 4400 306 1779 1376 1860 1085 2863 2053 3149 1944 3151 498 2790 340 1683 2387 3390 2341 4062 1352 2429 442 487 2235 2674 1474 2214 2062 3454 327 2044 2000 3152 844 1399 1823 3968 198 1101 1441 3827 2011 4451 1468 3776 932 1310 1782 3887 1509 2496 1589 1704 2347 4136 1772 2453 1629 3202 1944 2625 2252 2254 1747 2693 2422 4252 1799 3297 718 1919 1599 4064 1123 1402 111 856 515 1363 729 1722 502 2606 1769 2029 1360 3078 1129 2135 75 2397 1566 1976 2014 2124 1716 4132 124 750 1928 3260 2205 2977 1233 2142 1764 1779 2328 4135 1653 2098 161 1843 2130 3426 1335 2670 505 2518 2000 2930 1685 2204 1843 4057 1010 2950 1331 3065 1250 3377 2061 4506 1879 4364 1645 4106 2019 2033 1694 3904 755 2191 1616 2865 2268 3771 1396 3276 408 429 1091 2011 1641 2941 919 2157 1516 1993 1195 2579 2013 3754 2166 4301 1007 1139 2340 4355 1354 1525 2013 2072 1793 2210 95 2418 1724 3469 951 2763 2399 3779 903 2168 1985 2675 1439 2740 91 419 298 2196 87 279 2196 4626 2346 3770 734 1463 1711 1985 1258 3223 1799 2440 1542 2155 2038 3676 1124 3554 886 3280 44 1201 1820 3887 1010 2605 24 2190 850 1005 126 821 1814 3602 939 2761 1783 3838 105 139 760 1480 1796 1944 229 539 2374 4264 1520 1658 2086 2250 62 1306 1966 2518 1664 3932 2214 4352 2460 2564 1681 2949 1400 2623 691 1632 1519 2106 2352 4281 128 1748 1269 3334 1384 2373 757 986 1470 2426 459 1056 57 970 1311 2089 138 1139 711 1113 1441 3910 2180 4002 1435 1669 522 2075 910 2737 2161 4223 449 2215 2046 3039 1014 2199 122 1801 2463 3708 769 1715 2273 4635 183 1406 1280 1433 2425 2827 1335 3492 223 1209 251 860 2443 3279 720 841 1470 2399 848 2789 1126 3013 773 2960 1136 1756 870 2998 551 1310 1210 1751 347 2696 1460 1568 556 1287 1491 1889 1023 3197 2050 3647 2051 2126 1692 3251 828 942 2052 4262 630 2342 1979 3042 1189 2313 631 1500 630 1097 2363 4754 129 603 2412 3102 1993 2334 2465 2779 1218 3029 1614 3739 2162 4403 2292 2949 2368 2401 2369 4144 745 2320 2314 2370 2313 4552 907 2264 1526 3360 1042 1437 1583 2855 1624 2900 1532 3903 2301 2439 1782 2511 215 628 2104 4371 1970 2019 2205 2703 804 2290 2424 2833 2280 3035 606 1083 1593 2928 334 2523 1753 3936 812 3261 659 1192 2497 2674 1939 3153 1854 3754 512 942 688 1636 972 1061 1995 3048 692 1422 1395 2084 
500
3394
2409
209
4138
3730
4891
4111
1128
3689
1745
3776
1787
4093
2154
607
2920
4278
3433
2962
200
4013
1275
3562
4038
2628
4594
1674
610
2569
2792
978
2256
4385
2767
663
2874
349
749
2784
2482
3595
2238
2840
1940
1707
3657
4987
4296
740
4316
3230
4117
1979
4020
3632
1521
1655
2436
3983
1117
2228
3782
1752
2357
467
120
2871
1334
2546
1966
4847
3632
3861
2238
3182
1466
3256
2744
456
3532
4591
3227
415
3064
3813
1477
2948
538
1013
4859
3284
1063
4689
646
1178
2313
837
4535
213
2688
2550
2169
2853
4061
4156
1332
3936
4984
353
570
2243
4937
3533
2066
871
4819
3568
4275
4098
2116
4026
1970
1783
586
4507
1388
883
3848
1738
2383
1093
1725
2420
370
3185
3221
4556
4245
1760
4561
2073
3516
144
3154
4176
2525
2020
4243
3934
4248
4472
1236
4530
1102
1107
3851
4166
2610
1200
77
2136
3597
3395
3234
1633
358
1965
2438
4785
3150
292
2867
708
3432
1531
620
2949
3799
3777
845
3886
4347
4760
4270
1465
1771
1772
2286
1230
1654
3701
628
2130
2333
2875
3113
296
2920
3558
913
3198
2896
4863
3969
2063
1180
1103
522
2544
3014
2130
2411
26
517
2430
365
3995
4341
2734
695
952
2115
2206
4122
4715
4626
3666
3911
3213
684
3999
2541
1673
994
3910
87
4541
2292
4616
73
733
972
1147
3979
4014
3884
1456
3726
3036
4472
581
2811
1288
1334
4622
2819
3937
2570
547
2681
117
2550
117
996
645
2799
1595
48
75
2682
2340
1580
1080
4397
368
2199
1814
315
1344
908
199
3159
1926
3644
4849
2210
17
2330
3142
1959
497
2441
396
3851
348
2394
3293
4154
4827
3290
196
1084
1205
4776
4669
263
1573
2060
4423
2038
2426
1715
2738
2431
3267
1815
2191
227
4229
260
168
4166
74
4893
2916
4470
1368
4348
1639
600
2435
3264
1244
2061
2504
3297
1432
252
3103
1175
4605
1778
2875
3224
1183
4876
3522
1385
2166
1565
1236
852
3033
2299
1786
1863
2899
267
1292
1357
1781
1325
86
2206
3776
2786
3280
3770
2493
1369
1385
2771
3219
4218
495
1055
4059
2066
910
4604
4019
3180
779
4103
2974
1713
219
4357
4573
166
4229
2010
2940
1980
72
32
2051
3357
154
1759
2111
2626
1775
4083
3853
3762
4890
1067
3938
3036
619
526
1954
45
2149
4808
2171
1981
4466
2506
877
4916
3694
631
104
4003
4133
410
3130
3996
4010
1261
2940
2875
1605
4677
287
4622
4943
4249
2200
440
1421
345
2926
579
1927
3500
2868
99
1780
4193
23
3144
4548
3975
2365
92
3849
424
640
243
2651
2408
4526
1071
4839
291
3486
2075
4251
4732
4449
4864
360
2379
4483
187
3965
4486
3893
1503
100
3512
1680
31
2035
1022
1623
2140
3665
2134
857
564
2026
1371
3242
1332
1233
2435

150
606 606 1070 1070 642 642 465 1424 574 1533 432 1390 1224 1374 167 292 437 491 619 962 1209 1495 420 1148 522 955 100 956 519 734 1076 1128 624 942 902 1116 371 472 1094 2008 370 401 1166 2224 1043 2192 158 800 858 1280 486 1088 1 839 72 98 100 1105 700 1226 39 534 164 813 1149 1874 1115 1227 199 1108 1204 1734 1116 1630 183 1366 789 809 952 1983 1059 1835 950 2128 1019 1630 436 946 514 1338 244 1192 713 1636 1177 1466 1205 1282 828 1586 503 746 1079 2299 79 1203 229 295 445 1427 410 635 482 1077 1141 2298 767 1407 700 1718 1001 1567 1208 2305 779 1602 564 1158 398 1442 726 1534 1183 1309 1162 1864 663 1364 711 1503 179 1061 371 1576 581 826 847 1250 1149 1443 1033 2115 751 994 403 469 1043 1797 1030 2184 132 176 435 1030 441 973 890 1076 118 1229 1015 2025 770 1148 875 1657 584 1018 1115 1228 411 1632 358 590 440 946 999 1674 1126 2277 262 1254 634 653 807 1790 896 1815 524 574 1016 1929 860 1711 607 1768 103 873 412 695 1207 1647 221 1261 696 1040 151 540 957 1502 57 873 575 1795 635 689 484 1705 103 147 1100 1516 308 997 800 1599 1062 1770 1041 1869 696 1328 200 1380 368 784 992 1787 461 631 209 1006 439 1077 954 985 368 1390 195 245 1008 1898 891 1540 827 1124 498 1317 629 1091 949 1261 992 1989 380 953 140 957 853 1474 830 1162 492 882 910 1602 960 987 456 820 698 701 47 881 434 445 35 1257 1208 1351 
80
606
443
1447
2212
1052
2492
2364
1433
2383
1488
118
1676
360
2304
769
1868
2415
1136
83
1931
1450
1610
306
1584
54
381
273
2
2432
1419
926
1978
1889
657
804
198
908
1743
1956
477
146
1151
2136
623
576
866
2351
830
314
1778
1425
1496
2195
632
1558
1639
726
1729
2333
8
1400
973
2459
1811
1867
908
874
91
2123
1464
746
1748
1668
2485
355
1853
1849
1148
689
642

200
321 1381 371 1940 715 942 765 1721 1235 1339 1285 1919 881 1225 931 1862 711 980 761 1740 878 1679 928 2089 1047 1795 1097 2147 677 1379 727 1939 251 568 301 1534 1100 1747 1150 2123 824 1999 874 2249 913 1742 963 2121 774 1696 824 2098 845 1121 895 1810 1248 2491 1298 2495 246 1153 296 1826 385 1341 435 1920 521 1537 571 2018 861 1338 911 1919 915 1093 965 1796 91 560 141 1530 10 742 60 1621 1231 1363 1281 1931 720 1275 770 1887 167 961 217 1730 899 1193 949 1846 914 1830 964 2165 750 989 800 1744 295 987 345 1743 13 239 63 1369 687 1844 737 2172 1190 1247 1240 1873 648 1145 698 1822 616 1168 666 1834 1080 2234 1130 2367 822 1875 872 2187 445 1277 495 1888 737 1119 787 1809 898 1581 948 2040 174 282 224 1391 1161 1551 1211 2025 662 905 712 1702 668 934 718 1717 57 501 107 1500 135 268 185 1384 944 1828 994 2164 1218 1515 1268 2007 42 241 92 1370 916 1920 966 2210 259 743 309 1621 783 1858 833 2179 691 823 741 1661 360 1088 410 1794 5 312 55 1406 314 336 364 1418 994 1308 1044 1904 1097 2171 1147 2335 134 345 184 1422 455 700 505 1600 553 1511 603 2005 1015 1590 1065 2045 496 1600 546 2050 578 1553 628 2026 157 1276 207 1888 573 691 623 1595 1011 2073 1061 2286 726 1500 776 2000 522 1731 572 2115 548 1172 598 1836 1062 1206 1112 1853 809 1100 859 1800 688 767 738 1633 1179 1580 1229 2040 165 562 215 1531 552 1148 602 1824 267 457 317 1478 553 1467 603 1983 938 1907 988 2203 227 654 277 1577 596 763 646 1631 611 1232 661 1866 1065 2126 1115 2313 620 1741 670 2120 1016 1790 1066 2145 445 613 495 1556 804 1575 854 2037 54 582 104 1541 1002 1033 1052 1766 201 487 251 1493 103 427 153 1463 194 1261 244 1880 39 732 89 1616 280 822 330 1661 677 1319 727 1909 298 817 348 1658 762 1439 812 1969 148 260 198 1380 955 955 1005 1727 77 1090 127 1795 716 1799 766 2149 
150
1293
429
2166
426
1166
1944
821
880
866
2362
2055
587
2255
366
2463
1054
1930
499
1385
291
1429
1472
1266
766
911
1704
269
2098
62
1634
371
1392
2353
1020
396
1271
1708
2467
1308
667
808
255
2176
974
36
2285
1826
1585
1297
1015
372
766
1286
932
762
929
1098
728
302
1151
875
964
825
896
1299
297
436
572
912
966
142
61
1282
771
218
950
965
801
346
64
738
1241
699
667
1131
873
496
788
949
225
1212
713
719
108
186
995
1269
93
967
310
834
742
411
56
365
1045
1148
185
506
604
1066
547
629
208
624
1062
777
573
599
1113
860
739
1230
216
603
318
604
989
278
647
662
1116
671
1067
496
855
105
1053
252
154
245
90
331
728
349
813
199
1006
128
767

150
848 1455 548 848 970 1256 599 1494 1096 1628 362 1400 266 1106 1196 2191 978 1713 1204 1669 1143 1220 655 1245 514 1130 1209 1642 2 956 808 1266 609 1436 1064 2033 925 1157 1151 1515 1141 1816 600 1340 1112 1518 479 565 848 1222 479 845 462 1688 1159 1717 678 1444 777 1234 181 986 737 764 330 475 1155 1949 1191 1916 529 1186 1003 1645 689 816 671 1411 525 1026 846 1551 316 953 934 1388 1023 1939 880 1273 605 1041 20 977 254 677 80 1300 124 321 292 619 1078 1219 723 908 315 323 417 600 379 485 639 1859 1057 1994 1193 1212 773 1874 109 330 632 695 142 1306 496 855 589 628 587 1070 829 1859 1069 1241 288 572 391 701 605 1811 527 679 1112 1802 296 439 248 650 569 1662 881 1607 897 1593 31 1013 654 907 188 205 870 1215 962 1013 455 706 342 1443 1126 2294 147 545 883 1209 287 585 869 1421 267 971 494 871 359 916 480 1516 1163 1646 557 860 467 983 714 1779 663 1095 367 861 742 1432 680 1725 697 814 680 1578 387 1229 86 572 248 1090 297 817 1122 1385 594 1203 829 903 433 534 675 1001 590 902 610 1205 1021 2154 340 1200 71 802 284 371 1214 1416 702 911 73 198 437 1023 143 1349 561 583 744 1124 108 880 1116 1457 287 770 525 991 337 649 73 415 125 277 367 447 312 949 373 1459 1197 2051 1097 1825 128 970 396 402 787 1398 482 1352 630 1200 796 815 423 1292 783 1139 377 400 1130 1377 401 521 774 1441 
80
848
8
1627
1286
814
1926
2355
1663
1183
1950
1236
2200
189
2446
2017
2163
1452
1886
1151
136
293
1648
990
2026
1519
18
1754
1256
2102
301
384
2167
2082
2481
1145
1073
1289
1933
2084
533
818
2449
772
1987
1213
939
2364
122
2461
328
1018
1955
1770
4
767
1417
356
1848
469
2394
2149
796
1576
669
2393
1452
2170
1964
1064
413
2226
926
1855
499
2105
843
720
1233
16
1

