6
10
9 10 27 73 8 46 48 68 31 63 10 18 49 69 5 43 13 28 46 81 
5
44
98
36
89
1

25
79 135 80 186 15 133 37 69 10 89 62 108 55 68 57 173 42 124 37 48 89 178 113 159 15 21 108 168 67 148 3 84 84 95 103 103 58 121 93 99 10 90 102 185 104 129 36 53 114 156 
25
153
193
81
24
121
1
206
230
73
103
1
23
36
206
98
36
238
227
112
96
180
19
159
111
85

50
1 500 500 500 212 427 17 46 184 421 25 227 177 331 177 413 108 174 110 225 5 199 11 127 33 49 121 346 158 272 107 203 64 312 66 105 118 145 236 413 103 263 29 217 234 429 243 346 187 260 30 93 33 102 192 389 67 244 68 295 96 184 119 348 150 286 165 277 82 252 75 222 90 226 186 397 188 262 151 171 191 291 119 314 214 252 31 92 158 309 1 134 118 152 191 278 242 418 87 93 
50
103
160
451
420
397
230
189
234
352
9
321
8
442
52
363
95
266
158
328
120
46
125
486
428
321
76
82
92
201
329
478
2
88
387
121
24
207
159
382
268
76
202
341
213
189
363
356
242
226
431

15
28 28 1 1 99 99 67 159 4 84 161 334 16 71 16 45 101 269 26 43 131 307 83 208 94 285 72 199 170 365 
8
28
2
293
203
355
382
332
99

20
103 261 153 330 130 140 180 270 74 259 124 329 102 225 152 312 69 212 119 306 4 52 54 226 133 143 183 271 21 68 71 234 99 195 149 297 2 37 52 218 
15
109
58
155
371
201
154
181
125
153
120
55
184
72
150
53

15
146 186 48 146 169 197 138 282 96 173 13 174 199 246 5 60 124 241 9 102 199 370 128 154 154 178 63 66 85 281 
8
146
380
63
36
88
242
336
221

