0
1
2
3
4
5
6
7
8
9
10
11
12
13
14
15
16
17
18
19
20
21
22
23
24
25
26
27
28
29
30
31
32
33
34
35
36
37
38
39
40
41
42
43
44
45
46
47
48
49
50
51
52
53
54
55
56
57
58
59
60
61
62
63
64
65
66
67
68
69
70
71
72
73
74
75
76
77
78
79
80
81
82
83
84
85
86
87
88
89
90
91
92
93
94
95
96
97
98
99
100
101
102
103
104
105
106
107
108
109
110
111
112
113
114
115
116
117
118
119
120
121
122
123
124
125
126
127
128
129
130
131
132
133
134
135
136
137
138
139
140
141
142
143
144
145
146
147
148
149
150
151
152
153
154
155
156
157
158
159
160
161
162
163
164
165
166
167
168
169
170
171
172
173
174
175
176
177
178
179
180
181
182
183
184
185
186
187
188
189
190
191
192
193
194
195
196
197
198
199
200
201
202
203
204
205
206
207
208
209
210
211
212
213
214
215
216
217
218
219
220
221
222
223
224
225
226
227
228
229
230
231
232
233
234
235
236
237
238
239
240
241
242
243
244
245
246
247
248
249
250
251
252
253
254
255
256
257
258
259
260
261
262
263
264
265
266
267
268
269
270
271
272
273
274
275
276
277
278
279
280
281
282
283
284
285
286
287
288
289
290
291
292
293
294
295
296
297
298
299
300
301
302
303
304
305
306
307
308
309
310
311
312
313
314
315
316
317
318
319
320
321
322
323
324
325
326
327
328
329
330
331
332
333
334
335
336
337
338
339
340
341
342
343
344
345
346
347
348
349
350
351
352
353
354
355
356
357
358
359
360
361
362
363
364
365
366
367
368
369
370
371
372
373
374
375
376
377
378
379
380
381
382
383
384
385
386
387
388
389
390
391
392
393
394
395
396
397
398
399
400
401
402
403
404
405
406
407
408
409
410
411
412
413
414
415
416
417
418
419
420
421
422
423
424
425
426
427
428
429
430
431
432
433
434
435
436
437
438
439
440
441
442
443
444
445
446
447
448
449
450
451
452
453
454
455
456
457
458
459
460
461
462
463
464
465
466
467
468
469
470
471
472
473
474
475
476
477
478
479
480
481
482
483
484
485
486
487
488
489
490
491
492
493
494
495
496
497
498
499
500
501
502
503
504
505
506
507
508
509
510
511
512
513
514
515
516
517
518
519
520
521
522
523
524
525
526
527
528
529
530
531
532
533
534
535
536
537
538
539
540
541
542
543
544
545
546
547
548
549
550
551
552
553
554
555
556
557
558
559
560
561
562
563
564
565
566
567
568
569
570
571
572
573
574
575
576
577
578
579
580
581
582
583
584
585
586
587
588
589
590
591
592
593
594
595
596
597
598
599
600
601
602
603
604
605
606
607
608
609
610
611
612
613
614
615
616
617
618
619
620
621
622
623
624
625
626
627
628
629
630
631
632
633
634
635
636
637
638
639
640
641
642
643
644
645
646
647
648
649
650
651
652
653
654
655
656
657
658
659
660
661
662
663
664
665
162359
704559
992336
156272
17772
591812
827471
250711
743985
933179
527112
752038
87252
631637
576910
668288
780045
245253
790271
916941
301011
744291
886315
459214
584004
920580
338345
153208
561654
60098
117847
87820
669408
830032
645473
168247
9078
729502
289558
660564
990275
840152
85358
490512
201180
165302
374191
203467
926383
570060
180708
772052
255643
651565
937077
786677
35343
293939
789476
400119
340708
951144
572958
926333
118139
138866
90092
971653
529658
732681
276469
225407
701410
918369
862139
12155
348652
50668
382648
685879
823644
530342
12824
184928
907371
111451
333790
186548
810018
586326
557644
744416
491496
450323
194221
302871
574668
102065
517812
965624
428906
907239
55241
504146
902716
258349
966087
429895
848403
259331
113896
321522
503639
587130
807614
872523
501079
910057
502486
703925
281038
924496
947469
10981
248324
158055
805042
552511
162512
937797
847163
619768
204839
402540
321358
134159
206980
344650
117677
956712
485630
720557
314888
777491
152118
250704
958369
402644
980333
155382
927321
771485
234082
393864
346116
959495
123800
971899
528899
582864
147285
141565
778549
760732
721633
38376
170571
987228
366798
155125
826613
167735
654249
202672
730478
664491
785840
90924
80246
469757
401911
525797
49695
460672
735278
363096
664693
292141
140139
106252
532913
374498
875956
606115
594457
158429
913669
20951
364920
331092
904403
922665
958003
79070
443592
566480
966282
232873
253381
863273
138925
619320
910127
806668
18679
701930
166121
632941
83080
10111
92457
625009
704364
823049
902865
203586
607929
510595
349564
491584
29167
975188
72100
107462
41704
574488
615834
720779
109255
638287
310880
480502
778109
265513
640537
720235
864541
590114
971589
85612
807527
199577
316194
558201
317910
43537
420390
239573
257279
767003
196105
75579
363399
120783
695062
343963
807056
622897
826062
68729
910905
286465
795748
717486
958667
33096
470977
866360
845259
96804
944989
68664
603372
614084
430680
855241
461934
369804
928271
143254
787019
770824
357221
395052
733257
458282
18252
893994
121164
881002
656484
377526
696145
757560
647710
528659
882383
968188
27238
90204
461095
847484
365912
377779
284676
897729
44152
242419
859748
60984
175118
948653
904923
241917
935012
414380
604634
300152
866154
486080
276926
107637
259195
599975
281180
582464
580044
11772
825346
197147
400494
445949
692617
225572
853764
268887
520414
827014
162006
931886
974165
746006
620650
339692
752638
976254
236455
785650
960363
870703
258234
428224
377232
395106
175880
641492
888259
394272
206799
749900
734079
911162
993747
127359
11314
283959
714925
783355
298759
5970
549895
808953
174755
603592
366657
676598
59470
654993
701602
978828
60721
76152
824870
505894
923110
947849
485630
455274
166892
634087
635891
779079
725032
768685
69730
262747
405852
221064
683255
313321
289620
371540
434398
322315
466809
959741
195887
581236
634626
775734
828682
82274
236024
720449
79857
818894
296361
854862
334294
877151
914788
575977
620830
325454
503272
463126
596454
431444
718621
276320
705118
978817
85016
451149
703548
659381
185995
759078
947340
898084
8965
115381
12622
429720
73095
540385
29853
396031
32694
439935
632108
551260
825007
490591
593639
684691
569462
884876
555594
970125
457008
132325
717017
943197
738827
680982
536560
855188
368928
90031
533170
868868
512432
855941
427201
819057
585777
83099
126116
991964
558693
294867
684224
632356
523560
793482
417804
92387
452791
739673
32231
619010
312278
557786
915405
623088
201311
919746
623446
144861
645864
787861
262604
178081
761586
377739
901194
900453
508754
872872
905943
533904
626285
65529
760705
720949
855482
315650
200449
871734
711542
327509
457263
364337
507590
633372
324301
986515
417602
596880
145818
655933
958412
154762
633686
709449
601971
758999
552034
7222
517861
571743
70900
786720
426265
99289
144945
328982
846248
344829
732208
9758
782456
311510
187441
308529
841000
128900
409469
897281
163521
199172
403652
488610
993919
709355
198556
397850
83275
822583
387058
602078
264202
778892
155407
135928
498073
537958
843291
441220
663491
970518
988231
770340
347056
693395
144160
925459
325456
503148
575410
604455
343317
441943
620796
140130
935154
746022
294513
601717
585605
79582
14863
537635
415548
804871
256363
630597
271344
148306
842831
301900
565837
517801
446238
946570
866392
410072
137171
924011
742692
88863
986282
652148
981276
919818
99127
746427
137771
840311
209697
281112
87002
126347
856957
510347
946359
528896
331449
391100
326014
155162
214062
93062
380913
229827
10067
800616
576985
702932
542523
640200
194975
768088
361861
893216
-1
