16
28 64
13 58
1 41
19 20
11 98
13 53
23 25
30 54
2 43
8 86
29 21
16 26
5 100
30 38
6 36
20 55
15
24 12
22 35
25 45
5 91
26 47
1 59
8 99
12 83
20 66
14 23
10 47
14 86
7 67
24 29
10 71
18
3 35
28 4
19 97
24 71
6 97
28 42
2 66
28 72
14 39
14 90
1 92
5 9
5 38
13 66
5 48
12 83
16 50
18 61
16
11 31
8 85
4 75
28 64
21 45
10 86
19 72
12 82
28 70
14 31
14 35
20 93
6 78
13 81
28 87
9 51
19
17 35
18 33
2 30
30 4
24 17
25 83
14 27
6 94
10 55
20 31
2 32
10 27
21 42
1 96
16 91
27 29
13 82
3 36
12 44
14
27 12
7 56
2 15
10 82
11 86
5 40
23 5
24 13
3 94
27 61
16 96
4 45
10 10
12 60
5
28 3
9 17
25 5
16 53
14 86
1
6 59
7
28 15
28 19
4 4
20 40
5 19
14 16
17 76
13
2 48
7 7
27 50
6 1
7 1
15 91
21 9
26 20
17 15
14 86
29 32
21 33
8 79
7
13 73
7 43
16 22
20 36
22 77
2 71
9 33
5
7 47
18 77
2 82
20 94
28 85
20
18 70
17 59
3 46
1 91
5 11
26 68
5 34
4 78
10 78
22 62
11 8
25 31
22 14
23 70
17 58
7 13
13 27
12 95
28 57
7 64
2
3 32
8 35
10
5 91
24 51
28 59
9 84
8 82
3 62
11 82
16 50
16 98
24 68
19
21 76
3 63
4 82
9 7
8 21
7 59
14 98
17 35
3 98
17 88
10 36
27 28
16 91
6 56
29 45
1 17
9 32
3 63
21 24
13
28 96
12 91
7 65
11 7
1 54
2 10
11 69
5 31
16 42
29 30
30 1
21 75
15 11
15
18 76
8 55
2 23
5 51
7 38
28 53
25 12
23 69
9 53
7 93
1 60
1 8
8 1
3 45
30 50
19
9 25
23 65
6 52
28 83
29 75
4 2
16 100
4 2
10 39
25 58
18 32
4 25
24 10
2 50
1 13
10 92
6 80
3 22
16 41
12
6 67
20 33
28 95
20 1
23 56
3 17
17 56
29 97
12 36
10 58
9 24
23 61
20
16 17
19 22
3 41
6 76
25 85
12 82
3 28
30 10
22 10
26 7
15 30
13 71
20 24
22 16
11 1
9 71
4 18
19 77
2 96
12 46
19
16 80
2 6
17 95
18 81
28 63
9 9
1 91
12 52
14 68
28 34
12 6
10 18
26 79
2 97
19 73
2 60
15 14
30 76
28 73
7
26 35
3 95
27 18
29 67
30 14
12 33
14 7
19
14 8
27 6
30 46
5 85
10 34
19 22
26 61
17 68
25 81
15 93
9 12
3 61
22 52
25 95
10 21
30 95
2 96
23 36
2 82
17
3 67
27 70
26 33
19 94
29 48
14 23
1 52
4 7
20 65
1 60
2 40
30 76
29 39
1 55
27 12
8 79
19 51
4
6 84
4 50
20 15
10 37
1
16 49
7
6 65
26 18
1 77
26 73
21 99
9 3
1 63
8
21 92
16 8
5 14
18 97
26 89
18 16
16 78
24 66
1
24 51
6
24 27
15 98
18 13
11 29
19 62
4 100
11
11 7
11 5
24 97
12 21
21 51
6 11
27 86
16 46
21 100
13 14
10 20
17
28 20
11 70
9 76
17 34
24 76
18 23
8 30
13 81
11 60
25 74
20 86
3 23
15 71
13 38
8 65
14 12
21 45
4
29 73
21 50
23 76
16 13
5
6 22
1 27
22 16
3 57
19 23
5
4 93
8 62
1 40
3 39
9 36
18
29 60
30 87
2 95
12 14
15 86
24 97
24 67
15 68
10 16
22 54
29 83
12 5
16 20
4 100
30 83
22 31
30 88
24 91
3
27 4
30 80
25 63
8
2 78
23 82
7 52
16 36
21 67
6 99
18 88
10 79
19
23 62
13 58
14 5
28 77
6 10
23 49
16 50
2 2
5 89
26 15
12 82
14 42
20 50
9 61
12 10
11 17
14 96
30 5
11 69
19
16 79
13 7
14 86
9 4
28 3
20 63
24 32
5 23
22 15
23 18
19 12
14 29
14 47
6 39
9 23
1 5
23 7
24 3
6 77
12
26 31
20 6
21 39
13 82
14 85
27 60
1 47
30 77
2 57
4 18
29 4
26 58
15
30 73
19 90
1 68
23 79
30 38
10 61
5 71
26 44
2 67
17 4
4 20
21 85
10 53
13 57
12 48
19
12 20
30 28
10 89
23 50
9 97
8 75
19 61
9 51
14 95
13 22
7 65
16 59
29 10
12 22
13 48
9 93
10 6
24 90
9 80
8
9 28
18 82
3 89
7 90
14 9
4 81
17 48
15 42
18
16 42
1 52
4 71
6 11
30 63
24 22
29 90
8 74
21 63
15 59
27 50
25 33
16 97
16 85
9 10
3 83
4 87
7 44
17
4 6
26 92
27 57
8 47
17 62
4 100
26 75
3 76
10 8
16 92
17 96
5 37
9 59
5 83
11 34
30 73
6 74
17
3 31
30 95
11 66
20 19
14 37
20 67
28 53
28 23
29 74
20 64
5 9
3 52
12 88
29 78
3 67
9 27
2 97
8
12 63
24 86
1 21
10 20
17 84
3 74
12 22
21 79
12
14 33
2 85
24 35
4 51
7 6
23 2
20 50
12 17
20 7
30 2
3 41
9 73
6
11 87
5 49
20 1
7 49
1 16
9 33
3
5 86
30 51
21 89
9
24 5
26 67
16 87
19 66
4 80
27 16
14 64
7 31
30 95
15
22 11
11 47
23 26
26 25
25 72
2 28
1 69
4 50
26 99
19 11
25 37
3 4
19 80
28 86
17 14
2
8 76
26 61
13
3 45
18 20
30 7
28 99
20 12
1 73
14 57
14 99
3 100
21 96
11 73
26 31
4 97
13
24 16
30 79
1 48
7 32
21 79
16 17
7 42
12 31
6 73
26 51
25 17
17 14
6 77
9
25 15
27 73
8 10
12 57
17 28
4 53
23 8
5 11
27 24
15
1 28
8 60
28 69
22 34
30 75
25 27
13 76
5 79
17 83
6 11
30 34
9 8
30 47
1 89
17 65
18
10 92
1 69
27 38
19 54
16 23
27 97
20 43
27 56
14 4
19 8
17 99
27 66
17 45
27 18
26 23
5 64
15 5
24 87
1
12 93
15
11 60
12 83
20 30
13 51
18 3
13 43
18 56
22 82
11 66
28 58
4 86
3 54
21 58
20 36
30 85
4
10 44
17 26
6 41
5 47
10
27 4
21 23
14 26
1 14
22 54
21 30
14 97
4 85
11 76
20 95
12
25 38
15 83
3 51
28 30
12 47
25 53
6 74
29 90
22 29
30 82
4 61
16 48
9
3 1
25 81
22 34
8 84
9 34
18 39
8 80
1 6
10 40
16
1 7
6 84
27 94
16 87
5 41
19 2
26 87
2 29
22 10
9 17
25 17
24 39
26 47
29 29
10 18
14 85
12
19 20
9 5
30 98
12 29
19 63
19 18
11 57
18 48
6 68
14 4
9 35
12 32
19
29 61
17 60
11 5
23 68
6 75
16 60
3 36
24 99
27 13
23 72
29 36
13 82
18 14
14 17
11 51
23 2
23 9
13 59
29 83
8
26 9
5 39
22 22
25 43
1 46
10 57
27 66
20 42
13
19 61
13 28
22 49
29 26
6 94
17 22
1 14
30 37
1 91
2 73
17 75
27 69
29 65
14
12 84
6 74
12 34
16 43
4 90
8 21
27 70
18 71
3 70
21 34
7 14
7 93
22 41
8 6
6
3 34
27 49
6 96
7 40
15 11
6 78
16
15 28
10 12
23 52
16 73
18 6
18 52
24 74
11 99
7 93
26 16
22 65
13 11
20 61
6 43
28 29
26 51
3
28 14
26 86
21 82
11
4 19
12 1
11 18
12 75
10 67
24 77
20 12
22 16
28 91
19 67
29 37
7
2 19
27 84
5 80
12 27
13 35
26 82
25 22
12
11 83
12 42
13 34
1 3
23 24
23 10
7 63
9 11
15 17
23 24
30 76
7 52
14
21 4
15 52
3 75
17 59
30 44
26 63
13 72
6 72
14 73
1 79
17 76
2 39
12 43
12 47
15
26 56
16 18
24 7
29 72
8 52
4 53
30 10
25 45
1 71
26 97
19 91
17 12
23 57
10 99
3 82
6
28 37
14 55
8 46
14 5
4 52
15 58
14
1 10
30 38
6 33
23 16
9 4
22 32
22 13
4 84
29 14
13 82
15 24
13 98
4 19
23 74
1
8 50
10
25 23
15 2
9 62
7 30
23 99
1 28
13 94
8 57
28 32
17 12
13
29 10
13 23
7 55
6 25
17 84
30 78
5 48
8 73
19 66
18 66
8 69
21 71
30 36
14
12 74
28 72
1 51
25 52
19 7
12 39
5 84
16 92
28 84
3 68
17 93
10 68
18 25
7 92
3
1 22
5 8
17 92
17
29 44
22 31
21 89
2 16
27 6
21 67
15 86
8 44
3 43
17 47
18 10
25 25
15 11
15 52
9 89
24 41
3 29
6
24 17
30 1
29 1
1 7
23 44
13 36
15
29 99
30 53
7 8
11 4
8 74
14 95
18 48
6 97
22 62
5 92
3 34
14 5
8 89
3 87
9 33
19
29 83
3 23
30 89
1 98
25 25
18 5
4 52
7 34
8 6
12 70
13 53
7 19
18 93
18 35
26 52
5 48
11 74
14 29
16 22
4
11 46
15 81
26 82
11 20
13
12 87
30 95
25 86
9 88
22 32
13 8
5 67
3 17
7 25
16 6
22 23
3 43
19 62
6
19 89
12 98
20 87
8 16
12 65
5 65
3
22 87
5 45
14 9
17
20 33
11 55
6 84
6 25
4 49
27 74
11 2
30 58
25 50
27 18
12 56
28 61
15 20
5 15
30 23
27 21
25 41
9
22 25
12 14
9 10
7 85
18 72
21 56
23 57
13 28
10 88
16
1 58
4 50
22 5
16 3
5 30
9 52
24 19
1 84
22 23
1 67
24 73
25 29
21 83
15 63
24 100
27 92
4
22 41
14 61
28 86
21 94
9
9 64
7 54
9 81
8 100
24 1
29 73
25 58
10 89
29 60
15
17 51
14 99
9 29
16 7
12 48
26 46
7 15
3 42
10 77
6 12
15 70
9 49
23 93
4 39
17 14
19
26 65
20 9
9 56
11 66
20 66
23 67
23 84
27 94
3 91
27 8
3 85
5 15
9 87
30 73
2 83
9 60
28 27
14 58
13 38
14
2 3
18 72
16 28
14 1
6 77
25 83
17 100
6 9
27 63
5 58
21 11
29 24
14 39
22 66
1
8 41
16
9 32
11 43
25 35
1 86
9 10
1 5
5 97
22 46
26 93
14 76
11 68
17 12
30 46
19 30
7 70
23 66
16
4 8
2 90
2 49
19 64
16 8
14 66
27 74
9 16
11 4
16 96
24 35
14 4
12 84
30 33
27 47
26 45
20
19 86
9 1
29 74
20 96
1 86
14 23
3 87
9 17
5 98
4 43
28 30
1 87
26 42
29 9
14 73
10 78
8 24
28 99
6 99
24 47
17
8 69
21 55
13 66
30 20
3 58
25 69
11 61
17 9
17 39
4 61
20 16
14 28
25 20
28 44
27 23
13 34
8 24
13
12 90
21 84
19 11
26 2
4 19
17 34
22 75
20 19
9 87
2 57
3 60
27 75
2 55
10
5 49
11 49
3 66
9 97
7 13
20 52
5 25
24 75
16 61
11 2
13
19 42
12 64
19 32
18 78
30 92
8 87
29 40
22 34
4 47
23 7
6 35
1 30
15 23
14
26 68
12 24
12 8
11 68
28 5
5 90
9 49
16 33
21 69
12 1
14 30
22 68
26 70
3 63
18
16 27
23 57
29 51
12 52
24 76
13 29
3 53
12 33
28 55
7 2
5 1
6 66
20 35
12 58
10 62
29 39
7 27
9 33
15
20 36
19 82
16 80
12 51
24 98
18 56
5 37
14 98
15 10
29 38
19 42
23 23
13 29
15 19
9 95
2
29 30
30 63
18
20 81
28 32
9 66
22 27
16 83
15 5
4 61
22 5
27 84
22 95
15 89
25 39
10 64
14 16
5 34
24 43
24 77
22 44
5
5 70
6 47
21 52
5 6
19 48
9
3 74
15 92
22 70
3 49
15 53
17 98
20 11
27 52
15 66
8
27 30
6 75
16 62
29 19
6 70
30 77
12 91
17 94
11
26 75
8 35
22 22
12 66
17 71
16 71
10 12
28 65
13 24
9 41
11 63
11
27 80
30 72
5 68
20 27
4 92
11 4
25 57
30 36
4 6
13 10
10 67
10
3 94
6 2
24 84
24 96
5 43
4 25
2 54
24 42
7 85
15 27
13
2 14
11 25
24 45
2 63
12 45
20 57
15 25
20 63
8 42
26 82
28 92
5 30
15 91
9
3 68
2 75
8 48
18 76
12 13
6 33
6 6
17 84
20 81
19
12 20
24 66
20 99
20 3
13 46
17 84
29 60
22 41
9 66
24 39
20 73
10 68
23 58
4 35
27 55
25 45
12 88
28 80
22 23
18
26 69
25 53
11 86
29 75
25 89
24 39
19 59
8 91
25 48
23 45
11 20
6 89
1 100
7 25
28 73
23 54
29 83
30 27
1
20 54
9
19 40
19 44
26 49
26 8
2 51
10 40
29 64
13 67
13 31
0
