4 
10 20 30 40 
6 
1 2 5 
1 3 10 
1 4 13 
2 3 5 
2 4 7 
3 4 20 
3 1 
1 2 3 4 
2 
50 100 
1 
1 2 100 
1 1 
1 2 
8 
100 100 100 100 100 100 100 100 
12 
1 2 5 
1 3 7 
1 4 6 
2 5 4 
2 6 3 
3 6 4 
3 7 1 
4 7 5 
5 8 3 
6 8 7 
7 6 4 
7 8 6 
1 1 
1 8 
6 
100 100 100 100 100 100 
10 
1 2 4 
1 3 3 
2 3 2 
2 4 2 
2 5 2 
3 4 4 
3 5 3 
4 6 6 
5 4 5 
5 6 10 
1 1 
1 6 
6 
100 100 100 100 100 100 
10 
1 2 3 
1 4 4 
2 3 4 
2 4 5 
2 5 1 
3 6 2 
4 3 1 
4 5 2 
5 3 3 
5 6 6 
1 1 
1 6 
7 
100 100 100 100 100 100 100 
13 
1 2 10 
1 3 20 
1 4 10 
2 1 30 
2 5 20 
3 5 15 
3 6 20 
4 6 20 
5 2 30 
5 7 15 
6 4 30 
6 7 30 
7 6 10 
1 1 
1 7 
100 
100 100 100 100 100 100 100 100 100 100 100 100 100 100 100 100 100 100 100 100 
100 100 100 100 100 100 100 100 100 100 100 100 100 100 100 100 100 100 100 100 
100 100 100 100 100 100 100 100 100 100 100 100 100 100 100 100 100 100 100 100 
100 100 100 100 100 100 100 100 100 100 100 100 100 100 100 100 100 100 100 100 
100 100 100 100 100 100 100 100 100 100 100 100 100 100 100 100 100 100 100 100 
2 
1 50 30 
23 33 30 
2 2 
34 33 50 1 
9 
100 100 100 100 100 100 100 100 100 
18 
1 2 15 
1 3 10 
2 1 10 
2 4 12 
2 5 10 
3 6 9 
4 5 15 
5 4 8 
5 6 12 
5 7 9 
5 8 10 
6 3 5 
6 8 15 
7 4 7 
7 9 10 
8 6 1 
8 9 18 
9 6 8 
1 1 
1 9 
8 
100 100 100 100 100 100 100 100 
12 
1 2 5 
1 3 7 
1 4 6 
2 5 4 
2 6 3 
3 6 4 
3 7 1 
4 7 5 
5 8 3 
6 8 7 
7 8 6 
7 6 4 
1 1 
1 8 
4 
100 100 100 100 
4 
1 2 5 
1 3 2 
2 4 2 
3 4 5 
1 1 
1 4 
10 
30 10 14 10 5 10 14 20 10 20 
10 
1 4 10 
1 5 10 
2 6 5 
3 7 20 
4 8 10 
5 8 13 
6 9 5 
6 7 5 
7 9 15 
7 10 20 
3 1 
1 2 3 9 
10 
30 10 14 10 5 10 14 20 10 20 
10 
1 4 10 
1 5 10 
2 6 5 
3 7 20 
4 8 10 
5 8 13 
6 9 5 
6 7 5 
7 9 15 
7 10 20 
3 3 
1 2 3 8 9 10 
4 
20 20 20 20 
4 
1 2 6 
1 3 10 
2 4 6 
3 4 1 
1 1 
1 4 
8 
20 15 17 5 10 25 20 50 
10 
1 4 15 
1 5 5 
2 5 10 
2 6 10 
3 6 25 
6 5 10 
4 7 10 
5 7 15 
5 8 10 
6 8 15 
3 2 
1 2 3 7 8
