2

1 16 31 46 61
2 17 32 47 62
3 18    48 63
4 19 34 49 64
5 20 35 50 65
 3 18 48 63 61 31 46 16  2 32
47 62  1 17 49 65  4 19 34 64
 5 20 35 50  6  7  8  9 10 11
12 13 14 15 21 22 23 24 25 26
27 28 29 30 33 36 37 38 39 40
41 42 43 44 45 51 52 53 54 55
56 57 58 59 60 66 67 68 69 70
71 72 73 74 75

1 16 31 46 61
2 17 32 47 62
3 18    48 63
4 19 34 49 64
5 20 35 50 65
 3 18 48 61 63 31 46 16  2 32
47 62  1 17 49 65  4 19 34 64
 5 20 35 50  6  7  8  9 10 11
12 13 14 15 21 22 23 24 25 26
27 28 29 30 33 36 37 38 39 40
41 42 43 44 45 51 52 53 54 55
56 57 58 59 60 66 67 68 69 70
71 72 73 74 75
