100
23022
99208
20908
69913
22543
71460
45020
92826
28200
5881
84981
11509
41108
10
79639
74080
90286
75273
7744
2048
2
43705
14751
29792
13777
84349
96767
67719
8
47287
83203
5142
13304
15355
48701
72219
24443
64235
72331
3
8869
73098
35716
83603
61971
90076
66173
33355
4317
48639
57199
16384
99933
41001
91282
96434
29848
94095
43900
41014
91429
70607
92062
23115
65536
4701
25620
34828
40299
29418
96256
256
8192
93838
43323
43094
3567
6281
59054
63465
92567
95002
89027
96699
44556
65585
1
43087
96843
92188
53467
46290
95266
55530
18045
20868
99170
87530
80934
64217
