1000
15 23710 28234
8 176 198
16 24804 34359
11 1072 1255
4 3 13
11 1910 158
11 832 1291
9 219 288
6 25 7
8 117 191
13 297 7185
8 231 4
7 1 44
19 457811 279785
8 142 156
10 885 998
7 18 67
6 8 2
14 12516 11449
18 68467 37976
9 274 97
8 252 224
12 3214 3139
13 3156 6990
11 289 1569
5 3 6
17 16721 8143
6 1 50
19 322310 304801
6 46 25
17 106846 10185
19 107926 77112
20 435613 589614
10 595 79
7 29 38
11 860 626
6 49 24
19 303969 245200
17 10783 85336
14 2997 6645
20 374408 150145
16 45596 47404
19 354697 498627
13 5466 1152
16 45443 37298
5 13 1
18 257484 49329
20 1036389 434833
12 3306 2301
16 52701 58262
17 92133 118552
9 305 103
8 81 191
16 26389 62622
12 3006 1639
11 870 1221
16 22460 55797
6 26 55
4 11 6
9 314 174
10 431 99
9 198 473
16 446 15764
16 36675 27204
13 21 302
14 4028 6375
5 12 22
17 67536 33170
6 37 53
18 87549 192485
15 11932 8313
14 1494 6514
13 5302 902
12 3776 3324
10 112 577
8 65 187
4 2 8
16 24255 13850
11 1174 144
11 337 389
13 4021 5031
14 15052 14828
20 610559 252925
15 32699 19920
8 228 127
9 114 473
16 14735 17370
7 125 52
15 28804 14550
4 13 1
20 602026 441351
11 703 1679
7 76 35
19 258099 184211
15 10085 27107
17 91064 30933
19 263912 496706
14 12820 10937
18 161632 109803
14 10450 7003
14 7040 12551
6 16 40
8 91 227
7 52 112
10 516 351
11 209 1384
8 145 220
16 53109 5667
20 490613 412934
12 1387 2004
16 49789 39148
7 72 27
20 296961 243641
13 5606 768
5 15 9
8 181 242
7 102 89
10 450 81
8 209 178
17 58605 97901
13 5574 1737
16 5060 32308
8 75 76
12 559 1819
6 2 57
19 137394 248775
18 8539 175528
15 20992 21519
17 91333 60890
5 19 17
17 89716 59354
14 14852 2489
6 5 63
18 61670 70238
17 76681 64736
11 1736 169
4 14 6
12 3325 339
12 345 241
4 12 10
15 11121 15610
15 1111 3844
10 211 432
8 157 97
18 151069 79070
5 19 23
12 831 1383
16 45689 43098
19 413764 457343
5 11 6
14 4486 2784
4 4 6
12 798 429
7 5 29
11 1363 1445
12 2802 2788
17 64883 62440
16 13884 27033
17 57579 104525
6 54 8
13 147 5427
14 9599 13959
11 1959 1641
10 238 503
17 65189 2252
4 13 5
7 118 11
18 151629 106970
15 18314 3373
15 4547 23946
8 49 243
11 1788 789
11 105 702
10 48 936
7 7 66
15 27307 22247
16 63737 47624
19 442434 64274
6 18 14
5 25 17
17 47388 63844
18 137370 172588
13 6473 1009
4 3 10
18 138524 30154
9 454 104
9 509 363
13 5626 6666
15 16892 22881
9 293 31
17 47297 116177
7 33 105
20 926628 284791
19 13711 299183
12 3649 159
13 2098 1523
12 3257 2633
16 48341 48211
6 3 63
6 9 17
16 18721 59389
9 444 7
4 7 6
16 54014 44319
5 23 21
8 207 9
15 32516 16457
7 61 68
4 14 5
11 641 657
16 14850 47140
5 11 12
11 1966 774
6 24 19
10 629 612
12 1624 2280
9 105 179
16 27161 27657
4 7 6
4 3 13
11 1509 1849
19 363509 275513
16 41843 22918
16 56248 38647
20 449138 295455
18 116190 193071
4 7 3
10 220 332
13 4504 4944
10 983 773
11 1086 270
16 13415 47072
10 750 395
6 24 27
12 2300 3767
4 2 4
7 26 56
18 6857 76033
20 2381 582619
8 152 83
16 46595 33107
5 21 10
20 41808 601384
20 684703 526411
19 50236 110822
11 600 1126
11 659 1003
6 41 44
5 24 14
5 25 15
16 4638 48056
16 57602 18021
10 224 538
19 26377 223239
19 407471 116450
6 52 28
16 6267 1996
12 2628 335
15 10565 11369
18 74114 227549
16 64321 63117
19 133303 299276
20 477421 180237
18 166032 132853
4 14 8
12 2637 2134
10 162 957
13 1039 4342
5 9 11
14 6187 15285
17 29096 77040
5 24 31
11 1680 798
14 15470 11470
10 13 580
20 127413 564652
7 99 102
9 498 274
20 635105 168694
5 28 23
15 14367 10198
12 2216 1289
18 5647 207959
14 15550 11666
15 8188 1897
8 118 106
14 15707 5305
18 168 145687
13 3926 4032
18 177478 187919
15 6271 28287
15 30850 29827
20 1033641 76381
13 4028 3967
18 152602 67565
19 414055 366789
15 22341 23934
12 1840 3269
13 6553 7834
16 47895 56398
13 7831 5965
12 573 2517
19 466249 380087
14 15493 3791
10 373 877
13 8070 2482
11 1684 880
18 176487 120345
9 306 437
19 118754 401544
17 19999 52726
12 2504 1587
20 646614 569523
16 26934 49005
12 3987 813
11 1620 28
18 53931 257109
9 349 497
19 46134 342552
11 2003 1882
19 497177 316871
19 251736 188802
10 394 768
6 6 56
17 90403 89193
4 6 2
17 61885 13003
7 42 18
5 10 15
19 419672 289737
12 503 384
10 161 394
18 56506 98230
19 317794 18217
12 3340 1043
10 155 868
4 13 15
4 13 14
19 198129 434516
7 26 76
8 116 217
16 51965 7275
16 7505 1341
17 74717 121211
14 1761 5128
6 10 9
13 7229 1917
9 200 414
4 4 15
4 13 4
19 369405 11547
4 14 7
20 804870 293796
17 56949 19207
11 167 397
20 962257 520644
9 54 37
14 1288 6915
7 26 15
12 2611 558
4 6 10
13 1735 144
20 212244 352979
10 436 658
18 40346 112323
16 8108 12964
16 44409 59812
8 212 146
5 10 1
10 782 458
14 7646 5290
4 13 12
17 124050 1387
10 438 17
5 29 23
20 757504 364333
6 61 31
5 28 15
18 100978 59796
9 164 94
7 18 72
20 658247 675274
7 64 19
11 1206 28
17 24949 26618
13 1352 5932
5 4 3
20 680968 566971
13 1827 6874
17 38435 20533
18 6650 261151
5 22 27
20 272657 1032958
18 117911 127334
12 1590 2960
18 123770 19164
13 6987 2518
13 3576 6980
6 36 6
18 143017 50276
10 15 461
19 34290 80130
5 2 30
20 744855 903510
13 4143 6887
15 9295 26826
4 2 6
20 835680 1647
6 2 23
5 19 16
13 6749 4414
18 260904 229487
17 122819 56313
15 27168 18364
4 12 13
12 449 2390
15 27178 22933
15 11077 22429
17 115614 57612
20 1027659 12805
5 5 13
18 143929 243741
8 129 237
5 1 16
8 74 7
13 7717 2649
12 197 87
13 7945 5758
17 96277 18015
20 272036 551382
18 239663 255989
15 9438 7108
8 129 59
8 101 187
17 73770 74481
17 29860 16268
11 482 1725
6 4 17
20 490141 956146
13 2331 1789
15 23278 27462
11 598 723
11 1855 267
13 2669 2139
20 614337 89634
12 2668 1125
12 3053 1306
13 4246 1418
10 30 239
19 490070 517681
8 176 88
9 31 200
14 6260 4652
16 43419 63151
13 6198 7854
19 264017 375012
9 389 496
14 7000 3141
4 15 3
18 25246 127520
17 113795 109846
14 5375 70
7 6 102
11 1435 846
7 82 18
10 507 111
12 3960 2378
19 346144 373409
11 624 89
6 58 56
13 5611 903
17 95039 118772
13 2070 1137
14 4985 3108
15 10274 3554
13 1173 7024
4 13 14
7 8 4
20 912537 965492
4 15 3
14 709 6587
10 527 236
20 297288 82629
5 3 10
13 2202 950
7 100 86
16 3282 376
7 19 34
17 87276 38433
10 915 116
5 8 27
15 21467 5548
19 266702 320876
18 259507 69041
8 147 201
11 869 1452
10 301 1003
7 126 50
9 487 508
7 2 45
13 626 577
7 117 21
7 126 115
19 335361 64509
20 764534 883706
16 35271 51597
12 3248 2680
17 5146 49507
10 48 494
18 116667 44947
12 2646 3120
13 4229 3627
9 164 192
5 29 17
7 10 49
16 32937 17127
5 28 21
4 14 9
11 1143 1168
18 151226 193732
5 10 13
20 222138 262918
11 840 1861
7 45 124
18 142162 70686
17 60599 57695
5 27 9
9 412 240
10 497 689
7 18 105
17 29087 33000
12 1155 435
14 7692 9614
16 47318 25718
15 6064 24709
14 826 7570
19 476627 337049
7 115 13
11 682 553
6 51 24
15 12498 20045
18 28112 184818
13 2399 6758
16 65255 30844
10 607 762
19 442407 368887
16 24419 46376
4 15 1
10 130 225
16 23532 15174
11 746 156
12 2464 1735
11 267 283
9 331 379
18 239939 68455
6 55 57
8 63 43
11 168 1850
9 436 251
13 4611 6724
5 3 23
16 25416 273
12 860 3105
5 4 28
16 46922 55617
19 167888 47473
6 63 30
8 82 159
6 42 37
16 36872 59580
13 6159 6466
17 8123 50334
15 5946 10691
13 5433 5570
15 2608 29262
20 941733 54987
17 123640 107794
15 2361 12969
5 11 27
16 27255 9373
17 68431 126495
15 12459 21788
6 42 28
14 11517 10191
4 1 3
13 1792 1788
7 38 81
8 112 167
5 6 14
5 29 13
19 182195 368636
10 466 661
19 214753 316419
8 25 141
8 44 61
4 14 9
15 1275 13725
12 1539 1647
13 6592 4263
11 1914 140
4 15 12
10 460 823
14 15917 12934
7 61 35
16 13680 45264
19 98896 27595
17 24931 108797
14 2572 9030
16 34031 20475
10 739 40
19 465403 197027
14 10439 13311
14 6821 14780
5 29 16
5 17 8
8 5 71
4 2 6
16 27086 18450
15 19182 11743
11 924 447
6 33 21
6 16 20
15 29922 3672
5 26 18
5 22 14
20 61153 132608
16 12738 38520
4 15 10
6 45 33
20 440207 36022
6 2 12
18 250927 58270
11 1069 1686
13 6295 6457
16 17062 36655
20 869871 247684
17 118105 63429
18 72501 155598
9 288 93
12 524 992
11 148 343
20 191728 443950
7 9 4
16 21831 34653
16 2908 6184
18 60954 101142
9 14 287
14 4619 14275
16 6897 4766
8 73 25
17 78543 9262
10 504 90
18 211319 218590
8 215 157
11 1330 1368
8 157 81
18 62948 61553
10 439 533
6 37 57
9 421 28
16 61391 5660
13 5572 1049
18 63991 57182
18 193052 171901
13 4481 1874
19 433465 188351
17 36415 11286
16 16778 44699
7 47 70
15 26555 27602
19 217690 105013
4 3 10
8 16 177
6 30 19
11 1194 1893
4 5 14
20 475239 119972
17 18721 80752
19 520245 39223
8 70 5
18 124775 107296
18 23422 212344
14 12657 12173
13 4746 6857
14 5219 788
15 3867 24418
7 53 101
19 79996 281937
15 24435 20027
13 4934 4283
12 3929 3397
7 21 40
15 17163 14722
4 12 4
8 102 252
11 1172 136
14 13148 3648
6 36 43
14 2731 15946
7 69 56
11 1041 1287
20 491128 285896
17 119122 105340
6 16 12
19 73843 120592
18 240993 115914
17 32792 74589
6 40 54
12 2026 1751
13 1532 6016
6 40 8
19 96130 245482
19 35366 97322
19 137096 50771
13 5149 7539
8 13 215
9 489 499
5 1 15
6 56 57
18 253399 189184
7 99 10
15 3640 16784
5 10 22
14 15355 7650
7 13 6
6 21 33
17 26582 50254
11 671 410
5 9 8
6 16 6
5 26 28
8 72 231
15 29923 9024
16 55072 27548
10 49 911
17 43909 35268
14 2554 12429
12 3868 1049
14 14709 2035
20 682981 407013
15 25827 21800
15 6447 3765
15 25979 19878
19 86331 209488
15 23830 34
16 34923 9394
18 69548 92546
18 30556 125676
5 21 18
17 70843 7000
11 1913 1266
13 865 7573
19 108507 434683
12 911 3172
14 10442 13297
17 56742 100855
9 436 346
9 147 249
19 470107 234509
19 316096 463359
11 276 992
4 6 7
20 901282 680266
5 5 9
16 23476 61407
16 47526 20335
17 83027 66661
17 126927 83094
6 51 2
16 30459 16672
8 50 198
4 12 15
16 54446 62316
16 29772 39195
18 122837 145964
5 20 28
17 83756 129655
15 2857 29155
15 2951 25928
12 170 1269
8 76 100
7 58 22
14 16148 142
8 37 211
15 6760 21007
5 19 9
19 144766 81884
18 211047 60850
10 331 18
12 2254 3273
4 10 15
8 76 39
5 3 8
11 338 300
9 466 2
18 259466 247387
17 120850 90309
9 499 353
17 92607 126484
9 366 107
20 66379 927604
6 54 41
11 1646 998
9 201 364
11 768 812
6 40 34
6 24 37
19 478594 59655
19 158138 297434
7 14 42
10 436 595
16 44362 20423
6 14 9
17 94767 42639
19 8327 515533
18 158017 242773
16 15219 51813
8 64 147
7 19 116
8 126 138
5 21 25
9 511 113
9 237 230
6 7 15
19 28900 352487
15 12514 29587
9 266 257
8 4 100
19 444852 272680
5 5 14
18 25602 38150
7 100 24
8 34 174
5 29 9
6 42 58
6 15 41
17 31477 41124
19 245438 88841
19 239846 225801
20 862020 257204
9 88 149
12 1359 240
16 61902 41620
11 1809 877
14 5863 6090
20 904455 74064
20 720381 637535
5 29 3
5 8 11
15 27043 32568
13 720 2499
8 249 57
7 96 75
5 24 1
12 2289 3379
20 437714 765412
9 173 352
9 450 389
14 10049 5347
19 381677 221278
8 176 30
6 38 5
9 37 51
9 381 270
19 289172 332489
10 496 927
20 58944 1044814
18 33144 60780
6 16 28
18 113615 62809
14 11750 907
9 474 171
18 147864 99171
6 55 42
12 2251 3064
6 61 58
10 1014 395
18 68549 8383
20 939570 762345
20 376430 749400
20 248919 168156
11 796 1273
13 3664 2936
19 143693 46421
20 476454 288505
4 5 6
6 7 3
20 858666 1010084
4 4 1
6 22 56
12 1771 298
15 22604 15679
7 32 98
10 65 262
5 6 28
20 42000 305444
10 216 904
18 193238 74469
8 149 103
15 24113 12228
15 22595 21511
15 18338 1761
5 8 30
13 5841 5442
5 5 30
8 31 212
20 163229 694840
5 8 25
14 12191 568
15 20750 13879
12 2785 2943
12 25 930
9 218 433
6 2 52
11 1111 1220
18 156875 154993
12 3933 1623
9 366 214
5 12 13
19 275250 397359
11 1526 1262
4 15 1
7 101 117
17 50441 129283
7 71 82
9 386 411
13 6721 2450
18 188788 114497
5 17 9
6 33 24
6 36 10
4 6 8
10 793 867
9 314 146
13 6411 1097
10 292 118
16 40316 45654
19 232166 357836
17 129260 3779
20 547445 408190
4 13 11
14 4294 4391
15 8163 13698
17 52565 129305
13 2991 2622
6 21 22
12 4054 4041
14 4636 5086
11 1268 157
16 45968 12185
6 8 49
13 6762 6115
19 50369 133710
8 254 232
7 97 48
20 645043 973208
14 9781 14632
5 14 10
7 5 121
4 3 7
9 117 125
8 149 221
13 7812 3156
14 5420 943
8 253 164
9 137 103
9 92 306
16 48913 31429
10 449 879
12 956 1529
18 79154 121805
8 163 187
20 129503 130320
5 2 31
19 128657 432078
11 2043 468
7 48 61
16 65348 26618
13 6505 1758
12 590 4055
17 5752 118129
20 873258 303780
4 15 1
8 48 38
11 1560 1433
4 3 12
18 131209 2018
11 1462 17
13 1049 6905
20 169742 432543
20 105616 111195
9 49 60
6 3 53
8 83 100
11 1616 34
16 884 1196
11 1891 1559
15 32363 6854
6 49 7
15 23170 24087
