1
2
3
4
5
6
7
8
9
10
11
12
13
14
15
16
17
18
19
20
21
22
23
24
25
26
27
28
29
30
31
32
33
34
35
36
37
38
39
40
41
42
43
44
45
46
47
48
49
50
51
52
53
54
55
56
57
58
59
60
61
62
63
64
65
66
67
68
69
70
71
72
73
74
75
76
77
78
79
80
81
82
83
84
85
86
87
88
89
90
91
92
93
94
95
96
97
98
99
100
101
102
103
104
105
106
107
108
109
110
111
112
113
114
115
116
117
118
119
120
121
122
123
124
125
126
127
128
129
130
131
132
133
134
135
136
137
138
139
140
141
142
143
144
145
146
147
148
149
150
151
152
153
154
155
156
157
158
159
160
161
162
163
164
165
166
167
168
169
170
171
172
173
174
175
176
177
178
179
180
181
182
183
184
185
186
187
188
189
190
191
192
193
194
195
196
197
198
199
200
201
202
203
204
205
206
207
208
209
210
211
212
213
214
215
216
217
218
219
220
221
222
223
224
225
226
227
228
229
230
231
232
233
234
235
236
237
238
239
240
241
242
243
244
245
246
247
248
249
250
251
252
253
254
255
256
257
258
259
260
261
262
263
264
265
266
267
268
269
270
271
272
273
274
275
276
277
278
279
280
281
282
283
284
285
286
287
288
289
290
291
292
293
294
295
296
297
298
299
300
301
302
303
304
305
306
307
308
309
310
311
312
313
314
315
316
317
318
319
320
321
322
323
324
325
326
327
328
329
330
331
332
333
334
335
336
337
338
339
340
341
342
343
344
345
346
347
348
349
350
351
352
353
354
355
356
357
358
359
360
361
362
363
364
365
366
367
368
369
370
371
372
373
374
375
376
377
378
379
380
381
382
383
384
385
386
387
388
389
390
391
392
393
394
395
396
397
398
399
400
401
402
403
404
405
406
407
408
409
410
411
412
413
414
415
416
417
418
419
420
421
422
423
424
425
426
427
428
429
430
431
432
433
434
435
436
437
438
439
440
441
442
443
444
445
446
447
448
449
450
451
452
453
454
455
456
457
458
459
460
461
462
463
464
465
466
467
468
469
470
471
472
473
474
475
476
477
478
479
480
481
482
483
484
485
486
487
488
489
490
491
492
493
494
495
496
497
498
499
500
501
502
503
504
505
506
507
508
509
510
511
512
513
514
515
516
517
518
519
520
521
522
523
524
525
526
527
528
529
530
531
532
533
534
535
536
537
538
539
540
541
542
543
544
545
546
547
548
549
550
551
552
553
554
555
556
557
558
559
560
561
562
563
564
565
566
567
568
569
570
571
572
573
574
575
576
577
578
579
580
581
582
583
584
585
586
587
588
589
590
591
592
593
594
595
596
597
598
599
600
601
602
603
604
605
606
607
608
609
610
611
612
613
614
615
616
617
618
619
620
621
622
623
624
625
626
627
628
629
630
631
632
633
634
635
636
637
638
639
640
641
642
643
644
645
646
647
648
649
650
651
652
653
654
655
656
657
658
659
660
661
662
663
664
665
666
667
668
669
670
671
672
673
674
675
676
677
678
679
680
681
682
683
684
685
686
687
688
689
690
691
692
693
694
695
696
697
698
699
700
701
702
703
704
705
706
707
708
709
710
711
712
713
714
715
716
717
718
719
720
721
722
723
724
725
726
727
728
729
730
731
732
733
734
735
736
737
738
739
740
741
742
743
744
745
746
747
748
749
750
751
752
753
754
755
756
757
758
759
760
761
762
763
764
765
766
767
768
769
770
771
772
773
774
775
776
777
778
779
780
781
782
783
784
785
786
787
788
789
790
791
792
793
794
795
796
797
798
799
800
801
802
803
804
805
806
807
808
809
810
811
812
813
814
815
816
817
818
819
820
821
822
823
824
825
826
827
828
829
830
831
832
833
834
835
836
837
838
839
840
841
842
843
844
845
846
847
848
849
850
851
852
853
854
855
856
857
858
859
860
861
862
863
864
865
866
867
868
869
870
871
872
873
874
875
876
877
878
879
880
881
882
883
884
885
886
887
888
889
890
891
892
893
894
895
896
897
898
899
900
901
902
903
904
905
906
907
908
909
910
911
912
913
914
915
916
917
918
919
920
921
922
923
924
925
926
927
928
929
930
931
932
933
934
935
936
937
938
939
940
941
942
943
944
945
946
947
948
949
950
951
952
953
954
955
956
957
958
959
960
961
962
963
964
965
966
967
968
969
970
971
972
973
974
975
976
977
978
979
980
981
982
983
984
985
986
987
988
989
990
991
992
993
994
995
996
997
998
999
1000
1001
1002
1003
1004
1005
1006
1007
1008
1009
1010
1011
1012
1013
1014
1015
1016
1017
1018
1019
1020
1021
1022
1023
1024
1135072213
1315695739
1157278158
527707451
1930699719
286696369
270531635
1068149045
1673994136
1018238843
473208274
1144730246
22531022
2124658164
1293470804
749641082
525969417
473851458
712010255
1266819102
1135074190
286132077
1393501025
1571441114
1291136066
432841911
1404438128
1012919226
206856941
1227903164
1397934473
1393801345
1265994094
1360114018
1398440270
39058683
799947495
1192071418
1473750080
579143396
195072232
1397559548
1738009995
301501745
896834065
558467657
634649902
2056302323
1390866663
884242896
2063295561
2139594597
1735081653
591768525
1224463253
1104708229
236566108
502689417
1417542058
1606144924
1786113773
1645634885
57734011
1827382613
515201844
645785574
812150111
1609998828
962592300
748277613
1631005527
24704817
149071594
417750318
1224875423
980341746
1128674418
1481013741
407516118
1303360856
1426687910
400929258
117482175
1792061382
1000396148
178645672
1658149305
33197321
138151269
1070427828
180438644
889125544
580972703
1478607057
1527991059
1733390353
1635340891
1301980252
943471371
78483389
547321905
624447521
674668535
1378906589
2083609251
1603485150
182939864
413355359
2135552656
1197831197
559631732
1604673876
1747312349
694919740
22590297
109932169
1335743841
1350918465
1350930793
2142396097
1850740380
1932946349
786588046
1890605784
1525551353
2140167056
472171080
754504923
528516164
654461739
575346714
1067925083
711969597
1797518727
189320341
1849815767
1346603798
613545455
1182591503
588076192
129999286
1606794401
1490258400
1061877077
2094243461
1886774011
1592439930
1297100884
1709773694
973755167
1438492652
1461518787
2013636085
313739498
85025840
1937639012
891209347
326967879
1362638003
2143302915
1543718183
996633777
900926739
338126837
1622236393
1770382382
333321979
643145960
818402013
1895338188
1521937561
1036767976
1311538212
801432186
476669460
701880921
150709956
1036709693
1926506890
1959748929
2135337169
963666981
2055068929
1953967543
1518067326
799503604
391662903
898238426
862921602
24186955
924755596
109941178
467997112
1135760262
1540363213
296143516
937260517
874074588
578280074
1036379736
1447615838
264003206
476369389
1924864698
1832772642
1755780864
1448005602
1321694310
1645099871
228451697
1944878753
2081399515
1889337143
334960972
753085544
1145609978
1377194239
1494606992
758709832
976052155
47652067
568552813
1694757701
1581893739
1881021214
794143355
427475559
439671289
308157788
1273279293
491056876
1662454728
113583581
1342093115
1817606746
530713227
731381110
1010350761
842894236
1264696018
1948561318
1876685782
596345727
1878933859
1487629423
1391958380
1867474392
319685832
289201941
1539594330
1309215049
1425390658
31408230
1399933186
1319912265
1807421941
1733591548
1604921224
832502891
328087875
1869305480
952016377
814722172
929144257
2020121262
617644589
1758063457
1835478263
1474137213
360224481
364928774
1158885097
2078740159
352845077
2051725217
2107278593
1456203777
278537399
1390850798
30853481
446003081
1955362853
910193262
1191093910
118761038
367593058
235442721
248708535
2041023538
741004994
990847711
1479175509
439266812
50060975
1774409322
1819672001
768312723
230488200
1546418164
697759890
1009924809
1704542003
1757779254
1021091897
1058940023
2052808373
781763208
1503720477
1397400439
288983722
334245695
908619947
490877105
483060864
743375407
1647865815
420507958
1082511055
704146353
1401208393
1491708627
409289821
1454514064
835555321
289690890
513039203
949173251
918769958
1775822239
86553002
69477634
2032333660
1290445332
963002955
232577388
389185909
1592730903
1200847475
1672828081
2089078766
584223647
1482377927
919916766
810949518
1837505243
1284657328
1041328299
844945811
37409789
1115063063
662960149
601063484
181966745
1692699786
1818864937
1305700362
1160785343
1331235871
589373246
1778466759
1140692350
387425733
1902012483
1500573808
932380324
595192580
247508700
953203510
1228302303
1667210411
1854835669
820241942
552835373
1839672417
1679895301
232477077
1165892320
2068861042
1854019234
1928606676
298775930
33363906
449312984
1969925909
980766734
1118355615
700402146
1059008184
2022164076
224937483
247163746
337259028
859618321
1017310629
1890847786
1985220563
1558102974
543030441
538619137
458268379
1034238448
673873480
1606229942
734523812
296778699
928312986
712757385
783056741
1805560353
777997166
1880922214
801554957
1893563551
464167047
1963917461
979444768
1360162234
1698551753
1826745921
1298978451
1613290805
1234460366
353817612
541987133
839129838
1811969578
1604705576
1627499997
554206577
2143101710
740858100
204057256
1993538823
867112990
1729005762
1581522690
1498231152
1709558991
16307409
156639717
1054633181
1887110154
1722291053
2100749762
1166532171
1777213195
168725358
1571849048
1676662987
1551654724
1623581195
1835112131
1077145703
1534989134
21984059
2126054339
1430360570
1462525706
588193533
1849842954
2031098925
1064755470
1827339272
1148016552
920746575
1335041238
415985862
1682579949
722204423
478632964
218415113
229244897
88196032
1759049032
1969872679
325394135
2131228012
1361263144
2112903
1726259680
1267901935
177275068
793849672
1587012502
471642246
1307988703
981856058
1698345279
518404035
956662660
667727718
829232418
573121942
1727687668
280825433
605858313
1757777987
1327755044
1436294532
849313358
1808065204
1947638745
1887921797
9503411
697988150
411625599
1689675407
548725463
1215982486
1347553986
1288739588
1612084720
533635883
1940956918
36747606
306813513
301431562
119296027
344477715
851420250
1024817678
1146647147
1614924533
539318752
1956940310
860731771
2096665405
878814369
1610494714
1431270601
1549958117
677672883
1151658729
1325108069
971502817
998726105
938592448
298429714
623688616
1287002247
1641016309
625276067
135434078
1407603032
184385615
1624733256
1060284061
985838567
1174668076
1574883666
1443252462
1806750678
930969505
2096599445
691046588
480558256
1621035414
834254687
622137424
1461167171
1610137498
1253011593
1953527305
1921633728
1831378779
1466914585
1482821340
1095015567
751674951
694945457
671988679
1533080015
957747925
1477932550
160364836
569786088
1507663623
322881313
54057581
117405130
816344111
1524647879
1025893297
1003834112
1816972145
767219589
1464578198
133678082
503783615
1667936655
171772053
1122366103
196204849
256436163
834548079
2121892190
1742152788
2057372902
1010301473
1003371978
60625361
1209078428
2008544452
94581398
1234247494
1046474976
1172994980
1473687373
117851909
1093349013
1523774464
736882320
1403978760
40502377
1228935722
1153737874
1608474478
31690246
330567320
1226645528
2009006077
577829919
1340924321
1176547731
1143392745
1305123027
2116443054
1622281097
2078682872
178773270
1977358369
894924609
512392855
1673501728
1581769914
1327964546
977785711
1135773585
1192294824
2051599407
1030557088
1473624716
1728416175
1745403614
738916783
1231217635
2007970928
673940708
1150401463
564641850
1516718406
246553524
343487432
2066086992
1713489083
1152734956
1829076013
1620193912
339576527
1286126060
2073734153
718905026
1034704397
1581651299
968208049
986138186
167260608
2003114729
2125835201
1897794044
1744151876
294116904
1256957693
274983650
1845299711
165595368
1489256920
1679272082
2033316884
1099576013
506461471
1897762097
1933088823
1524999375
432134631
1756723130
1368883594
20021652
404375974
467757225
427910241
86520722
1580170349
459477094
1857177849
972018323
433455925
147809119
1833238147
1154345729
1087796645
1232249193
1199991114
341621976
1595337991
1038861612
567365080
1523431986
1238703344
1002074802
1099579261
451878061
1363669966
1825811668
1409072986
1817579430
981805748
606009181
1843800608
1894488381
915965982
2085825101
964313669
1220750798
1443380153
1317897172
1024219154
603570203
2084624813
983252540
1116659884
2127970152
433003626
31973720
2073496776
1968136737
1931992320
1217862995
1624242741
313727026
44253129
25386096
563325484
1045327771
1425025177
1550097276
1762025099
1400391536
744209635
672718887
1609994274
250254303
1147438879
552792369
581032725
1712563635
1076273
922724717
2035348721
1931190018
1820859394
1697807178
401532715
816549935
1345271495
1225557938
1474408847
944255120
234585872
1416949782
1302361624
362138493
1235327767
1102875187
1998314448
77110370
162252032
451391709
1347307895
456039263
1045243701
1956520709
356505747
673876965
688878057
778589143
2035524687
1468702817
1576468134
1132634875
1368587592
604152141
1687223821
1331975598
237056865
725834060
412188172
737061750
1134379693
183745496
454840744
1897825274
1209293250
1378927104
25220004
2061332226
1833754185
202237598
1153158670
394814203
2021980336
6939695
1857956196
1503458073
1007975543
1444327075
402478113
367089226
318765376
1118014404
2135426863
1654043460
1561810948
1288608578
223183867
706477380
1011993101
2038163013
1631789628
2126442612
1564644099
975648721
1013457425
1962362561
1147056277
99291571
2062768729
2105404906
1613282900
1986869780
1339396228
2087269083
524660506
724103465
555622504
330020495
2060495294
281891705
330531373
1406084714
66128742
1518392066
1274072813
1031849944
1217683945
1123169161
123305249
560290855
1394806188
667941419
353264196
556849156
288718261
1512429408
1009283525
1069515845
1547516796
695418429
1088788768
2078205359
1031212048
1169238029
11326167
1088472627
611190746
846211611
1513298294
48578105
1296580037
671774954
1034628344
1627642760
363906043
866395820
749798994
741569667
1150300199
229447639
983342087
1399987051
828359505
138017991
1740866737
1911516214
567654687
608801623
1155010645
1608538934
179618338
468853761
1412738483
1770247797
63159699
819513216
1593022
1552806495
1003229498
157367357
1090732092
1896927812
631874054
2022215988
1106591467
1736820416
1486646226
1121425499
1810547943
1349108776
537433238
1477173228
1841131755
1197241589
1575265336
684984043
8685067
1868535086
799572226
354044800
602909208
1546544946
711112655
1107484003
1688042033
1590049653
336597253
68906278
1604995060
1733423380
1547127976
1204642032
897495704
1327314511
900043884
1281897228
1413640566
1510132273
1496600737
2002411111
1340371464
894580203
2019044462
1066580952
262566822
1138304617
1700422203
1303244606
554503568
1511934088
645471154
898140797
834244621
1945524960
1215323051
1394005265
366763543
1299804111
682371799
1331847417
245502634
724037503
1167447837
545843770
1832972897
1615392558
919768763
491784945
971954972
1459803564
1342145796
2029782452
1142939332
1151154308
2014529831
914487191
115244336
2075155642
1671831471
1493679367
288895793
1286597683
1148217656
813680093
1842404838
864203672
57058302
2122795544
196575768
1995122297
102245836
966811152
1181506968
957037561
674604929
645651530
1336402873
1200853439
563193580
327056708
883859715
1542161836
1123510852
2139557594
1180197058
1112627863
36458659
755596909
1691499982
2043407035
1825975855
1089146124
1536382675
1985864222
727778447
485557316
0
