820 1
11
9 48
12 44
12 47
19 20
14 24
15 26
8 20
14 41
12 38
2 19
8 59

184 1
17
6 39
6 18
5 19
12 24
20 21
4 5
20 17
4 59
17 45
17 40
6 55
4 3
4 52
15 6
6 28
8 31
4 56

405 3
27
8 5
16 43
13 53
14 57
4 35
5 60
3 47
17 43
15 7
8 6
13 7
9 55
6 11
2 32
18 28
5 48
15 38
11 5
2 24
16 46
18 8
11 41
12 28
9 43
7 29
8 10
13 56

505 4
26
12 45
12 53
16 6
2 33
6 33
20 1
18 50
19 2
6 5
5 54
1 23
3 56
18 53
17 39
6 16
15 31
5 2
3 54
2 29
16 20
10 42
9 22
19 39
20 25
5 25
13 55

790 3
9
7 17
5 52
16 8
6 42
19 11
9 15
10 34
6 49
18 25

598 4
26
7 20
16 13
4 2
16 46
18 51
8 37
16 43
12 35
1 60
17 41
2 30
8 1
15 53
19 26
13 53
12 57
3 53
14 13
4 40
14 6
17 20
19 15
20 27
18 1
20 20
13 56

430 3
21
14 13
17 54
11 53
13 17
6 29
14 59
11 35
3 13
15 44
9 34
2 14
10 30
15 9
20 11
14 52
10 38
14 9
15 39
4 43
9 12
2 51

62 4
29
15 47
5 18
5 28
14 56
8 31
9 3
1 35
17 48
3 44
17 27
10 31
18 54
14 40
11 21
15 31
6 53
14 13
10 15
6 19
2 18
4 24
15 51
8 51
16 26
13 11
16 14
11 14
17 49
14 8

501 2
20
11 46
15 2
1 45
8 9
11 13
16 30
3 19
16 25
3 2
7 9
14 4
11 58
10 9
2 29
14 38
2 51
18 37
14 19
13 57
16 44

182 3
14
12 47
5 35
8 24
9 29
19 20
12 52
1 51
16 42
4 16
11 1
12 47
3 2
2 55
3 2

559 3
26
1 43
10 57
16 39
12 46
2 51
15 12
12 25
12 44
20 44
14 13
20 20
18 15
12 18
13 40
9 48
13 51
18 40
8 52
16 46
8 4
1 4
15 25
4 37
13 36
12 32
20 32

597 1
20
6 2
7 59
13 38
13 34
18 32
2 54
18 46
13 56
19 59
7 13
17 54
5 41
5 52
3 50
6 1
20 3
9 44
18 19
2 48
1 38

964 1
23
12 19
13 47
4 19
14 52
18 58
17 8
10 29
16 6
13 44
8 39
17 38
15 43
4 51
20 21
10 6
16 46
17 43
13 2
5 44
20 7
3 46
15 42
10 6

363 3
22
13 37
12 1
6 56
16 49
16 57
6 39
12 60
9 17
10 30
17 2
5 23
2 56
12 58
5 6
1 9
15 5
5 25
14 15
20 15
18 48
2 12
3 57

82 4
21
2 19
14 27
1 10
8 29
6 8
8 53
15 26
8 27
4 57
13 30
10 4
12 8
8 36
9 12
17 49
1 42
14 7
19 38
7 38
1 3
5 54

623 3
7
9 59
14 18
16 39
13 46
7 18
20 53
17 14

761 4
24
15 33
10 34
8 46
19 31
4 8
8 41
18 37
17 18
15 3
13 53
8 8
11 59
7 36
13 8
7 21
9 25
5 37
1 60
8 39
15 43
8 3
13 52
14 43
19 20

974 4
17
16 27
20 30
19 44
10 46
12 30
13 45
17 40
12 13
5 12
19 45
12 11
17 8
5 40
4 8
17 26
8 22
3 36

541 4
27
10 20
1 4
9 35
2 3
9 25
18 20
14 37
8 39
2 40
13 50
20 7
13 18
12 29
17 12
2 26
16 26
16 36
5 50
15 17
3 19
4 22
20 46
7 58
9 46
13 50
7 53
7 36

501 1
6
15 29
19 54
18 24
2 38
10 42
11 31

914 2
12
10 54
1 39
4 53
12 54
16 2
14 8
15 32
9 56
18 12
2 16
6 49
14 10

247 1
12
12 42
8 18
8 16
19 47
17 2
13 9
12 6
7 9
19 51
3 9
1 59
12 9

321 5
14
10 55
10 49
3 32
14 24
16 34
3 57
10 6
14 18
9 16
11 37
18 8
2 34
8 17
20 30

398 4
19
7 42
18 18
2 47
11 49
13 57
3 43
15 34
16 30
11 16
8 41
9 30
4 6
20 44
11 31
17 57
16 44
14 4
17 11
12 22

506 5
13
9 14
4 13
14 3
17 56
5 14
2 58
8 28
17 53
5 45
10 4
18 34
14 59
17 18

764 4
28
16 2
13 56
16 1
15 37
1 13
8 14
6 50
19 48
14 47
16 55
17 1
14 17
4 8
18 53
11 51
17 38
17 2
18 56
6 19
1 21
16 60
19 11
16 36
15 54
14 48
16 12
15 16
4 32

292 2
25
18 21
8 17
14 38
19 41
8 8
12 53
2 25
13 55
10 49
5 16
6 51
19 21
17 26
6 46
3 17
10 45
17 28
15 26
16 44
12 21
8 40
10 33
12 37
10 28
4 15

366 5
5
4 58
11 59
8 1
1 7
6 3

347 4
13
14 29
12 59
15 53
14 46
4 1
5 35
12 3
8 21
11 36
8 19
10 33
4 17
19 11

131 5
6
5 15
10 37
15 39
3 5
6 3
1 39

179 3
4
10 18
15 26
17 15
3 14

305 1
16
14 45
10 50
19 31
8 53
5 30
7 49
1 44
4 54
17 6
12 32
15 19
20 35
17 32
10 21
15 3
6 6

710 5
10
6 18
8 52
20 26
4 55
13 9
11 6
12 35
18 46
19 19
17 53

156 5
19
19 29
3 46
17 43
5 31
1 41
1 45
4 35
11 46
11 40
19 27
17 26
10 45
17 16
1 27
2 27
7 18
5 15
18 17
19 14

307 1
5
8 43
18 37
5 50
2 42
10 46

150 3
22
12 8
5 41
18 38
15 25
16 20
15 18
13 55
6 35
14 59
16 36
17 26
8 9
18 24
9 24
2 27
9 11
1 10
12 16
20 33
3 39
7 22
18 57

946 4
19
13 23
10 27
15 24
12 35
16 10
7 10
18 14
16 32
10 60
11 7
7 43
1 43
1 40
2 60
6 30
4 43
13 57
4 4
20 58

319 5
17
11 60
19 12
2 46
16 7
5 5
3 49
8 45
20 23
15 21
11 56
12 8
14 35
13 60
3 28
7 25
16 42
7 57

735 3
16
9 19
6 59
14 16
14 47
9 18
5 24
3 13
8 21
17 48
6 44
12 59
9 19
9 48
19 25
11 1
16 49

258 3
1
15 46

987 1
7
3 50
14 56
7 41
9 43
4 43
2 60
6 1

360 4
20
2 24
1 1
13 51
19 25
17 34
18 60
15 17
19 28
20 45
8 51
2 16
17 60
2 14
15 49
20 8
20 60
11 60
4 39
13 12
18 55

449 4
5
3 45
16 3
4 49
5 11
10 13

901 2
5
18 25
6 14
13 48
18 47
11 51

483 4
17
11 3
3 12
1 10
8 57
16 50
6 52
8 43
18 4
14 59
11 3
6 55
8 33
2 56
18 5
14 3
4 40
1 33

284 2
8
9 35
8 53
17 15
18 57
13 35
17 30
4 13
3 51

671 3
11
4 14
10 37
7 27
12 25
16 24
20 11
16 19
12 10
14 20
7 3
6 25

669 3
1
7 42

155 3
28
1 59
6 23
9 27
11 59
17 33
13 44
8 15
3 38
10 30
12 60
14 42
7 16
14 47
13 19
12 22
9 11
18 19
7 11
1 42
17 7
11 47
11 21
18 26
17 11
16 51
14 10
12 11
11 18

146 4
13
4 5
12 54
8 39
9 26
18 59
14 17
16 55
14 6
5 35
10 6
13 9
15 36
5 8

607 4
9
10 38
14 52
18 46
4 30
17 28
8 39
12 59
1 38
6 27

861 1
27
2 48
10 4
7 24
8 29
19 18
3 58
2 27
3 54
7 20
13 11
11 59
10 52
5 8
12 21
12 15
1 47
1 24
8 30
1 19
20 53
9 25
10 17
20 54
11 34
9 32
2 17
10 48

134 2
14
4 20
1 39
4 36
2 38
2 53
16 51
2 3
7 54
4 59
1 56
17 52
18 18
17 1
16 35

799 1
8
3 60
5 45
13 12
10 34
3 14
13 16
7 9
13 49

216 1
19
14 8
13 48
14 1
16 51
4 37
9 13
16 7
9 37
8 29
2 14
4 25
18 46
17 40
17 38
1 34
7 2
16 42
18 33
5 59

814 5
7
12 10
3 31
4 20
8 51
17 2
20 55
4 45

712 5
24
16 32
4 8
12 23
7 19
5 59
17 29
14 24
11 29
12 18
16 29
9 50
4 56
18 16
15 22
8 7
14 11
14 44
20 35
17 32
15 57
6 37
11 13
8 31
12 12

27 3
29
12 60
11 47
20 60
11 46
17 7
3 29
20 23
15 32
5 43
11 35
5 40
1 32
4 60
15 49
3 31
3 58
2 24
9 46
1 28
8 40
20 38
7 44
10 39
5 58
14 2
2 53
17 22
17 56
15 22

757 4
26
15 50
17 29
10 35
2 32
16 10
3 32
2 40
14 55
19 55
13 44
20 54
9 24
13 42
15 51
3 40
8 26
11 59
9 24
14 33
17 50
1 33
13 7
11 31
16 36
20 39
1 28

185 2
10
20 33
5 24
7 2
18 44
16 4
4 38
2 26
2 31
16 16
10 19

770 3
26
17 41
8 34
12 6
8 3
11 50
4 55
2 6
4 55
4 30
9 35
2 21
16 47
9 21
16 16
9 48
7 30
6 10
16 60
4 41
16 31
13 59
2 42
13 19
14 13
19 43
16 33

784 3
16
14 10
5 47
13 5
6 1
12 8
12 41
13 7
11 59
14 34
14 56
19 14
17 54
20 34
2 37
4 18
16 39

204 4
4
9 47
20 22
15 56
15 14

293 3
23
14 3
7 19
12 13
2 23
3 9
13 33
1 6
1 4
13 48
18 39
1 58
9 30
7 29
17 48
9 37
2 41
10 19
19 26
17 18
13 34
15 42
2 59
16 22

296 5
21
15 25
19 26
16 29
4 9
4 53
13 43
3 22
18 38
8 33
13 29
18 60
13 26
11 56
1 36
6 53
13 11
7 33
17 32
20 49
5 19
14 52

294 2
16
16 24
12 30
1 8
16 5
4 48
3 54
10 46
9 23
5 26
1 26
5 56
18 32
1 42
13 40
13 7
4 56

277 4
14
20 59
13 32
7 40
1 32
15 12
4 57
18 12
19 7
17 1
20 56
5 60
14 58
15 60
10 57

144 5
9
5 34
5 20
13 23
8 60
19 34
19 7
9 9
15 50
13 28

848 2
16
9 30
5 18
17 53
18 41
11 33
14 24
5 16
10 24
10 23
14 11
6 20
12 46
1 58
9 12
17 60
12 24

803 4
18
12 10
13 10
12 46
15 50
14 6
2 39
14 42
17 42
10 15
6 39
17 18
3 28
15 18
2 16
18 52
1 55
20 25
14 41

73 2
28
14 59
13 40
7 41
8 50
18 59
15 39
4 9
2 15
15 30
12 14
20 30
5 7
19 16
7 58
19 26
13 38
14 29
12 38
17 28
19 54
4 28
9 1
20 13
4 32
13 47
8 57
14 44
4 41

93 3
22
16 24
18 28
3 56
12 3
20 3
12 20
4 4
17 3
6 13
4 56
14 21
12 18
17 16
12 28
18 4
20 36
5 35
16 16
3 30
17 27
19 51
6 44

420 4
3
17 30
11 46
6 2

16 3
8
8 45
19 44
2 38
8 12
15 4
17 60
5 3
15 11

244 4
11
6 9
9 3
7 34
4 31
7 28
9 35
15 52
5 33
14 47
13 14
4 37

907 4
30
12 1
4 52
15 1
12 11
1 39
3 54
1 51
20 33
17 39
10 34
4 14
20 38
9 15
13 33
7 47
3 27
16 6
17 16
1 26
5 39
3 58
18 22
2 6
7 1
17 58
4 52
10 16
10 13
3 26
10 31

974 5
29
14 4
9 29
1 58
7 57
11 6
8 32
16 27
4 12
13 13
9 42
12 54
9 43
18 49
11 29
8 29
7 17
6 9
6 39
7 14
5 48
9 40
20 28
4 50
18 18
16 5
15 52
16 51
10 53
4 13

348 4
27
8 47
20 33
19 13
3 42
12 23
15 47
3 9
19 26
5 46
9 39
7 30
5 13
18 28
1 48
18 24
20 49
4 4
13 35
17 48
7 43
3 50
15 55
10 42
9 6
7 32
3 39
12 28

939 4
6
19 1
17 34
3 45
7 12
8 12
7 42

25 4
27
20 43
19 39
8 41
13 20
3 15
20 50
18 54
15 4
6 11
20 12
8 11
18 51
8 33
1 39
7 1
7 53
4 60
13 1
14 25
3 44
14 46
4 8
2 23
4 58
2 45
19 41
2 59

564 4
6
10 33
15 44
10 8
5 22
8 22
15 15

957 2
9
2 43
2 46
11 19
4 24
20 48
14 39
12 33
16 25
14 29

255 4
10
3 15
19 6
12 58
10 2
15 19
14 33
14 38
11 16
10 45
20 37

913 3
21
16 52
12 23
15 35
5 41
3 29
1 28
5 50
14 33
10 51
4 29
6 8
12 57
8 47
17 48
19 28
4 47
8 9
17 48
20 59
7 37
20 10

511 5
5
18 34
10 7
17 57
13 58
12 35

381 5
21
13 51
4 12
2 4
4 39
8 18
2 58
5 40
14 2
3 54
1 53
12 9
15 6
13 44
4 12
1 45
19 1
5 41
4 57
9 7
18 35
5 51

39 2
24
1 17
19 34
9 26
18 2
4 26
8 60
2 42
14 13
20 14
15 15
11 20
19 1
1 13
9 4
3 52
3 7
17 20
13 11
10 28
7 6
19 1
19 13
14 53
10 15

136 3
5
20 45
5 25
9 23
6 24
1 6

820 4
23
15 42
10 49
20 15
13 28
12 25
8 13
5 33
4 21
19 32
8 29
8 51
9 55
1 58
1 46
19 7
2 25
2 19
16 45
10 49
20 20
10 30
14 28
14 7

340 4
7
13 4
14 18
16 31
17 8
18 55
19 25
8 23

59 4
27
1 46
16 51
9 31
18 31
15 14
14 12
3 5
9 49
9 45
15 1
16 23
19 51
20 29
1 57
2 48
1 53
3 20
8 37
18 4
4 54
14 44
13 50
19 56
17 51
11 19
11 59
17 12

695 4
18
1 29
12 42
6 50
16 30
10 56
12 27
17 40
9 31
13 19
3 2
13 46
7 45
2 22
12 52
4 58
10 11
19 20
12 13

998 3
8
2 29
4 4
16 17
12 45
14 18
10 59
4 27
4 17

907 2
20
9 14
17 30
15 31
3 45
1 3
5 29
3 54
5 48
17 4
6 32
18 22
2 15
15 12
1 53
17 59
14 48
18 8
15 30
15 45
20 16

755 2
14
2 18
14 47
18 26
14 48
2 11
10 13
5 60
5 31
17 43
7 52
19 16
3 44
17 42
1 51

458 3
19
11 7
16 5
11 23
12 4
5 37
15 51
3 35
11 36
20 48
17 27
10 49
13 26
14 21
6 18
12 52
1 57
6 11
18 56
11 21

484 4
15
2 1
10 45
18 52
15 36
1 27
16 11
14 4
8 60
1 35
2 57
1 39
5 27
6 32
3 57
17 48

923 4
29
18 42
10 35
17 34
6 32
2 2
13 23
13 14
8 1
3 49
3 25
5 4
13 15
18 36
4 37
20 17
13 27
15 21
7 27
6 9
11 60
18 14
10 47
13 15
2 30
4 7
18 26
15 9
13 4
16 38

332 2
23
10 42
4 19
16 14
15 45
20 44
11 23
2 24
17 27
1 47
10 41
6 48
5 46
20 42
7 11
6 36
2 60
18 10
17 38
20 41
19 37
14 38
11 22
17 59

79 5
19
5 8
20 23
8 51
5 55
20 39
8 23
8 44
20 3
13 7
4 48
7 45
12 14
16 4
4 2
13 4
2 1
18 25
15 13
20 55

634 1
11
3 1
18 42
17 27
18 45
8 13
5 25
19 3
17 35
9 32
4 9
4 45

757 2
17
1 10
9 56
8 60
7 27
2 35
19 45
16 24
18 17
6 34
4 42
10 39
3 56
16 15
17 23
18 60
10 37
6 55

419 2
18
11 37
10 21
11 54
11 2
17 14
14 55
6 27
5 8
15 41
13 18
2 1
17 49
9 56
2 13
14 31
15 58
2 5
9 14

51 2
13
17 14
10 54
6 55
5 56
13 50
19 29
14 3
1 30
11 21
17 46
20 51
13 6
10 10

820 3
28
12 32
7 8
9 7
1 29
20 5
10 32
14 13
4 2
6 13
11 33
16 38
17 17
7 19
12 42
14 7
14 3
19 4
7 2
12 20
9 45
2 27
20 41
18 9
9 33
17 38
9 4
15 50
9 55

119 4
13
4 60
4 59
6 55
1 18
14 53
18 37
9 51
19 14
5 53
2 29
11 41
20 17
1 51

845 5
1
1 60

422 4
26
12 46
18 24
11 32
19 38
20 6
10 10
20 52
18 20
11 31
14 25
7 57
2 50
4 52
14 58
16 25
8 25
15 49
2 1
1 51
3 37
3 41
18 51
10 32
3 6
18 52
18 20

637 3
10
10 50
14 16
12 58
5 20
6 54
5 24
6 8
20 3
1 56
17 10

538 5
10
13 6
11 4
20 39
1 21
19 50
1 1
15 20
14 12
20 47
8 39

477 4
23
7 28
13 32
17 22
14 32
5 4
16 50
10 8
5 19
11 19
14 31
4 31
18 42
16 17
11 19
16 27
8 48
19 22
3 34
15 43
16 46
19 12
18 44
12 36

169 5
20
14 5
13 39
17 49
15 14
3 52
13 22
1 27
15 27
3 8
5 26
3 10
5 53
3 35
14 27
20 34
8 21
18 39
12 9
15 32
2 37

41 1
18
9 14
2 41
17 20
14 50
18 44
7 44
9 36
8 37
11 39
13 47
9 50
1 37
9 48
13 36
3 60
5 18
8 5
9 33

68 1
25
11 43
16 48
5 56
16 30
3 47
7 52
8 1
11 44
1 9
13 7
3 36
2 47
16 1
15 53
14 25
2 53
11 49
3 24
16 46
4 42
1 34
1 36
17 37
6 40
15 3

363 1
30
13 19
4 11
18 17
8 2
20 38
4 56
9 49
7 6
16 45
8 3
16 7
2 27
20 39
10 8
11 9
11 44
9 26
18 43
15 33
19 6
4 43
12 56
8 38
9 44
9 60
20 15
8 47
2 47
9 4
1 41

998 2
15
15 3
16 45
4 23
12 11
19 31
7 28
13 54
17 33
16 46
20 41
2 56
1 7
9 47
3 22
13 50

365 2
12
14 1
4 26
19 53
14 43
4 23
12 31
15 25
1 10
3 18
19 56
1 4
19 31

378 1
26
6 52
2 4
13 11
15 15
5 47
19 54
11 26
14 34
1 39
14 6
10 26
1 35
1 45
15 47
6 52
15 50
15 39
2 19
3 14
5 9
13 58
5 29
18 2
12 27
2 48
1 23

251 3
16
14 26
9 57
20 25
17 59
11 33
8 38
19 10
15 31
7 24
4 39
9 4
6 18
9 11
18 24
6 11
4 20

931 4
23
7 59
15 29
5 29
13 4
5 14
12 46
18 19
7 44
20 18
1 49
13 16
3 28
1 6
17 49
17 40
16 25
11 39
7 18
7 57
1 10
8 42
11 59
5 29

964 1
4
5 42
8 28
20 34
16 54

991 4
4
20 35
16 11
12 4
15 23

836 4
11
4 50
6 50
2 28
10 41
17 30
13 52
20 3
12 56
3 7
13 3
8 25

985 1
7
3 60
3 32
10 7
12 42
15 7
11 7
12 30

467 5
28
13 57
4 57
6 13
12 28
2 7
4 8
9 17
11 9
9 23
5 43
15 47
20 35
6 19
12 24
12 40
10 31
9 30
17 32
1 44
7 38
17 6
3 29
12 52
2 37
6 32
19 26
17 34
6 50

591 1
7
8 45
6 8
13 54
2 57
18 23
9 21
4 11

507 3
2
18 7
5 33

461 1
7
12 46
18 37
2 34
11 11
1 48
3 47
9 29

359 2
17
6 58
4 4
10 26
19 56
4 59
3 43
8 30
6 48
13 44
3 40
1 40
14 1
9 38
4 20
13 54
8 54
4 48

862 1
1
18 48

424 1
16
5 56
13 55
2 51
19 58
10 17
4 10
3 37
18 23
11 3
1 45
19 36
3 8
12 30
19 51
14 46
4 47

917 1
14
14 27
3 54
4 25
15 15
11 26
4 26
9 39
5 29
17 10
11 11
16 47
11 15
15 9
12 22

340 5
26
20 29
3 28
9 22
13 28
13 15
15 59
18 46
3 14
10 27
4 11
12 28
6 35
12 6
15 27
16 21
12 59
17 10
17 18
2 11
20 4
7 11
7 52
20 32
20 18
3 37
5 40

369 3
23
20 56
20 26
6 24
11 25
1 44
8 23
19 55
13 4
18 10
4 7
3 30
16 45
9 41
13 43
1 50
19 54
1 31
19 30
11 3
6 1
20 28
6 36
17 34

864 4
16
12 20
7 41
18 13
13 50
4 59
20 54
10 17
15 29
4 10
16 8
16 13
7 32
10 25
18 56
14 57
13 30

747 5
14
12 35
2 45
17 25
18 12
16 27
19 20
3 13
3 60
11 29
13 34
8 38
13 32
7 26
13 3

542 1
24
6 48
12 16
13 17
17 21
18 11
10 60
1 2
9 10
15 8
7 30
12 20
13 19
10 23
17 28
18 41
2 27
6 11
5 39
12 19
18 30
14 19
14 35
10 9
2 57

447 1
5
14 43
12 42
4 7
19 43
7 1

775 4
18
2 35
2 7
19 51
15 29
3 31
10 13
1 54
8 11
16 34
10 12
3 55
9 26
9 41
9 49
10 25
8 17
20 57
9 24

468 1
13
11 51
20 12
7 12
20 17
9 40
3 51
19 16
2 12
2 23
4 59
7 14
19 38
13 31

532 5
6
19 49
20 54
13 6
3 38
7 10
6 29

435 4
3
6 14
3 49
14 49

817 2
12
11 55
19 56
20 59
18 13
20 26
1 13
7 34
19 46
19 29
18 21
11 58
14 27

277 1
13
3 23
7 50
7 48
13 39
11 25
2 50
2 35
4 57
5 6
1 54
4 28
9 32
6 49

371 1
11
17 16
1 12
10 31
12 46
19 25
10 57
6 24
3 44
5 57
20 45
1 44

346 2
29
7 2
7 13
4 10
15 40
5 8
11 7
19 30
19 50
20 14
19 28
2 1
14 46
20 49
11 37
17 25
10 21
5 39
14 35
1 45
9 38
3 31
7 33
10 7
14 28
11 50
20 8
16 42
3 16
20 25

813 4
13
17 50
12 49
4 15
11 19
14 30
5 57
20 3
17 34
4 4
3 25
11 49
2 19
17 58

107 3
9
4 11
18 50
20 30
11 32
6 19
8 31
9 10
7 39
2 46

78 5
6
2 50
12 18
17 48
5 49
19 36
9 19

392 4
10
20 24
11 36
18 7
2 58
3 52
9 20
1 8
14 34
19 38
15 3

735 2
4
20 16
17 56
18 11
10 49

757 4
10
3 15
8 26
16 23
12 10
13 57
12 11
14 57
5 49
19 17
2 47

195 4
29
11 16
12 40
8 51
20 7
11 30
15 13
19 41
15 31
6 44
18 25
9 23
5 13
1 12
14 10
16 52
12 55
12 10
5 22
7 1
9 17
20 52
2 55
6 11
15 6
2 51
12 43
9 45
2 42
6 52

568 2
22
3 41
3 1
2 33
2 35
12 19
15 36
8 59
18 42
9 11
13 38
7 10
20 59
14 46
8 44
11 13
18 34
15 8
19 4
7 6
4 41
2 31
11 23

566 2
25
6 24
20 56
1 13
14 23
12 26
3 12
6 26
7 48
2 14
19 36
10 30
18 29
16 21
8 17
10 44
10 45
5 47
17 28
12 48
4 53
14 28
19 52
20 8
14 48
15 27

885 5
22
20 45
18 12
20 38
2 13
8 14
9 10
8 25
18 41
20 11
6 51
14 49
11 20
8 47
18 55
18 18
16 41
17 41
15 42
12 8
8 20
6 20
12 27

169 5
5
1 27
14 49
12 24
14 55
4 47

122 5
29
20 39
12 5
3 35
15 16
7 6
7 4
8 30
1 54
1 35
15 43
19 38
10 57
18 44
3 6
14 39
2 43
6 40
2 60
15 34
20 18
1 13
19 17
13 19
3 31
14 39
17 24
18 35
11 32
11 44

33 5
5
19 35
6 54
1 44
4 22
4 52

416 4
6
20 30
5 13
8 2
16 2
14 29
2 8

31 2
27
3 47
13 15
12 20
8 41
14 35
17 38
14 30
1 60
1 54
1 50
20 41
16 18
4 53
4 15
18 40
18 33
18 21
20 54
3 45
20 45
14 21
2 49
20 49
18 12
13 30
6 56
11 48

909 2
9
13 27
19 8
10 54
18 17
18 53
4 5
15 57
1 46
6 9

570 2
3
3 20
11 5
16 19

18 3
20
6 31
15 56
19 7
7 25
8 55
18 14
3 8
19 8
12 3
10 60
12 39
11 17
17 17
15 57
16 33
8 36
16 44
16 9
1 54
3 44

98 2
4
12 60
6 2
3 44
13 60

498 2
30
11 35
12 28
20 28
9 3
13 58
11 24
7 21
8 33
3 44
4 58
2 58
7 54
8 50
16 49
15 17
20 46
2 18
18 35
18 48
9 46
5 54
2 38
17 3
17 55
15 19
6 10
1 14
16 45
1 27
8 42

425 5
11
8 6
14 9
9 34
7 13
16 45
3 22
13 54
12 58
7 22
3 3
11 46

985 2
26
20 51
1 33
11 15
10 51
8 23
20 54
12 28
8 21
13 11
2 3
10 42
9 34
11 6
4 49
2 1
16 60
9 57
14 43
17 20
6 1
14 18
4 11
20 27
10 34
10 33
6 1

187 4
10
6 29
7 26
12 44
8 23
17 7
7 52
13 15
18 46
8 4
16 13

675 3
15
19 39
8 13
11 54
10 25
3 11
14 46
15 25
14 12
17 53
12 51
1 58
18 16
3 20
3 59
20 38

633 2
28
19 4
13 21
7 47
10 34
1 38
4 1
5 60
12 57
15 42
7 27
7 19
16 40
6 8
17 57
8 55
15 9
15 4
7 39
12 40
18 41
5 26
20 44
7 48
9 25
1 23
16 31
17 17
4 54

443 3
7
8 36
1 44
20 50
11 54
6 59
11 37
16 9

33 2
20
19 50
3 18
17 55
6 41
1 28
16 30
12 25
3 24
17 48
14 29
18 3
6 49
12 20
7 60
9 11
9 5
15 22
11 15
20 3
11 40

93 4
25
9 44
10 59
19 23
18 42
9 51
13 32
18 39
15 22
7 58
8 33
16 43
10 52
17 28
10 40
14 27
15 20
11 6
11 42
11 52
8 29
6 6
6 60
20 27
17 40
16 11

757 4
22
3 49
11 29
18 60
13 41
2 9
5 36
5 30
17 16
5 26
11 14
7 15
14 29
8 11
20 50
2 15
3 20
10 60
15 25
19 45
2 27
15 53
19 11

578 5
13
3 39
10 10
11 45
6 43
2 55
10 8
3 57
14 2
1 6
10 19
2 1
2 21
17 46

952 1
27
7 13
1 2
8 35
1 10
14 18
7 49
6 33
14 9
6 4
2 11
20 37
12 35
6 10
20 51
14 38
14 38
3 48
20 38
11 20
18 27
2 29
13 38
4 5
14 11
10 19
10 49
11 15

311 4
3
17 8
19 24
6 28

906 1
28
12 55
16 56
13 29
1 43
18 21
1 41
9 3
15 43
11 26
15 27
12 5
17 55
20 46
18 32
3 5
10 6
8 11
17 27
13 8
14 36
10 37
12 25
16 6
7 1
20 3
11 25
12 57
4 9

306 4
1
19 42

367 5
25
20 23
3 4
7 39
13 9
4 11
3 41
3 40
4 19
10 60
5 6
18 26
1 55
18 56
1 39
2 59
5 21
1 7
15 19
19 19
1 48
16 51
9 18
1 29
20 51
8 57

62 5
30
19 25
6 48
17 32
10 60
15 41
18 20
8 3
17 3
20 4
5 40
3 51
8 6
20 47
5 9
15 19
2 20
3 34
18 56
3 46
8 17
2 35
2 44
16 53
3 53
10 54
13 53
1 1
15 38
15 24
17 2

248 4
25
5 6
7 54
2 7
14 54
1 33
12 58
12 25
3 50
15 57
16 56
9 26
13 55
17 28
19 3
19 21
11 29
9 42
13 13
20 26
1 57
11 1
8 43
8 12
7 58
16 25

571 3
13
5 8
8 3
20 53
1 27
5 24
11 19
14 2
16 28
20 13
7 4
10 60
15 43
13 28

322 1
10
16 34
13 18
17 11
5 59
20 39
1 49
11 20
5 53
1 36
13 46

592 1
6
10 41
5 23
5 24
6 53
5 5
17 54

990 4
25
5 44
17 50
7 17
12 49
6 7
8 24
15 39
7 51
17 20
11 12
17 4
16 57
3 24
5 8
4 26
8 21
8 13
6 32
5 4
18 33
16 35
9 48
8 6
19 32
5 51

163 2
26
6 27
15 40
19 19
12 34
12 25
4 23
10 15
19 60
10 40
15 50
7 56
18 37
20 51
9 25
7 9
12 32
14 49
3 17
20 33
13 34
12 4
6 52
2 49
2 9
6 35
12 34

938 1
22
9 56
7 1
16 53
12 56
4 10
3 60
16 31
3 42
6 43
5 16
11 15
18 27
19 57
4 9
1 14
10 23
18 36
9 18
2 9
20 35
15 8
6 21

259 1
6
3 27
20 47
15 48
13 32
8 51
17 56

438 1
23
3 8
1 38
13 24
9 3
12 3
11 45
14 55
15 11
16 25
19 40
15 41
17 41
17 53
13 30
10 36
3 24
15 44
2 26
4 37
18 4
1 36
4 31
15 1

609 4
8
20 60
6 56
7 53
10 9
16 42
17 3
16 27
4 43

452 4
6
2 55
7 27
5 11
9 24
14 44
4 25

670 2
5
15 49
19 29
16 53
10 27
13 9

603 4
10
8 19
1 51
15 6
12 22
10 47
14 17
1 14
11 50
13 40
12 52

315 3
20
4 17
20 45
11 24
11 36
9 43
16 2
1 18
15 24
4 21
18 30
2 28
3 13
17 20
9 51
19 29
8 32
1 12
10 59
7 40
18 16

606 3
28
10 43
11 20
13 56
3 23
15 58
7 44
18 41
3 33
17 16
2 1
11 16
12 35
12 36
5 50
1 10
8 11
12 23
10 11
12 35
4 7
2 47
17 41
5 60
5 5
8 45
11 11
5 36
2 51

809 3
14
2 43
11 8
6 32
15 45
16 35
20 55
19 44
20 50
8 17
12 19
3 29
18 25
10 43
12 59

427 4
15
18 18
17 15
14 19
13 42
16 23
18 53
17 3
3 51
6 29
13 1
7 22
17 23
6 17
17 7
2 6

556 4
11
17 46
10 12
12 58
7 3
12 48
7 20
11 2
1 52
14 55
15 50
14 11

8 2
13
2 43
12 42
5 12
3 35
12 32
20 52
20 16
2 47
10 39
3 16
9 14
2 47
8 28

323 4
17
8 44
5 30
14 22
4 22
1 20
4 13
5 26
14 60
12 59
16 12
6 15
10 40
19 55
19 50
4 55
15 18
4 8

951 5
20
12 21
3 13
5 9
1 40
7 6
13 42
17 37
20 20
5 22
18 5
7 21
12 7
4 15
14 7
10 53
18 55
18 48
15 37
13 60
6 25

320 5
17
19 41
18 37
19 29
8 22
2 25
16 1
6 15
16 45
17 59
18 32
9 29
13 48
1 12
15 11
1 32
14 26
13 8

927 2
7
19 10
17 27
4 13
19 9
11 4
10 35
6 14

35 4
9
1 34
12 49
6 25
16 40
11 14
11 13
8 46
9 36
2 49

20 5
16
1 43
4 30
11 36
10 12
2 37
20 22
7 8
5 54
2 6
13 46
17 38
3 9
19 3
2 51
10 28
13 3

899 5
28
11 10
17 8
20 42
3 12
8 3
18 37
18 17
15 57
11 57
4 36
1 27
5 10
11 59
17 4
6 27
18 53
15 11
19 11
3 57
9 34
15 13
8 44
7 43
8 49
17 40
15 17
2 31
13 52

285 3
8
19 49
19 15
10 57
12 30
14 29
3 4
20 52
19 22

995 4
24
4 16
9 49
7 1
9 17
10 2
11 34
8 48
12 23
12 43
10 58
20 16
4 51
9 47
17 14
3 39
20 2
15 47
11 48
14 27
20 22
12 32
9 40
1 15
3 40

898 2
3
19 20
15 31
12 47

944 4
22
1 39
12 3
18 1
7 36
14 36
13 3
3 45
2 26
4 39
6 3
15 60
3 42
18 12
8 42
6 39
18 51
16 4
1 57
7 52
13 35
19 7
5 58

527 1
9
11 20
14 46
13 14
1 4
3 37
4 42
15 13
14 23
14 44

297 5
12
5 4
1 56
3 17
16 29
11 1
13 21
10 48
15 7
7 19
13 22
17 10
12 29

593 5
9
12 34
12 42
18 36
11 53
6 58
6 52
17 25
11 50
18 54

937 1
26
11 39
18 13
1 58
18 1
20 28
8 12
13 31
15 45
9 34
9 36
18 13
2 15
7 24
15 13
5 40
15 43
5 36
9 54
10 34
11 25
13 58
10 7
5 34
15 47
8 55
2 48

575 3
7
15 37
3 25
18 35
15 60
19 18
2 51
12 50

103 1
16
6 59
20 42
4 18
20 31
6 21
9 5
5 35
11 22
1 29
12 33
1 17
14 32
16 27
16 19
16 44
17 12

737 3
27
6 49
15 38
10 57
12 24
17 41
8 3
19 52
3 34
13 32
18 36
17 19
10 16
15 17
1 49
13 2
4 38
15 46
4 9
3 7
18 1
15 60
13 22
16 56
9 60
9 4
5 58
9 44

758 4
9
11 57
10 4
16 42
19 31
11 4
14 11
17 7
8 29
9 23

462 4
15
15 31
14 40
9 34
14 47
15 3
9 59
3 57
9 1
6 19
6 12
6 32
16 6
3 13
5 58
20 16

831 1
26
12 33
13 43
18 18
1 25
13 53
3 40
3 52
7 25
13 54
2 5
19 23
16 38
2 2
15 18
20 18
18 50
3 56
14 37
2 48
7 37
1 60
14 21
15 25
17 12
1 9
3 36

447 5
8
8 6
14 11
19 31
18 26
6 1
12 11
3 53
3 15

768 2
30
9 1
7 41
4 2
13 20
11 20
15 56
20 28
15 15
3 16
8 3
10 17
18 25
14 47
13 11
20 58
10 57
20 3
13 35
12 48
13 32
12 36
6 47
5 3
20 17
3 36
5 38
8 32
1 47
2 42
19 29

811 2
9
16 39
1 19
14 6
19 42
1 57
4 60
4 46
5 57
4 43

413 2
12
3 22
4 34
4 22
18 7
19 22
14 55
15 56
13 6
5 35
1 51
18 11
14 50

339 3
5
10 40
6 29
16 50
16 16
3 2

783 3
19
13 18
7 37
7 26
20 6
13 56
1 59
15 49
12 57
4 22
15 27
7 22
19 35
18 2
13 31
15 20
7 51
18 8
17 57
8 47

402 5
30
10 27
3 20
17 26
4 6
1 18
9 59
6 28
11 23
6 37
18 59
1 20
7 17
11 27
14 54
19 45
20 34
2 14
2 27
6 27
3 45
5 3
6 22
5 18
20 38
5 22
17 21
19 11
4 28
3 11
20 48

409 2
21
6 27
18 6
2 14
1 52
12 7
18 59
20 42
15 35
4 12
15 7
5 60
15 39
15 42
20 25
3 60
6 5
11 42
1 50
20 14
2 12
8 49

501 1
29
11 55
12 23
18 27
19 36
12 49
10 59
13 33
19 22
4 13
5 47
18 34
19 11
16 60
1 20
1 20
2 40
19 38
19 6
17 47
15 26
14 55
19 24
12 51
4 14
10 47
15 19
14 10
4 38
5 6

813 2
20
9 46
5 6
8 18
17 54
7 8
11 4
2 12
9 42
7 52
13 20
5 4
12 9
8 26
7 38
1 24
20 5
16 48
13 40
17 56
16 48

345 5
17
8 2
3 17
18 54
7 54
4 8
14 58
6 15
13 2
15 10
17 29
20 58
9 30
17 48
10 17
15 25
19 13
9 11

918 5
14
7 7
3 20
2 24
19 7
4 18
7 60
6 56
14 47
13 55
5 41
7 9
6 8
6 54
11 9

811 4
29
5 41
4 38
14 26
11 21
11 48
20 17
5 55
3 4
11 38
3 58
4 33
9 52
9 17
20 46
11 37
14 30
10 60
2 3
4 30
15 10
15 35
4 19
20 9
20 46
2 26
7 20
10 6
18 20
1 18

134 5
19
11 51
9 37
2 37
18 27
2 57
19 34
20 3
1 28
14 4
20 3
1 31
7 10
7 52
7 10
19 8
19 56
2 32
15 41
18 13

911 5
24
10 46
4 12
14 29
17 44
19 38
14 22
8 15
12 4
2 32
8 42
4 31
18 20
19 18
16 15
16 36
11 43
4 4
13 47
16 14
14 5
9 55
6 11
16 23
15 42

417 5
9
19 3
3 49
2 34
11 51
20 49
11 21
12 5
7 6
11 57

32 2
21
8 36
9 28
11 13
2 48
20 40
19 8
19 6
2 56
12 3
20 26
16 26
14 37
8 28
6 56
5 35
5 45
5 43
2 52
5 29
7 42
15 18

356 5
12
4 41
5 28
17 39
6 5
14 50
14 18
15 53
11 51
13 13
14 14
19 23
14 45

952 4
14
1 39
14 24
8 37
2 10
3 36
8 19
10 7
5 36
6 43
15 47
5 7
1 39
19 43
2 49

214 5
10
10 44
1 46
4 22
14 8
11 26
20 5
2 25
6 41
8 52
20 55

8 1
9
12 48
17 20
1 11
12 19
18 19
4 13
14 52
4 43
11 21

756 5
12
19 36
1 58
6 29
18 35
15 13
18 39
13 36
20 20
6 42
11 40
6 16
20 24

135 4
26
20 30
9 17
9 12
18 54
5 55
2 24
2 58
5 11
5 40
17 8
10 33
2 38
9 31
1 2
18 22
5 52
3 53
20 35
5 11
5 3
16 6
17 44
3 3
7 46
8 27
3 47

556 1
19
7 27
17 9
16 25
18 22
6 59
6 23
14 8
13 50
6 18
20 23
18 56
13 36
5 50
12 39
16 55
17 42
19 50
6 56
1 56

733 1
11
12 6
9 53
13 43
1 38
12 49
18 34
5 14
17 40
12 37
4 1
12 34

714 2
22
7 18
14 43
10 2
4 40
14 6
12 20
20 55
1 27
11 29
19 48
15 19
7 21
6 45
8 59
19 43
13 8
6 59
1 14
8 51
13 59
7 13
9 29

819 3
22
16 22
1 14
12 17
2 6
12 40
15 13
1 53
3 9
15 11
4 48
15 49
11 29
1 12
15 49
8 28
15 53
19 6
10 29
9 49
19 44
7 47
10 49

59 5
15
9 17
13 10
2 34
11 51
17 52
16 51
19 35
13 52
15 37
18 45
10 11
14 23
12 33
9 8
8 9

262 3
1
4 39

620 2
21
4 8
20 21
12 33
1 21
10 41
8 14
10 30
12 23
4 48
3 39
14 10
15 54
2 38
1 28
8 14
1 32
9 28
18 46
20 60
7 44
13 49

899 1
5
10 37
2 60
18 46
1 13
5 28

907 2
17
16 57
13 10
6 56
18 17
18 36
2 9
12 44
18 23
20 14
19 24
17 42
16 43
17 14
15 45
19 37
6 56
15 41

31 2
26
2 5
3 14
6 56
14 56
19 36
6 29
6 54
16 16
9 15
2 42
2 8
19 46
2 20
15 34
8 18
8 52
10 29
14 39
17 13
18 15
5 8
1 54
19 8
3 39
15 47
6 35

132 4
29
8 55
5 10
10 60
2 5
6 15
15 3
8 2
10 12
14 7
20 13
15 22
1 47
4 29
16 48
12 19
16 23
12 60
5 48
18 40
15 38
5 5
19 60
5 51
3 33
1 26
13 11
6 2
14 39
6 42

274 5
17
7 29
18 38
4 14
2 39
6 50
8 54
13 56
12 19
10 53
2 56
15 18
16 19
13 30
7 50
8 53
7 14
20 13

222 1
7
15 30
19 43
16 29
6 9
2 18
7 5
11 13

740 3
9
9 10
18 50
8 21
10 10
14 26
11 11
16 12
10 46
14 5

161 4
27
8 11
14 51
11 31
14 1
7 12
8 58
6 37
10 30
20 20
3 24
19 53
12 10
3 7
9 36
5 60
9 31
16 32
5 8
2 10
13 46
2 53
16 32
14 39
3 14
16 43
3 22
2 45

697 2
28
9 47
12 2
19 42
12 32
9 29
9 60
16 26
7 26
8 45
19 25
20 7
15 58
17 25
18 55
20 19
19 8
3 26
3 13
18 32
12 57
2 7
17 31
19 6
11 44
11 51
7 44
10 44
9 4

769 5
17
15 47
7 50
17 15
6 8
6 32
6 24
7 48
14 23
11 57
2 59
12 49
1 7
17 4
12 58
2 12
6 57
20 21

828 2
16
2 47
8 41
17 41
19 13
5 8
18 40
8 11
8 25
6 25
17 24
10 43
10 48
15 47
3 14
15 56
7 47

985 4
18
11 51
15 30
7 29
7 10
5 3
17 54
5 57
20 59
8 16
6 13
13 51
9 26
2 25
4 16
13 4
20 38
7 48
19 41

230 1
18
6 45
2 13
4 21
17 20
5 11
3 7
12 11
4 16
5 32
3 11
10 10
18 13
4 40
15 2
10 47
17 15
8 15
18 40

587 2
19
19 26
13 33
19 3
1 53
3 7
10 1
17 55
4 42
6 49
2 46
9 40
18 39
17 15
17 43
17 35
1 45
1 29
20 43
6 11

363 3
23
5 2
20 7
19 21
18 34
19 26
5 26
12 2
4 21
19 18
14 60
20 48
14 2
5 49
2 43
1 48
20 50
18 28
6 34
14 21
5 8
14 32
4 42
4 50

548 4
14
14 7
16 25
14 13
10 49
11 12
20 20
3 20
14 51
16 20
7 41
17 10
20 14
19 48
13 59

466 1
4
8 53
6 6
7 9
14 30

572 3
13
11 53
1 51
12 10
12 46
5 45
2 32
5 17
20 41
19 33
16 36
10 2
4 26
3 12

764 3
1
11 27

124 1
3
12 5
2 48
19 28

35 3
4
18 54
4 4
17 25
15 19

484 3
23
9 31
13 30
4 24
14 14
11 55
10 41
16 27
8 43
12 40
4 17
5 41
9 53
18 45
3 1
3 10
3 49
16 18
20 18
2 27
7 33
16 21
6 3
6 33

716 4
15
4 27
20 24
15 51
17 60
16 16
13 53
7 23
1 48
19 33
4 20
2 47
1 29
12 53
2 20
17 1

48 1
22
18 16
17 48
20 6
3 36
13 34
3 22
8 41
9 45
1 5
15 50
18 42
18 32
17 37
6 31
16 37
8 25
16 34
6 30
3 51
1 38
1 51
5 52

893 4
25
20 54
5 3
15 59
10 40
16 60
11 2
20 56
14 37
12 10
9 43
3 42
1 55
3 56
17 56
2 57
10 24
8 31
15 1
3 18
10 44
15 38
3 44
15 51
20 6
16 54

461 5
6
13 24
3 60
9 18
6 57
8 24
13 3

986 5
13
16 44
1 6
12 56
6 14
6 55
7 19
8 13
13 7
4 13
9 9
4 11
2 21
14 52

334 1
12
13 3
14 14
6 60
7 42
3 37
13 33
11 50
18 54
9 50
3 13
14 25
2 40

508 5
13
17 31
3 39
10 13
3 53
9 23
18 59
5 2
16 2
5 20
18 43
1 41
6 47
9 37

27 1
12
14 41
8 57
2 43
2 10
11 6
11 51
15 53
1 20
4 4
20 46
3 60
6 18

514 1
6
7 58
15 3
9 59
19 30
14 26
10 41

479 2
8
10 32
4 7
9 13
17 53
14 59
15 8
10 23
2 25

586 3
9
11 22
7 51
2 46
16 13
10 48
10 12
10 49
15 29
1 35

265 4
13
1 40
15 44
1 57
15 59
1 21
7 60
17 44
16 32
10 40
6 7
16 55
1 6
4 34

441 5
21
14 5
13 4
19 49
7 47
18 13
13 36
4 16
13 22
17 38
1 13
14 40
12 57
14 19
16 22
13 17
11 34
1 21
13 17
3 51
5 38
18 24

781 2
3
10 58
3 28
1 25

893 5
14
14 15
8 4
15 16
15 50
19 15
15 14
1 37
19 30
16 5
15 41
9 54
2 28
1 53
15 37

245 3
11
13 11
11 44
10 22
14 40
17 3
19 52
16 5
6 49
16 43
4 52
18 14

120 4
5
5 49
13 56
19 29
10 25
3 3

823 3
24
17 6
9 41
16 45
6 37
7 28
15 59
6 24
15 33
5 32
7 45
10 40
17 2
13 35
16 49
1 35
14 7
12 26
3 13
10 24
19 12
10 46
9 15
14 13
12 41

600 4
19
1 23
1 17
10 48
8 49
15 18
17 15
16 55
15 2
9 23
2 20
4 30
3 6
10 20
14 5
13 3
11 59
13 24
16 28
9 22

752 4
29
4 36
9 20
20 59
16 36
11 57
8 16
20 10
2 27
13 32
14 21
13 15
16 6
16 15
11 30
10 40
20 6
3 45
3 24
12 35
7 14
9 44
1 12
6 39
4 27
8 27
2 8
14 36
5 42
4 32

955 2
20
13 10
19 21
1 4
10 27
3 4
17 17
4 8
20 9
11 27
10 6
1 42
2 3
9 51
12 40
19 40
7 24
9 48
5 38
3 39
9 47

29 4
29
16 33
20 6
4 4
15 59
9 41
12 27
11 49
9 25
20 14
5 34
15 60
10 56
5 28
4 14
10 23
16 14
11 51
14 60
11 48
13 56
19 42
7 17
2 26
19 16
1 46
5 33
4 45
11 11
13 51

585 3
23
16 4
8 11
17 51
4 30
8 19
18 46
1 31
9 18
12 37
17 60
6 34
17 20
19 13
11 15
11 23
2 21
17 22
3 7
1 31
15 29
9 4
12 15
2 50

268 3
9
18 3
20 55
10 10
12 9
15 10
20 60
20 14
2 32
9 36

707 4
6
10 23
17 55
6 32
12 59
15 51
12 32

66 4
5
18 30
13 57
19 14
11 5
9 45

561 3
11
18 29
9 49
4 20
18 55
20 25
19 30
14 49
11 21
6 36
12 19
20 29

821 5
30
9 23
14 53
1 24
15 24
14 45
11 58
4 1
17 26
4 35
4 59
5 11
4 36
2 20
19 58
5 10
10 13
12 49
20 35
12 55
19 1
11 31
10 2
15 35
5 47
3 11
3 32
8 26
17 23
16 23
16 14

608 5
27
4 5
14 22
11 46
12 42
11 36
14 33
8 55
8 2
7 58
6 38
18 19
12 30
14 48
14 43
10 60
9 35
15 12
5 14
5 30
9 27
6 31
4 11
20 31
1 52
7 29
13 38
15 8

857 2
16
19 47
10 12
2 43
19 17
1 19
6 58
19 17
12 48
14 15
18 17
18 36
5 54
5 53
10 49
9 58
1 12

524 5
14
4 27
17 26
4 2
20 18
13 52
17 19
19 43
1 9
12 52
11 30
14 17
6 26
3 36
7 46

685 3
30
11 43
7 4
8 53
1 13
18 2
2 48
20 28
16 17
12 1
7 27
8 48
9 21
8 13
1 13
16 45
10 34
2 39
2 52
6 57
11 51
20 46
8 36
2 58
11 55
3 27
6 41
11 37
7 32
4 56
16 29

433 4
7
14 19
12 24
13 58
1 4
7 59
18 28
5 26

255 5
13
9 8
9 20
18 58
3 3
9 5
11 38
2 9
16 27
12 56
8 19
10 45
13 4
8 41

112 5
8
20 5
9 31
17 42
7 31
7 45
2 53
9 39
17 8

174 3
1
12 29

912 3
21
3 44
12 29
17 14
14 51
17 29
1 7
3 30
17 41
12 44
1 30
2 30
7 41
2 32
17 10
19 26
10 19
19 30
13 12
16 52
4 31
16 46

517 1
12
5 28
10 10
5 29
1 13
2 40
20 2
20 8
3 16
16 57
15 54
13 19
11 18

342 1
5
2 6
1 40
16 18
7 2
7 56

474 2
19
17 20
13 48
2 52
7 54
15 6
12 11
1 32
2 44
16 29
15 33
18 23
10 26
20 48
11 17
2 33
10 7
4 45
5 36
16 51

735 2
17
7 43
18 57
3 34
8 47
9 2
14 2
2 23
8 13
2 16
16 24
6 43
12 44
9 58
4 30
8 51
20 50
16 56

69 4
6
12 28
7 40
19 39
17 59
7 20
5 23

728 4
11
2 52
8 19
9 32
8 53
4 42
19 27
4 23
11 38
17 1
19 34
18 55

315 5
3
11 46
15 46
8 22

160 5
17
2 43
3 33
14 37
14 53
3 10
9 19
6 39
8 29
10 1
8 10
18 51
3 30
12 47
3 22
20 29
17 11
17 23

886 1
8
17 11
19 36
20 34
7 42
8 34
5 39
5 35
17 48

924 3
26
2 29
17 15
9 46
4 54
18 32
9 60
15 52
12 1
1 56
3 34
18 3
12 46
18 26
19 59
7 10
15 40
19 18
3 18
7 3
8 28
1 18
9 15
9 2
16 33
3 7
15 42

701 5
17
11 50
1 55
12 43
15 17
14 17
5 52
20 21
19 13
9 5
5 17
18 8
2 21
6 3
19 37
15 12
19 29
17 56

859 1
15
14 43
2 7
5 32
3 26
20 20
8 1
11 29
8 43
17 32
9 3
2 47
1 34
7 54
16 7
20 20

357 3
13
11 58
14 7
20 1
17 45
6 35
13 3
11 50
12 46
12 54
19 33
6 31
9 38
6 22

273 4
25
4 29
16 37
2 39
1 54
11 44
19 33
7 60
7 58
6 47
11 53
13 46
11 53
4 15
13 28
11 43
20 9
16 32
12 2
12 32
20 33
9 12
8 29
17 45
9 20
17 23

203 1
23
19 4
1 43
11 37
18 17
10 6
6 24
5 42
17 36
19 58
14 39
5 39
13 9
15 44
10 17
5 49
14 47
3 54
9 15
14 10
15 49
4 14
15 38
6 43

973 2
5
5 44
10 54
10 36
19 14
14 51

933 1
20
12 47
10 44
14 14
9 27
11 6
11 7
20 1
9 14
20 6
19 42
15 39
4 24
10 33
11 20
9 2
9 45
7 54
20 40
16 5
3 33

690 3
2
14 39
18 48

700 5
16
6 17
17 21
7 2
13 23
9 18
13 2
7 23
18 23
17 59
16 15
5 34
18 13
12 45
11 20
20 57
20 18

778 2
26
5 28
15 46
4 41
20 55
16 5
15 15
13 57
17 32
12 49
8 47
5 36
8 5
6 34
14 8
20 3
18 31
15 37
19 41
16 24
20 54
19 37
1 54
11 1
14 31
1 31
19 49

943 5
14
7 54
10 16
5 20
2 59
15 38
12 2
9 15
17 17
15 53
9 48
17 58
12 15
15 39
2 7

559 4
25
1 35
9 25
17 54
18 25
6 55
5 22
16 10
3 21
12 42
15 41
9 3
19 57
16 36
1 4
15 16
9 26
13 43
20 5
13 11
12 16
17 52
15 22
10 56
6 31
1 39

476 2
25
14 7
11 29
2 40
1 58
14 8
8 49
13 48
11 41
12 35
15 14
20 44
3 34
19 44
1 42
15 23
4 11
7 23
4 39
18 44
10 44
5 53
1 59
4 19
16 40
4 48

291 1
17
1 24
18 28
7 53
10 28
8 50
3 23
11 24
15 37
18 27
11 7
17 57
13 16
18 51
20 11
1 28
1 26
16 52

148 3
28
20 14
5 11
20 39
10 60
20 3
17 14
20 36
4 6
15 5
12 48
4 29
5 1
1 7
18 18
12 43
17 29
17 53
12 34
7 12
16 56
14 50
12 44
4 54
17 33
11 30
17 52
10 58
14 30

610 1
3
14 29
6 45
5 2

359 3
22
15 36
2 19
15 8
17 54
20 60
13 17
16 36
2 34
7 37
4 9
17 9
14 52
18 45
14 11
4 39
7 60
10 13
20 48
11 21
19 47
12 30
15 29

542 2
4
19 49
15 21
16 57
4 57

35 5
27
16 48
19 1
11 16
18 4
3 36
5 57
19 56
16 20
19 14
8 47
20 35
9 34
15 15
4 11
14 40
12 12
4 58
11 13
3 49
4 46
18 31
7 48
11 17
12 35
5 51
3 36
7 42

390 4
3
9 54
20 2
15 35

250 4
1
4 29

704 3
13
16 12
2 54
9 3
5 2
13 16
18 42
10 55
11 20
11 39
13 24
14 34
18 9
16 33

39 3
25
16 31
1 23
14 55
6 51
17 45
11 59
17 55
16 57
1 4
16 17
19 59
14 33
16 21
5 14
11 60
16 14
18 41
1 23
10 50
19 27
2 44
14 22
15 10
14 34
10 23

336 1
29
16 38
7 60
5 28
4 46
14 49
4 51
4 35
2 30
7 14
7 16
4 60
6 17
11 34
4 8
19 5
10 29
10 14
17 25
13 6
9 13
2 1
17 27
20 11
5 53
9 43
9 19
11 11
6 28
13 60

862 1
28
4 26
18 10
8 59
1 58
9 52
11 58
15 44
10 59
6 14
12 43
1 39
11 11
10 50
9 47
16 9
2 31
1 56
6 16
11 34
5 55
5 44
7 36
1 47
1 27
13 10
9 20
6 19
17 41

812 1
24
1 35
4 21
4 24
8 51
2 50
19 52
20 38
11 8
19 10
16 47
16 51
3 37
15 51
18 18
15 33
2 55
15 40
16 46
2 13
16 16
8 59
15 29
11 9
2 55

777 1
30
17 19
16 8
9 44
1 13
9 50
1 42
12 32
17 18
9 28
14 58
20 9
8 17
10 14
14 43
15 54
10 3
2 24
4 58
19 44
2 43
15 3
15 33
13 47
4 13
8 19
18 41
14 22
14 13
15 25
9 23

442 1
30
10 47
6 38
7 26
12 58
6 10
20 26
19 25
6 25
3 20
17 59
1 36
12 55
12 18
7 6
3 59
6 49
2 1
17 21
8 50
16 8
2 30
11 11
15 26
12 27
4 49
11 13
6 12
11 18
18 46
15 42

495 4
21
3 20
20 59
3 13
20 56
15 14
17 53
7 2
20 28
11 7
10 55
5 55
4 34
8 40
7 15
8 35
16 58
14 46
10 2
19 3
11 38
12 12

720 2
3
13 16
11 35
20 42

554 4
30
7 13
9 29
10 49
10 44
3 13
3 18
3 58
16 32
19 51
12 49
12 5
13 12
8 39
5 44
15 26
18 22
18 46
13 8
6 45
20 32
4 36
15 42
20 60
3 10
15 19
2 9
14 55
6 27
19 1
14 50

565 3
27
2 8
3 9
18 24
16 52
7 5
16 4
12 17
7 48
1 16
5 8
12 19
15 49
16 43
9 37
11 3
9 9
12 9
20 8
14 5
20 58
16 47
10 29
1 8
17 23
1 2
3 48
1 51

283 5
13
9 47
9 57
7 58
20 48
20 29
13 21
19 25
4 9
2 32
11 6
10 59
3 2
9 12

470 5
11
2 7
19 7
2 40
2 3
5 48
16 56
1 33
12 1
17 28
14 5
3 44

863 2
8
5 1
15 50
15 28
18 25
15 25
20 12
15 53
17 4

193 2
16
4 41
19 47
18 34
19 2
17 33
5 24
6 57
6 29
4 49
16 16
5 2
1 7
16 52
16 47
16 5
15 18

102 2
13
2 5
3 14
16 22
10 4
17 37
11 1
11 9
11 14
8 55
2 52
13 7
16 37
4 5

972 1
4
15 7
7 59
3 44
9 59

395 3
2
9 2
3 29

159 5
18
6 41
20 51
5 54
6 5
12 18
8 14
12 60
3 5
8 49
8 26
12 3
5 2
4 39
20 28
6 24
4 24
8 34
12 11

510 1
26
1 49
12 52
13 51
15 56
11 46
18 33
8 29
4 21
4 19
15 40
15 30
15 45
9 56
5 1
16 56
7 3
20 60
13 26
8 36
13 31
11 32
3 17
19 41
4 1
13 22
17 50

404 1
28
7 26
3 40
19 8
15 3
17 5
5 25
11 46
4 21
1 43
9 25
10 38
19 35
18 39
13 26
2 2
18 48
20 29
11 49
19 8
4 10
3 58
18 50
9 34
20 20
1 46
13 23
7 42
20 35

954 5
3
10 13
12 45
9 40

501 5
24
11 29
1 52
14 22
16 16
16 33
2 17
1 41
12 44
16 51
19 2
6 39
20 28
18 18
5 19
9 25
8 60
11 36
3 50
14 35
16 47
9 19
11 31
15 24
19 51

246 3
9
17 30
17 49
13 47
11 26
18 20
1 12
4 55
20 60
15 41

822 1
6
1 9
3 60
9 52
13 9
15 5
5 20

689 2
14
11 49
2 7
19 30
18 34
10 2
14 48
13 48
19 56
10 41
18 6
4 53
10 41
14 11
7 40

280 2
19
8 59
7 41
2 42
7 56
9 1
4 40
7 56
4 10
6 16
14 22
6 46
9 16
8 49
9 45
6 26
6 8
16 6
20 34
9 23

646 4
11
16 31
10 56
4 15
6 4
14 56
19 23
1 17
12 11
12 37
8 15
11 23

748 1
16
8 50
15 11
2 11
16 24
17 34
15 27
9 33
8 9
3 49
7 39
1 50
2 41
20 53
5 10
2 60
18 6

204 5
26
5 31
8 37
8 58
16 25
5 4
5 27
19 17
20 9
11 32
13 34
20 34
17 9
16 51
7 32
17 11
16 13
12 2
11 50
20 3
1 26
15 10
5 7
17 20
4 20
13 46
4 10

373 2
1
10 14

904 2
29
19 54
9 55
6 55
20 34
10 31
18 34
7 8
7 19
9 17
9 46
18 28
18 21
4 16
4 1
6 25
12 15
17 54
16 23
9 23
12 10
16 59
10 15
9 27
17 40
14 35
3 2
9 60
11 31
19 27

236 5
13
20 60
8 15
13 50
1 16
12 41
14 19
8 44
18 55
11 46
15 20
16 21
15 28
12 15

343 2
8
15 20
1 18
8 54
6 24
7 33
12 10
17 14
18 10

543 2
26
6 33
16 4
8 36
4 2
20 38
7 44
14 19
3 16
5 24
13 57
19 1
14 3
6 16
4 50
17 48
6 55
3 38
11 44
10 18
4 59
15 41
1 25
4 49
1 37
5 22
19 35

117 3
1
9 32

545 4
6
10 4
7 47
9 33
19 17
14 52
18 5

44 1
23
9 14
6 58
2 3
9 47
18 19
5 33
13 48
15 29
1 12
15 19
15 13
16 12
4 33
4 57
16 51
8 42
2 6
18 44
8 30
13 29
11 1
11 45
2 16

313 3
11
4 48
11 2
3 16
8 31
1 56
11 26
7 32
14 13
2 12
13 11
4 20

519 2
16
7 44
19 37
8 36
11 38
1 21
2 2
15 4
12 37
6 19
9 53
10 54
11 2
15 48
19 37
3 33
12 9

597 2
16
7 1
19 7
2 29
5 4
10 51
4 23
8 19
5 19
9 21
1 5
10 40
2 7
10 60
15 1
11 16
13 23

433 3
22
11 55
19 31
14 25
1 25
13 36
14 38
14 44
11 50
2 40
15 36
7 47
12 5
6 3
20 19
9 58
1 25
19 42
2 9
12 9
19 9
6 58
19 3

745 4
23
11 19
18 6
12 46
12 37
9 55
6 60
2 43
18 43
10 40
10 16
14 45
6 3
5 22
17 43
18 10
10 45
12 47
9 42
19 54
1 13
12 44
14 6
13 44

499 4
16
2 40
3 7
9 11
6 33
2 50
18 54
7 1
1 33
12 54
17 47
19 45
1 55
6 45
18 49
9 46
6 17

343 5
11
9 21
12 46
4 47
13 22
3 49
15 17
19 22
2 4
9 12
6 7
15 7

678 2
26
13 41
10 11
7 32
7 26
5 56
8 44
8 20
5 49
16 35
18 40
12 40
11 48
6 48
6 5
13 43
17 16
8 12
12 9
9 18
1 8
18 55
14 10
14 42
19 48
15 49
13 36

931 1
27
9 6
10 60
4 34
5 28
13 48
17 8
15 34
10 17
7 22
20 49
13 45
9 39
2 47
19 30
4 7
5 18
6 4
8 55
7 38
12 10
8 2
13 41
3 14
11 58
11 4
16 39
6 33

549 4
24
5 26
11 49
14 59
10 24
13 3
20 27
19 35
6 57
1 22
8 7
12 15
5 13
7 56
10 32
4 36
4 1
5 44
14 30
12 42
13 7
13 58
6 59
11 57
19 52

425 4
15
19 50
7 56
1 30
18 29
4 36
16 3
5 53
10 21
12 4
10 35
4 54
5 3
13 29
5 43
17 26

514 3
16
4 22
7 21
18 31
2 49
5 1
16 13
10 4
17 17
8 46
8 37
20 11
17 47
18 18
15 21
9 19
18 5

257 2
27
6 32
12 16
16 45
8 31
14 41
15 10
8 41
16 50
15 26
10 35
13 17
18 25
11 38
12 55
3 16
13 6
5 4
1 54
1 33
6 16
11 31
1 51
9 15
7 29
20 31
3 53
1 7

95 5
26
1 50
9 34
7 33
8 31
9 17
14 39
9 59
16 25
13 46
5 45
13 17
12 10
8 21
1 12
19 59
1 15
20 3
8 59
17 59
8 49
7 53
8 46
20 22
10 27
19 11
1 29

781 5
7
6 29
6 10
18 24
6 4
19 53
19 50
4 47

320 3
24
11 38
18 10
3 55
2 58
9 20
20 51
10 30
10 12
3 20
4 58
3 55
19 47
14 50
16 18
1 52
4 57
10 59
1 7
18 42
20 23
15 26
13 49
15 57
11 12

584 2
11
9 36
11 58
11 59
8 49
4 44
16 55
9 28
17 26
6 42
7 27
4 32

462 2
20
8 52
7 51
18 50
2 36
13 26
5 9
5 6
7 57
19 24
3 54
14 27
10 8
20 56
14 37
12 20
1 57
3 18
11 38
9 34
12 43

753 1
4
16 40
14 29
19 5
13 51

151 2
19
8 25
16 28
5 4
20 30
3 12
8 60
8 46
7 54
19 47
3 58
1 2
17 57
13 25
1 10
1 35
11 22
15 46
20 57
14 14

635 1
2
18 28
13 9

972 3
17
19 28
4 31
20 30
14 44
13 11
13 45
4 26
5 10
18 60
15 23
1 22
7 38
8 27
20 19
15 17
9 32
12 58

149 3
8
2 21
5 59
11 7
12 37
7 38
4 53
15 54
12 21

903 1
11
15 51
13 8
15 57
2 2
13 25
18 57
8 44
20 35
20 41
11 16
1 31

363 4
12
13 51
8 39
5 48
18 36
8 24
12 14
1 50
5 44
11 16
10 52
14 28
5 6

731 3
24
3 26
1 38
1 6
11 44
17 14
20 13
4 24
9 32
17 60
10 12
3 54
10 46
15 2
8 3
10 51
11 38
17 33
16 48
15 37
20 5
11 54
18 26
3 25
1 52

484 2
20
8 13
10 31
12 42
11 3
1 2
14 56
15 9
19 55
4 26
3 39
12 19
19 55
13 7
7 37
4 35
4 27
15 43
12 56
16 2
2 1

577 5
26
16 46
9 10
1 11
11 37
6 19
17 44
13 38
2 8
14 49
13 4
19 25
9 47
18 40
13 14
8 19
11 18
17 21
2 53
4 15
16 19
12 13
1 43
3 3
17 3
10 43
20 4

962 4
3
9 52
15 37
7 26

691 3
1
2 4

132 5
18
18 56
12 54
7 9
3 54
20 53
13 43
20 47
8 54
7 18
12 23
9 3
5 6
7 14
15 38
12 33
9 60
2 31
12 4

287 4
11
8 42
13 57
14 10
8 16
17 15
3 55
8 57
11 9
14 58
1 60
10 21

201 5
27
11 24
14 36
14 54
7 7
8 35
3 60
16 26
14 6
11 14
15 36
20 25
13 38
8 2
18 11
14 48
5 2
17 4
18 16
8 5
15 57
15 58
15 23
17 20
17 47
13 54
18 2
16 29

804 5
3
13 23
7 59
11 13

461 2
14
11 25
17 48
5 42
4 30
3 1
13 6
1 45
12 56
7 4
7 28
4 21
13 44
4 36
9 23

430 3
30
3 48
2 34
9 4
14 14
1 1
18 39
14 5
8 2
3 27
15 26
2 52
5 3
7 34
5 4
7 24
20 43
10 6
3 35
5 36
18 53
16 17
4 54
7 22
15 60
3 12
20 30
8 46
10 49
13 47
20 48

689 2
6
12 5
9 53
3 60
3 23
8 38
20 6

238 1
22
3 57
8 50
6 12
8 27
12 25
1 58
20 43
11 27
16 37
10 51
16 20
7 44
19 4
3 38
14 19
1 39
11 36
18 45
6 15
2 46
2 8
12 24

49 3
15
19 50
12 9
5 3
3 27
15 53
19 25
16 34
8 4
7 25
9 20
8 9
11 58
9 18
6 48
9 22

928 3
24
9 21
1 9
9 28
1 20
2 45
5 35
18 26
13 44
16 10
4 46
5 26
7 54
19 53
3 22
5 11
13 18
15 32
19 44
3 52
10 3
12 1
14 34
6 10
10 13

189 1
28
6 48
7 4
12 59
6 58
1 51
14 42
19 8
15 51
6 35
8 16
20 45
12 30
19 6
18 59
7 14
7 51
20 25
6 26
17 52
9 25
18 49
14 9
19 11
20 42
13 7
11 41
5 2
9 48

973 1
22
9 3
9 48
11 55
7 11
11 27
5 5
2 18
18 39
6 14
11 12
1 26
16 42
5 44
7 45
3 5
14 18
5 60
2 58
9 21
11 32
15 51
1 39

66 4
13
10 27
17 12
17 54
5 55
8 52
19 2
13 30
18 11
13 7
1 28
7 58
2 5
12 51

511 1
21
17 39
14 11
14 58
3 43
17 53
10 17
20 25
10 52
6 39
13 48
19 26
15 52
17 3
2 42
14 55
5 59
11 50
6 6
4 58
3 49
17 18

122 4
18
16 45
5 25
10 24
19 1
11 2
7 19
3 58
1 28
1 25
12 2
13 44
10 47
12 46
16 5
6 22
18 5
10 23
9 5

201 3
20
1 49
10 51
8 53
10 10
9 56
3 53
19 37
14 44
16 7
10 19
11 47
1 46
3 25
1 35
5 41
12 38
8 18
2 4
19 51
11 15

284 4
2
1 9
10 49

360 5
24
9 31
13 39
13 9
12 55
2 30
8 52
12 51
18 35
13 41
2 27
3 29
14 33
3 38
6 28
20 16
7 51
18 31
12 40
16 28
20 15
15 44
1 37
17 11
17 9

315 2
16
20 42
19 55
18 43
19 49
17 50
20 26
4 28
14 49
6 51
8 42
12 33
18 20
3 45
18 52
13 27
5 30

165 5
24
19 39
15 9
8 8
2 26
13 8
7 30
16 54
11 5
13 8
6 11
20 6
3 39
4 44
16 36
9 36
4 52
4 9
14 14
18 20
12 30
18 13
11 24
5 42
12 41

259 5
27
17 24
14 18
13 44
11 6
16 48
17 44
17 5
2 43
16 25
18 58
10 46
11 58
8 29
11 11
18 40
13 32
19 18
13 58
15 50
15 28
1 43
3 16
3 10
4 39
18 48
14 29
18 46

30 2
8
2 26
12 59
13 36
8 24
2 24
6 51
13 1
20 40

436 4
6
19 54
13 50
4 40
5 6
3 23
6 35

205 2
14
7 24
7 20
11 9
12 8
15 37
10 54
11 1
9 50
6 51
18 17
4 21
3 29
18 24
15 44

784 2
6
3 35
14 45
1 36
11 14
6 21
8 45

312 3
12
11 10
5 14
12 25
12 43
15 12
2 26
15 33
2 23
8 52
2 31
18 18
2 23

258 4
25
2 5
17 24
16 12
14 58
7 15
19 56
3 24
16 5
6 19
5 23
19 44
5 6
20 55
20 6
7 53
20 59
20 42
16 36
10 22
7 26
11 56
10 46
5 33
9 2
19 37

524 1
8
13 23
15 37
19 13
17 16
9 31
16 52
9 22
2 3

427 1
11
17 13
4 18
10 47
14 38
16 25
1 41
11 2
10 21
19 7
14 3
2 46

31 3
3
9 20
13 39
15 14

54 2
18
17 39
10 44
14 12
9 26
5 56
13 43
8 54
3 13
2 16
1 26
3 32
14 40
12 5
11 2
6 9
4 12
7 26
17 14

493 1
29
3 38
2 52
3 8
15 29
3 18
7 45
6 46
14 54
5 41
1 57
8 2
7 34
7 29
16 57
10 3
17 26
6 27
12 49
5 29
5 58
4 6
17 11
3 7
1 20
20 23
15 10
8 21
13 59
2 31

726 5
2
1 49
5 14

78 2
10
4 10
5 10
3 13
14 31
2 43
2 38
8 57
3 56
16 30
18 38

894 4
17
12 9
4 23
2 24
19 43
16 54
6 56
1 25
10 3
5 32
19 33
16 8
11 27
20 25
15 2
11 55
17 45
7 40

560 1
4
5 60
18 33
13 51
12 1

341 5
20
7 51
8 26
6 20
6 50
3 14
5 48
19 3
4 22
10 48
4 48
13 53
4 23
7 5
5 3
17 11
8 22
16 5
1 2
9 60
14 13

899 5
9
14 41
4 42
8 19
14 27
15 49
17 35
2 39
9 41
17 10

65 4
18
4 40
5 21
19 14
7 60
11 38
10 26
3 5
15 31
7 60
18 15
12 43
3 18
15 1
14 28
1 2
19 20
3 59
5 14

361 3
10
5 52
15 9
10 57
13 18
16 35
11 27
8 31
8 14
15 55
8 55

315 3
14
19 25
1 11
12 15
9 38
1 56
8 3
18 28
11 12
13 29
17 17
19 18
20 50
4 57
19 51

981 5
2
17 5
6 45

345 3
21
16 56
3 7
13 3
8 30
14 52
1 50
19 33
2 15
10 1
17 14
1 13
20 2
4 2
14 10
18 55
10 48
14 11
14 25
18 2
11 5
3 48

319 5
23
16 48
18 38
15 55
10 31
1 12
20 50
1 45
7 9
5 37
16 44
2 1
10 29
9 48
7 60
6 42
8 26
15 8
4 36
12 45
1 42
8 24
10 36
6 40

364 4
28
9 36
16 53
17 24
15 22
19 18
4 21
2 33
6 14
11 57
11 48
17 32
16 14
9 20
9 35
4 32
17 45
18 15
15 1
10 37
16 39
15 23
3 35
17 9
8 32
1 2
13 5
16 24
14 9

484 5
15
13 49
6 7
16 17
5 55
10 50
11 3
5 21
16 41
16 12
19 6
18 37
3 18
20 28
11 37
14 37

185 3
28
20 59
17 4
7 28
14 39
8 51
20 1
4 56
16 21
18 24
1 10
19 8
18 34
9 40
5 15
16 33
6 34
17 7
7 34
3 31
9 46
18 60
19 49
5 36
5 8
5 18
16 41
16 54
12 19

995 2
18
12 2
16 22
1 19
4 11
13 53
6 46
5 52
12 1
1 28
7 20
10 29
12 22
6 54
17 40
8 18
3 5
20 8
2 3

777 2
29
10 15
1 53
20 28
20 13
5 24
16 54
2 22
13 40
4 56
12 29
9 36
7 31
12 54
17 29
20 27
12 59
5 50
20 33
19 43
4 18
20 44
18 29
14 51
11 15
20 56
3 2
3 29
2 6
16 15

286 5
3
18 20
17 31
11 44

45 1
24
8 34
8 45
17 28
16 8
16 36
11 53
2 31
6 47
6 1
13 59
1 13
2 43
12 59
18 20
11 28
10 45
13 17
1 29
2 60
20 40
11 51
2 25
8 26
20 2

59 3
19
9 40
2 4
10 10
20 7
16 51
20 53
13 58
3 30
16 47
8 4
20 49
6 5
4 51
11 38
14 15
17 47
17 51
8 24
3 12

679 1
3
13 14
5 12
20 17

657 2
14
11 4
19 57
12 46
5 3
1 60
17 18
16 4
6 44
13 33
13 44
13 6
4 18
14 30
4 53

22 5
30
1 20
3 49
20 3
3 33
5 57
16 52
14 39
17 13
5 59
18 30
1 26
4 18
1 8
5 29
18 11
15 36
8 16
15 6
18 58
10 19
13 28
3 1
4 49
16 32
13 58
6 50
7 28
9 31
13 27
5 17

187 1
19
12 21
7 21
18 2
18 14
9 59
11 33
3 2
2 11
5 40
18 28
12 60
16 28
5 21
7 40
17 53
1 34
4 48
11 23
20 6

243 3
2
1 42
13 42

335 4
30
13 32
1 8
18 44
6 58
13 1
13 38
7 49
17 3
6 37
19 23
20 28
7 58
5 32
18 49
14 28
20 43
14 10
19 41
18 26
20 4
5 11
10 13
18 9
15 52
16 14
5 4
13 44
14 14
6 19
12 23

415 4
27
1 17
20 32
3 36
4 51
16 46
2 43
9 59
2 24
16 16
19 60
3 47
20 9
9 38
18 51
10 15
5 52
13 27
17 51
13 9
3 2
1 25
3 4
5 50
20 6
20 7
11 20
15 37

781 5
20
19 10
16 52
1 25
5 42
10 18
13 3
4 50
16 40
16 52
18 4
4 57
20 56
16 36
1 53
9 38
18 16
1 18
5 22
14 5
20 29

964 3
29
4 44
8 27
11 11
17 19
5 19
11 41
6 32
1 14
6 13
14 30
13 10
15 38
4 45
8 27
3 58
20 20
1 35
10 3
5 7
17 52
2 38
3 3
9 18
2 21
5 37
3 32
15 51
7 14
3 29

397 1
12
10 11
13 43
18 3
3 51
5 45
2 56
16 18
2 4
4 24
3 28
5 37
12 42

109 1
14
19 51
19 23
1 32
15 48
12 58
10 34
17 47
19 60
3 51
9 29
17 13
8 20
20 9
16 15

159 5
10
18 20
7 38
13 28
16 55
2 1
16 23
20 32
2 56
10 34
6 39

416 4
29
14 29
9 58
12 23
20 15
19 19
10 34
1 11
18 40
13 24
8 22
5 56
6 41
16 18
8 54
6 3
14 13
17 7
4 31
3 17
14 53
10 34
10 12
11 46
11 17
18 53
7 50
8 50
15 58
10 6

902 5
11
10 21
13 34
3 30
17 41
8 24
16 36
2 20
14 25
17 45
15 52
20 44

214 1
9
15 15
15 16
9 14
20 15
3 30
17 48
8 54
8 42
13 46

815 3
15
13 25
15 24
10 3
2 41
19 59
5 58
14 26
14 52
4 14
16 44
1 5
17 1
14 13
1 47
12 16

818 1
3
15 48
3 27
6 14

968 4
22
11 48
18 28
3 4
20 31
13 29
18 20
18 26
3 4
4 52
19 3
7 13
19 9
10 23
14 23
15 42
11 3
18 18
20 41
6 36
3 32
20 14
3 41

333 3
13
19 38
5 20
2 16
9 11
8 58
13 55
19 15
4 19
10 42
6 4
8 6
17 49
12 39

46 3
12
16 34
2 36
20 34
20 41
1 18
8 49
10 53
9 12
18 13
19 11
15 16
7 13

496 2
24
19 6
4 4
20 1
14 36
10 37
9 36
2 27
5 40
10 22
4 16
5 60
5 1
13 57
7 3
2 6
15 45
5 41
20 22
12 6
5 27
6 33
8 25
6 1
17 56

873 4
23
20 21
6 55
18 12
14 9
16 5
9 12
8 20
10 29
11 32
17 14
4 34
13 8
1 50
1 53
6 45
10 23
16 47
11 42
16 21
18 47
13 53
18 58
7 5

981 4
2
9 5
14 51

543 5
9
8 15
16 35
12 21
14 39
17 54
20 47
8 13
11 16
17 9

739 2
2
18 42
20 57

422 1
2
5 16
8 51

724 1
20
2 60
7 26
6 17
1 3
3 3
15 34
4 7
16 7
4 32
3 40
4 44
15 51
15 40
9 33
15 54
11 47
6 9
15 43
15 2
1 6

51 2
1
4 53

957 2
14
13 13
13 15
17 29
19 47
5 16
9 15
9 52
5 43
19 60
4 16
1 37
14 10
12 53
5 26

685 1
1
3 16

38 3
9
7 20
20 32
13 14
11 26
6 50
17 46
19 24
18 33
1 11

25 5
24
2 48
3 28
4 14
15 4
18 4
18 18
10 41
1 35
11 2
9 29
19 7
17 38
6 56
7 8
16 37
3 38
15 6
5 18
1 17
16 15
20 30
7 13
13 45
18 43

146 1
11
10 12
14 35
12 44
15 2
15 1
8 10
9 7
10 33
11 31
10 50
16 46

916 5
21
16 58
3 1
6 20
3 23
10 5
4 41
7 29
10 6
9 13
11 23
10 19
14 53
17 52
6 48
3 57
14 26
9 52
7 24
17 60
15 56
16 22

276 1
6
6 47
13 5
5 49
7 46
14 52
12 28

969 2
11
4 23
5 3
2 15
3 45
9 14
19 55
17 11
16 23
19 31
2 46
17 13

291 2
22
2 53
11 56
4 21
1 21
13 13
12 42
4 24
14 6
18 19
10 27
5 40
19 36
19 11
7 34
16 23
6 41
8 31
17 51
1 40
3 40
15 14
13 10

784 5
16
11 41
8 38
6 29
13 55
7 24
4 57
1 18
14 18
7 48
15 41
19 35
9 45
6 13
12 46
6 7
13 18

602 5
11
7 53
16 35
13 3
7 6
14 52
5 20
8 42
20 52
11 39
13 28
11 31

500 2
13
15 55
14 49
13 3
14 59
19 32
15 17
17 30
3 21
20 31
17 2
12 11
15 34
13 34

360 3
17
5 23
11 35
2 36
11 22
15 42
4 47
18 26
20 52
5 56
17 28
13 56
11 8
19 53
17 56
20 56
7 12
13 15

398 5
16
1 12
13 34
13 38
19 31
11 50
3 57
3 48
10 32
18 53
20 41
17 38
10 38
6 11
19 9
12 31
1 35

465 2
26
12 50
13 51
17 60
6 58
17 26
12 44
19 48
2 3
20 57
15 34
1 10
4 5
20 34
19 53
14 20
13 30
12 33
6 58
20 51
11 47
14 45
5 8
14 11
12 16
8 44
11 8

991 2
2
2 34
1 10

935 2
29
2 23
10 58
2 57
15 1
17 22
7 7
19 54
3 19
1 56
11 16
1 54
17 8
12 16
1 21
13 47
9 30
12 36
12 44
5 32
5 26
10 57
17 45
2 30
17 4
12 39
17 7
15 40
18 25
15 7

349 3
16
8 56
8 32
1 33
11 15
5 48
14 35
7 60
17 40
1 11
14 49
7 9
10 13
9 16
8 58
7 25
11 4

196 4
15
8 39
13 7
17 7
9 35
13 57
3 13
4 10
19 35
3 52
11 5
8 41
19 4
16 6
9 58
9 4

753 2
15
19 49
11 14
9 38
16 58
2 7
18 51
15 54
13 46
13 28
16 48
18 43
1 18
8 23
16 2
7 59

616 2
12
18 28
1 59
6 29
9 25
19 20
6 15
11 34
7 17
16 14
17 32
18 54
1 34

134 2
9
5 14
8 24
8 53
4 32
7 16
12 50
13 26
7 32
11 19

429 2
22
18 58
2 20
13 41
20 20
13 13
14 54
14 11
4 17
4 53
5 21
14 33
4 43
1 6
4 33
5 1
3 8
15 7
2 44
11 35
15 27
16 7
11 48

469 2
19
16 9
2 15
5 22
20 1
11 42
14 59
3 7
15 10
6 9
8 58
16 1
15 45
8 34
17 11
10 25
8 19
9 52
8 29
5 10

827 4
16
10 28
7 57
17 42
16 17
4 43
4 45
15 20
13 29
11 42
16 56
17 54
17 22
1 4
9 45
6 31
10 6

708 3
26
10 24
2 9
1 25
2 17
2 49
12 48
7 60
13 23
8 29
12 6
8 28
12 32
16 42
18 16
8 16
2 16
11 21
18 39
2 4
7 20
4 53
17 44
8 47
9 60
18 58
5 7

677 5
27
15 38
5 59
6 5
9 28
12 40
11 5
2 30
1 48
9 5
9 4
6 23
14 17
9 39
19 57
13 41
13 31
15 57
3 30
16 16
1 4
12 32
16 39
17 5
13 48
7 27
8 7
14 34

974 5
1
17 8

856 2
23
16 33
6 56
15 43
7 53
11 16
9 38
3 7
7 3
8 2
13 45
20 8
9 10
11 11
1 14
18 41
14 60
9 45
13 56
11 59
1 7
9 32
12 31
11 43

97 5
4
8 34
1 42
8 43
11 56

165 4
1
10 47

541 1
1
7 16

709 5
7
15 30
7 55
19 34
9 60
16 2
17 24
17 51

596 2
25
16 8
6 38
1 13
12 8
14 52
16 50
20 46
11 54
18 46
4 10
17 51
18 36
11 12
18 16
14 20
11 55
12 27
20 6
4 37
5 31
7 29
8 3
20 9
1 21
9 48

518 5
24
5 4
14 14
5 52
10 22
17 23
15 1
11 11
10 51
8 20
17 9
6 26
12 17
19 52
7 48
10 40
11 57
16 31
13 56
20 27
19 30
10 27
14 24
4 11
4 6

890 1
7
3 19
2 36
2 5
1 33
18 50
18 55
11 30

99 5
3
6 48
7 30
3 38

91 2
29
10 14
3 19
7 54
14 59
3 52
11 34
7 51
1 24
20 24
12 47
16 14
11 15
18 27
15 22
14 55
18 58
5 13
5 31
10 16
2 17
9 15
7 41
18 36
11 19
17 58
10 12
9 25
15 5
7 2

825 5
5
5 1
16 37
12 10
15 16
17 47

482 5
21
9 16
15 37
17 6
1 28
4 7
1 2
5 41
8 28
14 45
13 26
12 5
2 24
20 42
4 39
17 3
1 53
15 37
8 1
7 17
10 31
16 15

374 2
20
20 9
1 10
17 28
5 38
20 7
9 39
5 29
11 4
20 23
2 19
17 19
8 44
15 17
7 42
16 20
8 35
19 39
17 35
12 9
9 13

604 3
21
10 2
3 33
11 22
18 33
18 54
8 32
14 23
20 39
9 33
5 41
15 2
13 5
8 23
9 54
8 29
14 54
1 23
18 26
4 42
18 17
4 25

322 1
20
15 55
16 21
8 43
2 3
5 20
17 4
16 30
5 51
20 6
14 2
9 4
4 36
11 4
3 13
1 57
9 33
9 60
8 8
1 9
13 11

124 1
28
20 49
6 21
8 9
5 30
16 41
18 41
5 41
5 60
8 20
5 23
17 28
17 18
9 49
19 51
13 1
1 33
15 13
10 58
14 26
15 41
13 50
14 39
4 55
5 43
10 56
11 13
14 23
8 21

931 4
29
12 23
12 44
11 41
10 10
10 51
9 39
7 58
19 55
4 2
1 9
11 37
18 36
15 6
12 39
14 18
20 38
16 29
15 4
9 8
2 40
6 58
17 25
14 20
20 13
2 50
18 19
5 18
7 52
10 11

33 5
16
8 59
3 39
7 55
16 28
4 25
6 25
10 47
13 22
12 42
8 15
12 3
7 17
6 11
12 23
7 33
17 3

290 3
8
20 49
19 31
13 44
17 27
19 59
3 55
10 31
3 12

574 5
8
9 11
20 31
11 59
19 45
1 48
10 10
5 25
17 54

422 3
18
11 33
8 54
17 60
4 36
1 17
19 35
15 22
14 58
2 16
5 44
5 59
18 48
17 23
3 1
18 53
6 50
5 30
12 58

727 5
3
11 31
20 36
16 17

262 1
15
9 7
4 57
3 58
10 10
10 16
14 20
13 27
7 55
15 42
1 19
7 1
7 49
9 38
10 20
7 20

1000 2
29
8 48
18 24
17 29
14 60
11 33
3 35
13 26
4 59
10 48
10 38
1 54
9 8
7 51
13 29
1 51
2 31
20 46
9 44
7 36
5 2
1 1
4 38
2 47
17 22
14 45
10 31
15 10
1 10
13 39

18 1
8
6 24
12 26
3 14
19 44
14 48
7 24
19 22
9 39

61 1
25
11 50
6 19
11 15
18 10
15 17
18 58
4 43
8 45
1 45
11 35
2 27
12 30
18 22
20 18
3 11
16 38
9 10
9 16
6 12
12 2
20 48
1 39
15 2
1 23
13 33

887 5
4
12 3
3 42
16 50
7 27

198 3
26
13 29
13 1
11 58
15 23
13 21
5 18
11 17
14 4
11 54
12 59
18 37
16 11
5 54
12 31
5 45
6 45
2 20
16 42
6 28
14 29
4 43
12 35
19 13
16 39
1 2
18 3

938 5
7
18 46
16 59
6 14
12 20
19 41
19 9
15 7

585 4
2
3 19
16 11

757 4
6
1 2
8 10
5 40
16 28
3 18
8 5

17 1
28
11 49
9 13
14 5
8 23
11 57
10 20
7 48
17 43
7 36
11 60
2 32
18 23
15 22
14 38
9 1
20 36
16 2
6 39
13 46
6 3
9 39
15 3
7 12
6 7
10 45
14 27
16 48
10 19

152 1
27
1 19
9 53
1 28
12 24
3 8
4 60
9 7
8 60
5 36
6 28
14 27
5 56
20 46
3 6
5 37
13 58
2 30
12 15
12 9
13 35
17 24
9 54
9 2
18 35
17 41
16 16
9 37

584 1
17
7 53
10 19
13 2
17 53
10 50
10 54
8 34
9 30
13 54
11 54
20 14
20 53
2 46
7 48
17 59
2 20
12 45

943 2
3
15 52
8 11
10 59

613 5
12
7 22
11 23
19 9
13 44
19 22
9 46
6 2
15 44
10 37
9 42
19 18
9 12

334 2
11
17 31
18 16
2 11
9 47
12 5
7 9
13 39
4 13
12 54
1 56
13 49

777 1
10
7 20
10 4
2 6
12 33
2 31
1 13
20 37
6 35
13 47
1 50

348 5
6
3 29
16 19
17 5
19 26
19 14
6 26

66 5
12
2 53
20 7
17 59
2 11
4 32
19 31
13 31
12 35
9 46
11 58
12 31
10 37

983 2
6
4 6
20 47
7 10
6 35
4 15
10 29

579 3
13
16 36
17 42
4 27
8 22
2 43
6 52
3 36
19 48
5 26
15 48
12 45
5 47
2 51

392 5
22
16 59
9 50
17 59
16 42
20 36
6 44
5 54
10 22
17 49
2 43
1 3
20 36
13 2
3 58
15 9
13 16
10 37
18 23
1 9
18 56
4 30
20 30

423 5
16
17 21
3 46
18 55
9 54
8 32
12 57
8 5
8 42
8 30
16 8
16 49
19 46
20 43
2 22
11 45
20 3

725 4
23
9 39
1 16
10 39
8 53
14 16
7 60
7 3
9 21
8 48
20 3
4 15
18 26
20 48
9 32
20 9
8 5
19 54
17 28
6 50
8 9
17 5
15 36
7 4

810 2
27
19 7
7 48
19 3
12 25
1 22
1 42
1 49
9 57
7 9
2 2
8 7
9 46
12 47
16 31
19 2
1 22
6 47
4 16
19 52
1 1
3 50
11 26
2 29
12 30
4 45
11 32
11 57

912 3
28
9 41
18 23
4 24
11 37
6 39
15 50
4 26
17 44
17 25
13 25
15 40
4 11
19 27
17 48
17 49
3 37
15 30
12 17
14 30
8 25
8 30
15 33
12 21
3 57
11 59
17 41
17 16
5 14

22 3
22
10 59
10 34
15 21
14 39
13 47
12 20
8 46
9 44
11 24
20 35
9 7
12 20
17 60
1 38
8 10
2 12
7 50
5 24
17 25
17 51
6 9
20 27

483 1
2
15 53
19 12

97 2
4
18 12
16 23
11 43
14 43

703 3
9
17 35
16 9
14 31
18 32
13 56
15 35
2 58
8 27
2 21

592 4
13
7 4
7 37
1 21
7 21
6 5
6 6
4 36
1 57
1 47
15 11
10 40
6 14
5 9

552 2
15
2 24
6 6
3 55
18 12
16 47
18 53
14 52
12 5
9 24
20 20
16 33
18 48
18 33
13 37
6 16

388 1
2
14 4
9 55

869 1
4
7 13
19 18
19 46
15 43

609 2
7
4 48
10 56
16 9
18 15
7 54
2 7
10 22

393 4
18
17 22
2 6
15 34
6 46
18 5
8 12
9 34
7 46
16 17
11 41
16 58
16 42
2 60
5 24
9 39
15 34
17 58
3 59

45 3
25
5 17
12 43
15 43
17 33
10 37
10 7
13 18
4 1
1 19
9 46
11 54
19 27
17 54
1 50
9 25
15 28
2 22
8 37
19 24
9 23
9 42
15 38
19 29
20 27
19 3

39 1
21
3 40
19 20
1 51
19 1
5 6
11 54
1 23
19 15
16 52
2 57
4 11
12 15
14 1
8 22
12 26
2 2
10 43
4 41
12 7
9 58
7 3

394 2
20
18 10
19 16
6 47
16 22
7 58
6 31
3 17
10 22
5 21
8 42
19 28
14 12
8 39
20 59
5 54
1 42
11 57
8 55
14 33
15 56

310 2
14
1 12
6 18
4 51
19 27
16 27
11 45
10 56
13 7
5 60
3 30
18 13
5 28
14 51
13 35

123 1
18
17 1
3 41
20 26
13 20
12 54
11 43
9 17
8 19
8 39
6 32
18 1
1 56
19 12
1 33
7 34
1 38
18 60
15 22

141 3
2
8 30
4 2

232 3
9
2 13
4 37
8 21
19 40
17 31
17 29
10 22
3 57
18 34

87 5
26
6 5
17 18
19 6
16 30
17 4
14 43
19 34
1 52
12 40
9 10
13 44
14 1
4 44
18 30
2 54
2 44
5 1
2 57
8 38
14 40
5 23
14 25
13 55
15 8
9 43
3 45

375 2
21
15 17
8 49
14 45
9 53
12 45
10 42
17 29
4 48
11 43
5 39
1 31
16 36
3 13
9 27
8 60
15 46
17 30
16 6
20 48
1 57
13 24

635 4
1
6 23

607 1
9
16 24
12 18
7 22
18 35
14 46
16 41
9 8
20 42
16 26

691 3
20
15 6
6 36
14 34
9 49
17 37
20 35
14 49
8 41
18 58
18 36
1 40
3 33
1 44
12 55
17 54
16 15
20 10
14 2
2 49
11 58

690 2
13
10 27
11 60
13 51
16 42
18 36
4 10
5 49
7 58
15 46
1 26
18 23
10 13
9 47

842 5
23
5 45
14 28
19 17
6 10
2 8
6 58
8 18
9 11
13 24
11 3
19 55
7 28
2 13
17 36
9 14
17 9
3 30
11 29
17 52
16 59
2 58
1 18
16 38

288 2
1
3 19

443 4
6
19 24
12 45
16 56
1 59
9 48
7 33

769 1
19
1 50
1 51
17 12
3 14
19 42
4 39
8 40
15 22
6 32
16 18
11 27
17 8
2 6
6 7
16 18
16 11
20 35
11 42
14 50

342 5
7
17 56
15 24
20 4
20 39
2 4
10 15
17 40

724 5
10
16 7
10 20
19 54
16 56
13 48
13 52
3 2
8 22
10 49
9 29

141 4
2
2 41
13 38

646 2
5
17 42
20 1
16 20
20 24
2 36

807 3
11
2 50
16 10
3 23
1 46
18 47
7 48
14 2
10 41
7 54
16 53
17 41

29 5
17
17 40
13 40
1 2
6 55
19 7
18 44
8 55
1 32
20 57
5 37
11 6
6 38
15 55
20 27
6 3
18 4
12 16

271 5
29
7 50
16 25
10 24
14 52
10 32
19 3
19 8
6 41
20 58
8 20
13 13
20 15
15 51
3 49
6 2
20 24
3 11
3 25
17 17
14 38
10 37
1 37
1 22
6 15
14 60
19 45
7 37
14 29
10 35

168 1
2
19 21
4 60

982 2
5
17 52
16 14
20 45
13 56
10 59

349 3
12
12 44
1 50
2 36
4 34
20 47
10 30
3 11
17 43
1 14
19 52
6 20
10 13

374 5
7
15 43
18 45
11 44
11 57
10 9
1 19
18 23

442 5
2
13 20
10 46

250 5
14
19 28
15 10
9 33
7 26
15 6
19 3
11 57
16 21
1 3
9 55
4 24
9 33
1 41
17 4

397 4
30
1 18
4 1
5 16
6 24
3 9
2 59
7 27
11 7
6 7
14 14
10 28
14 21
1 15
16 54
15 57
14 55
11 26
2 16
4 23
6 56
20 18
10 59
16 31
3 12
17 35
5 29
15 9
15 48
4 33
10 18

618 5
25
7 45
20 25
11 31
20 60
13 14
6 51
4 47
1 33
20 53
1 33
15 35
10 53
9 44
6 9
4 33
20 7
9 14
2 37
10 24
14 26
4 38
13 41
4 50
7 18
9 30

465 4
24
5 56
14 34
6 56
9 2
15 19
1 57
13 49
8 33
10 23
11 50
5 22
2 39
11 45
10 10
16 44
1 10
11 11
16 25
1 55
11 37
18 51
14 2
2 33
19 3

151 1
8
3 8
12 13
14 23
9 11
16 15
11 38
8 40
14 19

610 1
3
10 15
10 35
10 41

271 4
1
19 30

486 2
16
7 47
5 14
16 2
19 52
10 1
4 10
8 59
9 18
4 9
14 53
13 22
12 16
3 25
15 53
1 10
4 27

494 4
21
15 25
12 48
11 1
14 50
8 54
17 32
16 8
15 47
14 20
3 56
5 60
19 59
11 33
2 44
16 38
19 37
4 39
5 16
7 29
3 35
11 16

741 2
23
10 27
11 24
3 22
6 59
15 10
9 43
9 18
12 48
16 30
17 55
19 17
20 26
12 51
9 42
16 60
19 29
15 29
11 13
14 34
3 59
12 23
1 39
12 11

449 4
10
3 41
2 21
20 39
20 25
15 35
20 5
3 60
6 10
5 39
10 48

938 2
19
14 50
20 22
17 43
10 58
2 13
10 26
10 55
17 54
7 11
17 41
3 33
15 52
6 18
19 9
2 2
16 6
5 2
6 18
12 52

519 4
30
8 21
20 13
9 53
10 14
9 27
16 44
20 43
5 43
17 12
18 51
20 57
3 32
4 9
7 12
3 24
9 5
11 55
17 60
1 12
6 22
10 60
18 15
13 34
15 20
16 36
18 17
3 26
17 38
15 17
13 49

908 5
3
16 14
5 24
3 43

60 4
14
1 2
5 24
18 6
4 41
14 19
3 55
19 36
12 31
7 14
4 13
14 58
17 57
18 28
20 28

481 3
13
8 35
13 2
15 23
7 9
6 44
20 48
2 51
9 34
16 36
17 46
16 54
14 21
6 16

575 5
5
19 20
10 8
16 40
18 45
10 43

468 3
24
1 18
7 11
11 43
15 10
12 6
11 22
11 55
3 34
17 19
15 19
9 48
12 59
17 12
13 8
10 3
10 49
20 43
4 4
10 20
19 16
10 3
12 59
20 55
20 50

393 4
12
15 17
9 25
9 21
8 8
9 56
11 1
12 45
16 12
14 21
15 40
18 32
7 4

568 3
24
15 26
11 23
3 42
7 2
15 16
10 48
1 14
12 39
10 47
1 17
2 21
8 44
9 4
1 23
9 37
4 36
16 13
4 54
4 55
7 37
6 24
16 4
8 14
15 34

939 5
11
14 36
10 43
9 34
13 35
1 17
16 51
3 46
5 21
5 30
5 2
5 54

578 4
15
5 59
18 21
13 57
19 32
19 14
15 34
10 16
16 4
20 59
12 18
16 60
9 3
7 31
6 2
14 59

736 5
1
18 15

364 3
27
17 43
7 43
10 54
18 47
19 18
10 11
11 60
15 32
18 9
20 16
18 19
19 46
12 22
3 26
9 53
8 27
19 46
3 56
15 34
14 12
5 24
3 37
10 47
8 35
5 6
5 42
3 8

227 3
27
2 59
11 26
15 46
16 51
13 15
19 23
13 47
17 20
13 55
14 53
10 50
11 19
20 28
15 30
7 31
5 4
12 29
8 37
17 42
2 1
14 40
8 7
4 12
15 10
3 59
7 17
15 1

130 5
3
2 54
9 45
11 53

284 2
28
15 55
11 23
11 34
15 43
11 50
4 57
6 53
19 44
18 6
15 57
12 36
4 15
1 11
5 25
14 60
6 27
9 15
4 8
16 34
4 43
5 9
5 15
19 37
6 39
12 46
3 54
16 56
2 23

459 1
22
1 29
7 7
4 23
6 21
9 8
20 8
17 41
12 44
9 11
2 42
3 18
2 37
7 45
7 59
11 28
13 1
3 47
3 53
19 21
4 12
10 51
14 16

926 4
10
18 31
2 11
9 60
20 54
7 59
6 1
7 45
2 43
17 36
13 34

432 1
10
14 22
11 49
2 24
18 59
17 21
9 30
17 60
11 57
1 14
13 27

839 4
13
16 10
5 30
11 37
16 23
10 11
2 40
15 54
5 35
1 25
11 33
15 44
12 6
2 6

356 2
27
17 34
18 35
10 58
10 54
5 58
20 53
11 44
8 22
5 30
19 22
19 59
16 57
14 28
10 4
12 21
19 30
8 44
13 42
16 13
3 19
9 34
18 32
2 13
9 22
13 28
5 31
7 53

405 3
12
15 13
18 21
16 30
9 12
20 35
16 4
6 45
8 29
16 37
5 23
12 42
10 24

122 1
23
2 60
6 45
15 58
9 40
5 18
4 60
20 57
11 7
7 56
12 50
8 12
13 23
13 43
14 21
8 11
1 15
11 59
8 18
13 20
19 23
16 49
7 32
13 13

53 4
14
15 29
17 36
4 11
12 57
18 25
12 56
8 12
10 3
9 26
11 8
12 51
10 7
15 11
5 21

219 1
10
16 33
20 9
17 28
14 7
18 16
8 17
9 49
4 50
20 15
8 4

88 5
23
2 44
13 18
20 9
11 17
11 35
20 46
13 34
4 22
17 38
4 46
17 38
4 27
12 1
5 8
18 56
8 15
20 60
6 34
15 32
6 43
17 9
8 14
3 48

907 1
3
7 10
8 26
15 29

499 5
9
19 58
9 10
7 30
1 17
15 26
10 42
16 42
16 15
5 45

50 2
18
14 24
1 41
9 46
12 20
11 15
3 3
8 33
8 59
12 16
19 20
19 46
19 16
16 35
5 47
7 3
13 60
3 27
18 15

555 4
23
1 34
9 20
9 58
10 23
7 26
2 41
12 40
13 59
2 33
15 54
11 36
14 15
1 36
19 26
13 56
1 22
3 29
5 60
14 27
18 19
8 3
10 60
5 33

229 3
12
11 17
14 23
13 43
18 2
19 16
2 50
15 51
14 31
4 13
14 60
20 12
4 52

370 1
8
10 30
3 7
8 44
8 60
5 29
20 27
1 39
7 21

618 2
10
16 56
17 60
20 12
6 7
11 52
14 21
12 55
19 9
14 11
5 12

316 5
21
20 14
5 35
15 5
20 24
13 57
10 28
1 40
15 32
9 4
1 30
15 54
4 26
19 58
7 53
12 50
19 20
1 54
2 3
9 23
3 11
2 6

148 5
8
7 39
16 60
17 24
12 2
8 38
3 57
10 3
7 22

328 2
1
7 47

951 3
19
14 14
18 5
2 38
16 2
8 16
8 54
18 36
16 26
11 19
16 18
3 5
11 13
11 6
16 25
16 27
5 55
2 54
9 30
18 30

116 4
13
5 7
14 13
11 11
11 14
18 33
12 35
9 10
17 48
4 23
5 14
15 57
12 24
6 54

315 4
6
14 23
20 26
18 17
16 25
5 31
17 38

101 4
22
20 51
6 12
7 60
16 41
13 2
17 21
14 38
16 60
6 16
14 13
11 12
14 57
17 15
15 38
18 28
20 10
8 8
19 36
12 16
17 33
17 11
12 40

418 4
5
8 46
4 44
10 34
16 41
14 41

279 4
8
19 52
1 18
4 11
12 27
10 54
3 22
14 38
6 13

578 1
29
20 48
7 43
2 10
20 25
20 5
6 59
8 4
5 3
8 22
3 35
11 2
4 13
1 23
16 18
18 38
6 26
18 58
9 30
17 20
17 21
10 34
9 47
1 53
10 26
9 14
6 47
6 13
18 13
19 32

327 1
25
9 11
3 18
16 6
14 47
19 54
18 43
13 51
20 53
4 26
10 18
15 40
16 5
18 51
15 33
4 29
15 23
12 1
15 40
3 14
16 37
9 17
11 54
1 47
14 27
6 19

430 2
10
16 23
10 55
9 57
1 28
7 46
19 43
18 2
4 20
7 22
15 19

353 3
11
19 30
6 11
18 40
20 3
18 58
4 35
12 56
10 46
3 30
5 33
11 26

277 4
27
13 57
15 54
13 46
9 33
17 7
18 37
16 53
9 47
1 46
16 28
15 16
13 6
5 33
9 23
17 38
4 15
14 56
9 23
14 4
15 50
9 17
8 35
11 51
5 37
12 51
14 2
14 21

631 5
15
2 2
9 12
10 39
3 25
19 35
15 13
5 24
2 12
15 42
9 26
10 10
15 10
20 14
20 7
10 37

300 1
20
12 25
20 27
9 60
17 42
16 36
7 34
5 2
6 44
9 17
7 41
13 4
16 7
14 22
13 27
3 6
7 16
15 30
11 40
17 6
5 17

765 5
27
20 14
1 21
7 27
5 28
5 55
7 21
17 38
8 27
4 54
15 28
1 58
4 48
8 22
17 51
5 22
2 53
20 42
11 4
6 18
19 35
5 49
15 47
17 27
1 23
12 40
15 60
3 31

598 5
9
10 41
15 60
15 19
15 45
7 41
6 20
7 13
11 21
5 1

870 4
29
8 57
5 6
14 35
20 57
6 21
10 51
15 30
15 43
17 15
4 37
2 1
17 21
18 51
4 31
12 57
18 34
16 29
15 1
10 26
15 22
7 50
2 9
7 36
7 15
10 13
12 32
7 30
13 25
18 51

407 3
29
11 13
16 15
14 29
4 36
4 25
19 16
19 15
11 42
3 34
18 28
19 9
15 6
7 10
16 19
4 28
17 54
16 45
1 1
10 31
9 1
12 2
17 41
15 11
11 1
7 6
13 29
20 4
3 18
7 55

13 2
4
4 49
2 57
11 37
5 24

178 3
17
18 53
19 60
14 5
1 52
15 18
2 50
1 56
18 55
9 42
6 46
1 15
19 14
5 50
17 42
7 53
5 30
10 34

493 4
30
11 28
17 48
13 30
10 34
10 11
14 28
4 21
19 3
3 27
15 53
6 42
3 25
16 6
9 44
13 27
7 24
1 25
1 12
15 53
20 60
14 54
5 42
20 26
10 21
20 12
4 9
18 50
1 3
12 6
18 7

900 1
11
13 47
2 14
16 57
4 55
17 60
11 12
9 27
3 27
4 17
6 32
18 45

713 4
12
14 11
13 1
5 20
9 42
12 11
1 8
19 19
9 23
3 30
2 60
5 59
6 45

103 3
25
9 34
10 12
9 8
10 5
7 2
14 44
1 35
5 60
18 21
16 23
7 7
20 36
5 51
8 44
13 54
9 20
17 59
8 26
12 25
10 33
11 49
2 30
5 48
10 45
20 13

423 4
23
2 37
6 55
11 50
17 51
3 21
4 2
12 4
20 35
4 47
11 14
7 18
8 30
5 47
13 33
14 42
1 4
18 40
12 13
16 49
4 59
10 48
17 48
7 52

185 3
19
9 35
14 30
2 14
5 31
9 20
17 49
12 56
11 42
7 4
17 19
10 52
3 13
12 28
15 6
17 23
16 36
15 37
5 47
3 40

863 1
17
5 59
3 26
4 22
11 32
8 40
10 23
2 14
2 51
7 17
19 5
17 51
16 42
19 17
17 41
2 8
10 1
1 25

637 4
23
1 35
20 40
3 32
3 30
7 49
20 59
8 52
20 19
5 16
6 52
7 8
6 8
15 6
17 60
6 2
6 18
15 19
12 30
5 22
15 10
14 12
11 28
18 22

826 3
19
10 12
16 54
1 54
9 20
17 20
18 43
15 43
1 55
18 30
17 35
20 20
18 16
1 47
11 36
18 29
12 16
6 41
18 50
6 48

949 4
24
1 15
4 34
6 56
18 31
9 3
14 23
9 24
3 55
7 1
15 25
19 13
18 10
1 3
19 58
16 32
14 37
1 28
1 11
12 41
6 30
3 42
5 19
19 39
14 30

262 1
20
15 41
5 21
6 12
11 19
5 52
13 59
8 32
4 39
4 30
7 12
11 39
13 59
13 54
17 29
12 8
12 59
19 14
5 49
6 10
19 9

128 3
12
12 56
1 60
19 12
14 22
13 4
20 41
20 40
15 37
20 31
18 42
20 6
16 43

611 4
18
13 29
20 16
3 45
3 35
9 37
10 19
11 55
1 24
2 11
3 13
12 33
1 8
15 13
19 13
4 45
20 58
9 30
1 46

842 5
9
6 51
11 58
6 49
20 26
14 38
12 26
4 9
6 40
18 38

368 1
3
11 36
13 35
7 21

610 1
25
5 9
5 17
19 26
11 58
9 55
8 49
8 16
15 32
15 20
4 52
19 3
5 14
5 43
12 23
5 7
9 46
9 53
9 47
19 11
7 3
14 5
10 21
2 41
15 23
19 2

936 5
29
5 56
16 1
11 44
9 42
7 56
12 6
5 35
4 34
16 51
11 1
19 4
11 6
12 6
7 19
13 6
15 17
7 48
3 3
5 56
18 19
18 46
13 43
10 60
13 57
10 2
11 9
6 19
15 18
19 47

546 3
3
3 2
5 41
7 39

257 2
28
16 40
4 14
6 16
3 8
2 40
13 37
12 4
3 55
9 18
9 11
19 59
1 11
7 38
11 1
18 38
17 25
20 32
8 51
10 41
16 35
4 54
20 17
10 44
18 52
6 32
10 8
5 16
4 58

131 3
27
15 47
15 8
4 15
10 19
15 23
8 5
16 16
7 45
12 44
17 29
18 6
11 32
13 37
20 23
1 51
1 3
10 28
10 2
18 35
15 59
1 57
4 27
4 39
10 22
17 36
20 49
12 32

921 5
7
12 34
6 9
14 21
18 12
14 60
13 2
14 52

988 1
2
7 16
9 19

1 3
5
14 29
11 11
11 12
3 55
19 32

624 5
13
20 60
20 24
14 51
1 44
19 47
6 7
17 33
3 53
15 21
15 43
18 8
12 56
11 16

816 3
20
1 23
6 59
7 31
12 42
5 36
17 2
20 41
8 6
16 30
14 7
5 57
20 47
11 23
7 8
11 58
8 24
18 60
17 7
10 38
3 19

865 4
2
6 46
17 16

658 5
13
8 56
3 7
16 2
15 25
12 22
7 22
5 54
3 40
11 43
18 41
15 18
3 37
5 33

459 3
13
8 40
18 15
17 37
7 19
15 57
4 20
4 42
1 46
7 20
1 27
20 14
7 38
12 16

341 1
16
11 28
8 37
8 21
7 54
14 47
16 50
3 34
7 29
15 36
19 52
7 12
17 53
15 34
10 18
19 49
17 14

116 3
23
17 12
15 28
8 57
16 27
14 31
18 60
13 54
4 43
17 13
17 6
9 31
16 37
6 9
11 35
9 22
14 56
20 2
9 12
9 14
20 27
15 20
10 50
1 55

32 2
5
17 60
18 51
19 51
9 36
5 53

765 3
10
15 13
18 40
4 24
6 4
14 1
8 30
5 6
2 18
20 46
18 23

1 4
25
2 33
18 3
5 47
14 39
20 1
8 20
7 10
6 41
19 47
16 35
11 59
12 7
13 5
14 16
17 59
4 43
1 38
5 36
14 23
13 6
18 10
4 17
14 25
4 56
13 36

485 5
28
9 50
6 23
1 43
18 24
13 27
8 27
3 33
8 24
9 41
9 58
15 38
7 55
15 48
16 6
7 40
18 57
6 19
9 36
6 59
17 50
20 40
5 50
20 29
1 36
6 29
10 17
2 45
20 25

865 3
30
16 28
7 55
9 55
11 34
14 41
10 35
1 10
5 32
18 35
6 32
15 56
15 59
6 24
18 36
8 4
2 38
12 57
18 16
12 16
5 58
20 31
5 9
1 50
12 2
8 48
12 22
10 31
18 8
10 24
2 11

700 5
19
12 24
17 41
11 58
17 21
15 12
15 60
1 8
5 33
8 60
6 54
18 40
3 31
10 56
6 60
8 21
14 57
4 47
15 42
10 55

795 1
10
19 21
2 25
4 55
19 58
4 49
8 25
10 23
11 10
1 38
19 50

104 4
28
12 49
4 48
10 45
9 36
5 49
8 60
11 42
19 27
5 38
10 12
13 42
1 38
20 33
13 29
15 44
12 49
11 39
15 19
3 48
14 26
19 39
11 20
11 34
14 45
14 26
9 43
11 41
2 23

931 4
21
12 41
4 28
18 8
2 46
9 8
2 49
11 18
14 46
9 34
19 9
13 59
16 26
17 38
6 2
10 11
4 56
12 54
19 21
12 18
5 53
6 40

603 2
2
19 41
14 51

776 5
13
9 60
8 6
13 10
7 18
10 43
7 27
14 50
2 52
3 42
6 36
8 26
13 19
20 5

462 3
5
18 51
19 26
13 28
1 58
11 59

884 3
20
17 40
12 3
16 51
10 38
6 11
12 18
13 15
10 23
1 19
3 22
19 16
16 51
8 53
14 1
9 36
4 10
5 55
16 49
13 44
20 24

46 3
29
4 52
20 15
2 38
10 50
10 26
13 7
8 40
16 14
6 46
12 35
8 54
18 20
19 28
19 6
19 3
6 25
13 10
5 10
10 52
11 25
2 45
16 11
7 43
17 18
18 40
1 30
14 42
12 58
2 18

198 3
28
8 37
8 13
11 48
4 41
19 20
18 20
15 53
11 20
13 46
18 16
2 2
12 22
14 18
8 15
11 15
1 30
7 43
16 31
17 27
10 45
3 16
14 49
6 15
19 34
1 33
13 46
1 6
4 14

64 3
3
4 49
9 19
13 4

52 4
19
1 28
11 60
2 6
13 3
8 39
15 33
2 3
13 14
12 44
3 18
18 60
1 48
14 43
15 21
6 14
3 57
11 17
5 10
20 54

403 5
3
9 46
18 59
5 16

292 1
3
19 41
5 57
15 3

139 4
11
15 58
6 15
14 6
15 54
19 21
20 52
13 53
6 12
12 19
5 42
6 17

443 1
21
16 41
9 15
16 57
5 46
8 45
6 5
18 45
16 44
14 15
5 46
9 30
19 53
16 14
20 24
1 22
18 36
1 54
18 3
2 53
4 47
2 41

928 3
21
4 60
12 40
9 15
2 29
17 26
4 44
6 15
7 33
1 15
5 36
15 8
15 42
17 51
2 31
9 4
1 1
19 52
15 39
9 7
17 4
2 46

87 3
9
15 21
6 44
17 1
10 14
6 7
8 36
15 32
11 19
12 31

65 2
30
15 7
4 53
6 21
1 14
19 16
11 7
15 45
8 39
16 15
8 15
20 44
20 33
7 54
7 15
16 40
8 12
6 46
20 30
7 50
5 42
4 41
3 48
6 53
10 10
1 52
17 30
7 9
6 25
11 53
17 39

540 3
15
15 21
6 22
18 60
5 34
17 51
1 33
2 46
14 22
15 16
19 19
13 35
5 60
5 45
15 35
20 14

802 4
12
16 53
9 44
12 25
5 31
6 42
19 11
3 48
6 24
15 48
20 44
5 33
9 9

199 5
21
19 9
14 6
2 45
4 52
11 34
2 57
6 53
17 55
15 46
15 49
2 46
2 41
15 10
15 40
4 35
10 39
4 51
7 3
9 25
15 26
11 39

721 4
6
19 3
8 12
15 59
14 4
17 7
17 52

897 4
12
8 22
5 26
5 42
18 37
14 35
17 30
8 36
5 31
12 53
12 12
20 27
6 43

264 4
20
11 44
7 25
18 24
1 32
20 35
8 48
5 46
11 25
14 33
4 11
13 13
12 49
6 28
11 46
16 18
6 7
14 22
6 5
19 14
12 59

854 2
7
4 28
14 10
4 55
13 24
18 40
13 38
17 60

352 3
16
17 40
19 3
2 35
5 51
2 7
15 39
11 19
8 4
11 23
16 37
7 53
7 18
13 46
11 6
1 14
14 1

713 1
22
7 42
1 9
16 38
11 14
7 58
14 32
12 33
15 46
5 50
2 25
9 8
19 9
16 27
19 38
8 28
19 39
1 19
10 21
12 30
15 60
16 4
9 39

275 3
7
3 26
17 24
9 14
14 5
10 60
1 6
16 57

842 4
6
10 37
6 5
16 49
3 35
10 50
20 45

511 4
28
14 55
12 33
12 20
4 15
2 9
19 49
12 28
18 46
9 44
2 17
7 9
3 19
5 4
13 60
18 45
2 24
18 47
20 12
18 53
16 49
17 31
7 29
1 41
20 39
12 25
7 3
3 39
8 18

361 1
1
15 7

948 5
1
4 56

957 5
4
3 43
16 9
5 59
6 21

207 3
14
12 53
16 20
14 40
3 13
8 60
7 34
11 51
3 12
16 32
4 47
11 26
3 1
10 41
2 49

608 5
19
14 31
15 54
16 25
19 17
12 23
10 26
7 42
3 29
1 6
3 26
4 20
6 57
2 27
10 56
17 53
9 13
14 15
8 41
3 11

138 4
8
7 49
19 47
16 36
17 30
9 37
5 25
15 38
16 34

755 5
10
1 10
16 37
7 35
12 7
10 17
14 9
5 43
12 20
18 15
4 40

292 4
25
3 53
11 3
14 26
13 53
10 55
2 39
6 22
14 15
11 3
16 55
7 39
17 18
16 57
13 57
1 39
2 2
16 24
18 39
2 22
3 23
15 21
4 50
12 40
7 29
14 16

670 2
5
10 60
16 26
10 48
19 42
12 34

702 1
12
15 18
7 13
16 25
8 37
3 2
17 5
2 45
9 4
1 11
3 27
11 19
7 22

994 1
19
16 42
18 49
4 28
12 44
10 37
17 30
19 46
19 54
3 10
7 11
9 32
3 28
4 31
6 47
18 7
17 15
2 46
20 6
9 11

461 2
19
11 8
11 13
11 5
6 18
1 7
12 8
2 47
4 14
3 32
14 57
19 29
9 30
5 18
14 1
6 53
10 12
12 14
2 11
20 24

712 4
19
7 45
19 40
9 31
17 7
10 31
10 60
5 35
8 19
9 13
20 25
1 39
8 36
12 5
12 16
14 22
13 9
9 20
19 24
19 46

221 4
23
19 15
1 28
4 37
3 4
16 16
2 10
12 2
14 33
19 10
5 21
19 46
20 7
17 42
8 54
4 49
3 47
13 4
3 31
1 23
3 51
20 9
17 35
12 31

275 4
13
8 45
7 20
15 52
5 13
16 14
6 25
12 38
10 30
2 13
7 18
15 1
20 8
8 36

858 2
23
11 53
18 1
17 55
17 39
17 54
15 15
1 56
6 19
1 1
16 57
18 39
5 28
8 5
20 46
3 11
6 19
15 20
20 33
10 36
9 31
14 38
5 3
4 32

606 4
16
8 13
13 49
2 46
10 51
3 33
2 57
2 14
14 19
17 55
5 45
14 44
13 28
10 25
19 6
3 26
15 54

184 2
22
16 52
17 11
8 8
10 58
16 23
9 41
3 36
13 30
7 28
7 14
6 1
9 27
6 5
1 3
10 5
9 20
14 40
15 52
13 5
11 44
1 8
12 59

44 3
6
11 26
19 46
12 25
3 45
19 35
10 41

87 2
1
17 37

916 2
18
15 19
4 24
15 45
1 16
1 29
2 42
8 38
6 7
8 2
6 50
11 34
17 7
19 5
7 19
12 43
5 13
12 39
15 12

521 1
12
3 30
1 15
17 13
8 14
19 51
20 3
17 43
4 6
5 51
5 37
12 57
6 11

471 4
2
16 23
4 33

270 2
10
16 22
13 48
6 16
3 37
13 44
12 3
7 16
14 25
19 18
6 47

453 4
9
15 1
8 47
5 40
20 12
20 7
4 3
8 16
17 29
2 54

348 2
2
14 58
16 34

85 5
21
1 23
20 6
14 31
3 21
13 22
20 34
7 17
8 14
1 13
18 17
15 9
6 43
18 8
19 55
14 4
6 39
3 15
8 33
7 24
20 37
20 58

13 3
24
20 53
17 41
6 27
14 45
8 14
16 9
19 14
8 24
16 23
4 7
13 31
1 12
2 10
13 35
8 30
17 23
3 36
3 35
15 54
12 54
16 39
9 39
14 48
19 36

724 5
9
19 8
2 25
7 12
18 50
19 9
10 23
7 31
17 53
10 47

648 2
22
13 46
14 12
7 54
10 35
6 43
3 13
11 53
8 14
7 14
9 23
10 47
14 21
11 10
9 52
16 48
4 39
12 43
19 35
4 11
19 3
11 45
11 43

64 5
12
19 26
18 38
18 17
19 54
9 47
19 40
2 34
4 48
7 43
9 33
6 49
13 27

770 3
30
18 57
17 31
12 42
19 42
6 44
2 40
12 12
14 28
17 35
16 25
5 3
8 16
7 33
13 17
17 56
8 41
19 8
1 44
9 19
6 16
3 8
16 50
8 41
3 47
14 51
18 5
19 39
17 59
1 43
18 59

952 1
7
12 48
2 27
5 21
11 53
3 26
6 57
2 2

517 5
21
2 52
20 31
16 53
3 56
15 33
5 4
4 47
13 45
13 20
19 21
1 33
8 32
10 37
6 38
2 54
2 9
20 42
15 1
13 4
7 60
10 21

909 4
24
19 55
9 4
5 53
14 29
8 12
5 56
8 36
10 41
16 37
12 46
17 28
9 3
17 56
7 53
19 53
1 21
17 52
14 56
10 15
8 37
13 34
4 18
2 39
17 22

725 2
23
15 50
16 42
19 28
1 1
5 56
9 5
2 17
16 56
12 40
5 16
8 25
14 57
1 33
3 2
15 60
11 27
4 41
17 27
9 24
7 59
5 8
20 58
1 17

765 3
15
3 7
11 18
19 45
1 52
6 44
11 42
6 42
13 40
14 11
6 7
2 19
18 54
7 41
8 18
4 46

839 1
17
3 52
9 46
7 54
7 35
16 45
6 29
20 10
13 1
10 26
4 13
3 28
9 39
3 38
16 11
17 19
12 25
2 5

37 5
16
12 12
15 55
2 49
5 32
14 40
3 53
6 30
20 28
6 50
12 2
13 10
14 43
5 44
19 2
18 33
8 36

656 3
5
1 28
7 44
11 29
3 48
7 25

285 5
24
4 51
6 51
3 20
8 44
2 11
11 59
2 21
6 14
18 32
8 59
20 24
5 27
18 23
16 11
4 29
10 31
20 46
18 12
17 33
11 6
11 45
15 33
15 14
2 19

935 2
5
17 31
9 13
10 48
6 48
3 48

950 1
30
11 35
6 6
10 33
10 9
5 39
5 50
11 36
4 40
14 7
9 12
5 33
8 44
3 21
5 51
8 42
8 26
17 9
4 32
6 4
4 30
20 53
20 54
11 7
4 36
8 45
14 37
20 12
16 32
3 8
7 31

779 2
5
5 26
18 9
13 26
4 11
15 31

926 5
1
14 50

989 3
1
3 60

741 4
5
8 42
3 51
2 32
7 55
6 3

811 4
1
13 27

608 4
22
2 57
4 47
2 58
10 18
11 55
17 52
13 7
20 8
20 58
18 20
3 53
20 19
20 19
11 59
10 60
13 47
10 50
6 57
11 23
17 1
9 39
20 31

449 3
14
16 24
15 54
11 28
9 36
8 1
7 24
18 42
13 9
3 52
18 51
17 21
6 14
4 13
9 41

14 3
17
8 54
16 10
14 32
11 54
19 39
3 24
11 10
19 55
8 20
20 41
1 5
15 56
19 3
15 4
14 40
19 18
8 57

367 4
3
10 22
13 3
5 55

4 5
8
13 34
11 13
6 33
14 2
9 51
16 7
16 49
17 47

718 1
25
10 24
20 29
7 46
17 41
8 58
10 3
17 29
6 15
10 54
17 24
11 4
2 25
20 22
18 48
20 24
18 32
12 45
8 33
9 56
13 45
1 18
15 33
6 4
17 24
19 29

589 1
1
14 24

672 1
4
5 26
6 33
17 32
17 5

930 4
28
10 51
17 37
17 31
14 35
4 50
5 58
3 59
15 11
1 58
2 35
3 23
18 13
3 10
13 53
2 6
18 46
8 27
2 19
1 48
11 12
5 36
4 3
19 31
20 22
9 49
18 28
11 7
2 18

445 3
14
15 18
12 51
7 15
13 8
18 20
2 50
2 59
14 5
15 28
14 43
20 15
8 27
5 29
6 1

343 2
29
6 5
5 40
13 25
2 56
1 6
3 22
15 4
4 26
3 15
20 11
18 37
19 49
2 48
13 37
11 11
3 60
15 21
7 17
20 56
14 37
12 11
1 48
5 22
7 6
15 36
6 39
3 3
12 10
1 19

716 1
18
4 32
14 53
17 24
6 14
12 40
7 22
8 29
16 11
19 27
3 41
10 43
2 24
20 40
2 26
19 26
6 30
10 20
5 10

868 4
24
13 10
1 55
20 58
3 49
3 59
15 40
14 60
3 45
7 52
19 55
9 48
18 56
7 11
7 51
9 29
2 46
11 24
9 3
5 36
9 25
15 18
9 12
14 5
19 36

545 3
22
17 36
20 26
2 41
19 13
10 47
6 6
8 19
8 22
10 2
10 60
1 54
6 34
12 10
15 10
3 59
19 19
17 44
13 57
12 14
14 14
4 59
5 55

329 5
22
14 6
9 23
14 1
7 24
19 36
2 52
11 26
1 8
1 44
10 33
18 23
6 19
3 12
8 20
10 9
8 56
6 33
5 24
20 38
12 52
7 56
10 26

105 1
7
2 36
8 15
16 58
6 21
20 46
17 30
8 1

819 4
2
16 52
2 19

722 5
30
11 4
1 27
15 26
9 54
5 44
3 3
19 11
9 22
20 24
4 13
4 10
1 35
20 53
11 24
1 53
13 8
20 55
13 19
9 46
17 24
8 29
4 17
19 6
13 25
18 38
12 15
11 11
13 58
13 14
17 26

65 3
14
5 30
18 5
14 54
19 7
19 35
8 21
20 29
20 13
10 49
17 30
20 33
3 13
11 47
13 19

106 3
25
11 23
16 18
5 36
20 39
3 42
6 38
6 33
9 15
9 56
2 58
7 6
16 54
12 51
2 2
12 29
5 48
4 46
18 6
5 47
2 7
2 10
16 14
9 7
15 45
2 16

55 2
27
11 35
4 58
10 23
3 41
19 32
11 20
17 14
20 11
19 2
7 59
11 47
15 7
9 16
1 46
2 43
11 58
5 48
18 41
19 52
11 54
13 15
19 10
20 52
10 55
16 9
8 12
17 15

327 5
20
16 30
4 14
6 15
2 12
15 38
8 52
15 36
6 24
5 21
7 30
17 21
17 50
1 44
5 41
3 49
8 23
19 30
9 9
9 51
10 31

476 4
3
11 46
11 45
15 41

140 3
21
19 21
10 23
18 5
9 35
20 57
9 48
16 36
7 10
7 22
15 58
10 33
14 39
3 7
18 59
5 47
16 35
3 25
1 3
11 30
3 42
19 30

351 3
24
2 27
20 18
13 16
11 29
3 32
12 24
5 35
4 3
18 42
3 48
18 14
10 1
1 23
17 4
14 46
14 29
9 39
1 4
3 31
5 5
19 9
14 53
4 23
12 19

947 5
17
4 33
18 45
11 11
15 41
9 5
19 3
18 2
7 54
9 9
14 49
18 10
4 4
12 33
3 49
16 39
7 34
20 41

951 1
20
10 43
17 40
10 6
4 18
6 58
4 50
3 26
20 8
6 3
1 2
20 46
15 49
20 19
17 48
6 36
1 44
7 35
3 23
14 39
20 47

640 2
1
2 22

812 2
2
8 24
15 26

216 1
28
19 1
20 25
14 28
10 28
3 50
5 32
13 22
4 48
12 26
17 57
13 7
8 32
17 52
16 3
1 53
9 6
4 13
5 32
3 38
16 41
6 31
10 18
20 13
12 47
17 18
1 45
6 52
14 28

219 2
17
16 4
5 33
19 18
14 24
19 22
2 7
20 16
13 22
10 60
12 52
5 59
7 53
7 6
20 30
16 54
10 9
1 51

933 5
20
1 24
20 14
2 15
1 3
9 41
5 24
5 28
18 39
6 45
2 60
13 42
7 51
5 34
12 31
12 38
17 56
4 46
18 25
3 34
20 39

823 3
30
7 16
7 58
20 4
19 53
19 35
2 47
17 17
4 57
9 51
8 31
3 12
14 22
4 4
14 19
19 55
16 34
11 34
5 21
20 37
1 54
12 12
4 36
19 4
18 1
4 33
2 59
17 10
14 60
13 6
9 34

197 2
5
17 37
4 25
14 4
13 43
6 9

631 2
24
17 17
16 36
9 25
5 27
10 7
1 17
1 1
16 28
10 55
19 39
19 55
13 44
19 34
16 53
6 28
4 58
12 27
3 15
3 47
1 29
17 60
2 43
4 48
14 57

865 5
29
8 37
12 34
13 7
8 22
6 53
11 16
14 5
14 10
3 22
7 38
16 60
4 29
19 46
9 43
7 44
7 1
11 19
10 54
16 55
20 35
9 21
7 9
3 49
17 17
10 14
10 37
7 39
10 60
11 16

911 4
24
3 38
18 49
4 44
1 8
2 30
4 26
1 8
10 6
3 57
10 12
6 47
5 50
13 9
17 42
16 51
11 12
4 57
18 47
2 15
12 55
11 11
17 18
12 19
9 59

379 3
28
15 51
10 44
19 48
7 52
12 56
20 8
6 27
4 54
17 6
15 54
19 57
19 2
10 28
16 50
9 45
1 57
17 49
3 7
8 48
15 53
16 2
7 26
12 15
17 8
17 3
8 10
15 35
19 31

978 4
27
16 35
20 43
7 59
8 53
14 10
8 37
19 28
8 1
7 29
1 4
5 22
8 23
11 17
14 38
11 40
3 2
6 17
10 26
6 53
17 3
10 45
1 33
6 15
13 18
14 57
15 41
7 19

245 4
22
5 52
19 31
15 43
6 6
2 4
6 41
20 33
20 47
16 39
20 60
8 55
20 36
19 21
12 45
6 49
19 34
3 15
12 46
15 29
14 1
4 2
12 52

359 1
2
9 17
13 34

804 4
16
10 47
7 11
8 35
4 4
7 11
20 59
3 39
16 1
12 54
7 47
13 51
17 45
14 3
16 26
8 37
12 22

897 3
1
13 11

716 2
13
12 41
12 33
11 55
10 12
17 14
8 47
19 22
8 50
13 44
5 28
14 26
15 56
19 50

666 5
29
20 57
16 13
5 46
4 44
6 33
14 16
20 49
14 42
19 28
7 6
15 28
2 33
20 14
14 37
8 21
14 29
5 41
4 13
18 44
8 15
2 6
12 13
11 4
1 13
2 28
2 19
12 23
7 33
2 48

134 1
3
18 60
16 56
20 6

632 4
1
17 37

113 2
16
6 6
17 35
17 16
5 52
8 11
20 22
20 39
8 7
7 31
12 48
16 14
4 60
3 11
15 53
3 57
10 6

361 2
16
3 43
7 9
20 6
6 10
4 22
15 30
12 48
20 26
9 27
11 43
19 52
15 56
14 44
14 45
14 21
8 18

72 3
28
1 47
12 23
12 52
5 32
20 33
20 1
20 59
2 51
9 22
10 27
8 22
8 42
5 48
8 25
6 42
18 2
15 19
7 11
1 55
6 54
4 37
4 4
2 30
9 26
5 45
8 16
15 11
13 44

268 3
19
12 33
18 44
12 34
8 31
8 11
9 17
13 50
2 33
4 19
16 21
13 60
3 15
10 12
8 6
5 8
20 20
5 13
6 35
2 21

795 3
12
13 2
6 15
6 39
2 60
6 18
19 39
19 6
12 30
5 30
13 46
20 39
7 8

211 4
9
12 57
13 18
2 57
3 55
11 13
8 3
8 31
2 24
15 33

912 5
19
6 28
8 42
5 28
9 39
5 22
16 5
12 38
20 25
6 44
6 53
1 50
6 52
7 9
7 36
19 45
15 20
11 23
4 20
9 3

221 4
12
9 12
13 55
10 42
3 3
1 27
11 8
11 43
10 37
11 35
20 17
3 26
12 49

293 1
28
11 57
20 46
4 57
2 45
1 9
11 24
12 23
16 19
13 12
2 12
1 26
3 2
20 51
16 38
10 30
14 22
12 49
14 18
9 36
13 60
19 9
11 59
4 37
6 36
8 26
3 5
1 38
1 1

418 3
1
2 1

416 2
2
6 20
2 58

615 1
30
2 56
20 23
17 37
6 31
19 22
13 39
13 26
4 57
14 26
9 42
3 2
20 51
9 4
16 60
17 50
4 52
7 46
13 1
14 55
2 22
11 51
8 30
16 8
7 23
15 8
8 34
15 24
1 37
1 49
5 2

670 3
4
12 45
6 25
19 47
8 49

583 3
7
14 25
10 44
14 30
20 53
16 49
11 22
7 29

721 3
27
1 6
9 40
14 33
9 32
19 39
13 37
12 53
13 58
8 27
14 32
14 29
6 58
6 25
17 21
14 3
8 57
13 21
5 21
20 13
2 7
16 35
18 43
15 7
17 54
10 7
4 54
14 21

66 4
17
17 14
18 5
1 17
20 3
9 60
9 26
3 18
13 42
19 9
20 22
4 52
2 2
7 15
16 31
3 27
14 43
6 59

333 1
3
3 51
1 42
5 1

534 3
5
20 12
4 56
7 17
16 50
4 43

672 1
10
19 55
20 19
5 2
9 49
8 13
3 40
18 22
13 49
20 2
16 60

614 4
23
19 60
8 7
13 20
12 54
3 37
19 59
20 10
14 7
14 35
20 32
10 59
16 1
7 18
17 21
4 7
19 11
6 22
17 41
6 37
4 35
10 20
11 51
2 27

367 1
15
3 41
7 10
7 13
17 30
14 15
19 51
16 46
3 57
13 43
19 37
8 17
17 55
3 2
10 28
3 9

19 5
16
14 3
7 4
8 60
20 21
13 59
13 55
20 54
18 48
16 31
3 45
6 23
13 6
14 55
14 7
16 48
16 14

393 1
21
19 8
14 22
15 8
12 32
4 49
4 17
3 31
15 26
17 25
9 41
10 57
15 4
2 19
17 35
16 13
19 15
18 8
17 7
16 5
8 28
8 46

854 3
26
18 32
1 54
15 14
17 17
19 5
18 29
11 5
4 51
15 49
7 5
16 35
18 4
20 32
20 58
3 44
11 1
4 48
13 21
5 17
9 35
19 36
18 5
9 49
2 4
2 53
9 23

46 5
24
4 15
7 5
1 39
15 1
17 38
20 9
12 16
18 22
3 1
8 7
5 6
16 36
18 1
1 35
18 6
16 17
3 60
1 38
19 12
16 20
16 47
20 49
13 54
6 11

824 3
21
12 21
17 26
10 28
3 44
15 36
8 19
13 12
8 3
13 2
1 5
10 21
15 33
2 52
3 13
5 27
8 24
15 20
16 24
13 19
18 37
14 11

704 5
13
18 10
6 54
17 43
16 7
7 44
16 24
4 42
14 7
15 21
5 18
7 39
13 16
4 3

22 3
10
14 3
15 4
5 58
7 43
7 29
3 7
3 36
1 12
14 54
13 38

667 1
3
11 36
7 57
20 10

113 5
26
12 53
16 7
12 9
3 59
8 6
16 50
1 46
11 33
13 6
5 24
7 39
2 55
16 55
15 28
8 34
2 34
2 14
13 37
16 31
17 2
3 16
12 27
10 34
4 38
16 42
9 23

292 3
4
12 57
8 17
2 51
10 57

883 4
15
14 23
9 2
7 30
16 2
1 24
17 20
16 56
2 60
10 3
2 46
5 47
11 27
13 32
20 12
5 27

958 2
23
12 4
9 50
18 51
13 42
15 5
5 2
17 52
20 16
7 30
20 27
1 18
7 19
3 4
12 30
10 50
12 21
11 5
11 60
6 12
8 41
9 19
16 50
12 10

488 5
28
12 4
20 59
17 5
14 33
7 25
3 49
13 26
11 22
2 17
9 34
14 27
7 59
13 20
7 22
18 11
3 35
5 21
20 45
20 58
2 3
6 4
19 19
5 45
8 58
9 31
12 52
17 5
8 1

11 3
7
12 16
4 18
18 24
1 43
11 56
4 36
1 43

472 1
22
16 26
18 15
5 56
8 8
10 12
20 55
2 4
19 4
6 24
8 7
2 27
2 39
18 45
15 32
7 44
12 23
18 51
7 1
5 46
13 59
15 43
2 60

527 5
15
7 49
7 14
15 57
12 25
20 28
11 10
12 37
9 50
10 17
13 9
11 57
4 1
12 19
4 3
3 46

592 3
11
5 49
18 28
17 27
12 19
15 52
9 22
19 19
1 36
7 17
15 29
10 4

456 5
13
15 28
3 16
3 37
18 24
10 23
19 42
12 50
8 16
16 46
11 11
11 7
2 32
12 56

342 4
4
7 28
2 39
16 34
15 2

508 3
3
6 2
11 43
20 47

349 2
10
8 18
13 1
10 3
5 58
19 59
2 26
4 20
7 18
6 52
4 2

961 3
30
11 15
19 4
2 20
8 45
7 52
9 54
18 38
4 36
16 38
11 21
2 17
1 42
10 28
19 19
4 3
1 8
10 5
18 21
10 46
7 29
3 28
6 34
14 10
10 40
18 26
11 15
10 56
18 25
2 55
15 25

930 4
9
2 32
2 54
17 30
14 8
9 31
8 46
8 26
19 7
13 34

361 4
27
9 32
11 42
15 28
12 57
15 13
11 57
15 14
9 55
5 8
15 16
5 47
19 45
11 37
1 46
14 45
19 3
6 29
9 31
10 7
8 8
17 16
1 48
9 2
16 53
12 12
5 7
19 11

708 3
2
19 24
7 15

978 3
11
17 54
4 6
9 19
1 20
11 9
13 30
5 14
18 6
2 48
11 7
20 17

651 3
19
8 30
14 40
16 48
4 47
6 35
20 40
3 59
13 59
15 50
17 20
15 6
17 25
12 22
20 18
2 49
14 22
12 59
20 19
10 45

390 4
7
16 30
16 39
8 7
8 52
10 11
20 36
7 53

757 1
8
1 46
11 29
17 15
2 49
9 9
12 3
8 29
20 5

453 2
12
10 30
19 49
11 50
12 46
1 38
16 45
3 37
4 16
13 34
4 10
15 12
18 34

947 5
28
15 42
18 3
15 32
5 31
9 15
4 50
4 45
19 31
14 51
12 16
7 43
6 53
17 14
3 11
9 39
8 23
3 53
6 30
18 4
19 49
2 18
9 17
17 27
18 45
11 56
13 35
1 44
5 19

357 4
3
17 19
10 56
18 36

905 3
9
19 14
16 25
6 2
18 38
15 19
10 3
5 15
16 42
18 14

843 2
4
7 20
4 31
8 15
9 17

449 1
4
18 28
19 10
10 47
11 2

369 2
26
1 26
2 57
10 21
16 53
20 5
11 14
20 18
11 25
19 35
20 57
17 26
10 47
3 29
1 5
14 55
17 30
9 55
14 53
6 27
8 50
15 32
11 59
14 5
5 20
19 53
10 21

533 2
8
2 39
2 40
14 30
12 22
5 26
15 47
19 56
5 9

84 3
22
1 47
10 3
7 27
6 15
9 30
5 36
6 59
18 13
11 35
11 25
7 18
20 51
14 26
12 4
20 27
8 52
1 30
10 53
4 58
2 39
1 28
1 49

665 2
18
19 59
16 22
12 21
1 20
2 59
7 14
14 41
14 53
17 21
15 29
5 36
11 42
7 57
12 33
7 59
3 26
9 17
3 48

600 2
16
12 28
6 2
18 12
20 47
14 54
4 54
7 56
3 12
7 3
19 28
5 48
3 54
11 5
13 15
1 52
1 4

129 5
22
2 26
2 39
5 56
10 51
5 49
15 48
12 21
5 43
18 25
16 10
15 41
8 34
10 44
14 27
16 17
15 25
5 36
20 14
15 38
6 9
9 17
2 53

806 4
11
8 12
6 49
17 19
17 35
7 16
19 7
17 60
5 21
10 55
17 51
7 19

288 4
12
13 16
9 28
7 22
15 57
10 4
5 14
13 19
3 56
20 28
7 19
6 24
20 56

467 5
18
4 57
9 6
5 14
17 24
15 41
12 26
9 60
5 1
11 4
3 14
4 5
18 28
4 53
9 40
6 47
1 54
12 40
4 23

433 2
5
4 43
5 59
10 56
13 50
18 19

337 2
29
3 27
1 43
19 11
20 15
7 18
14 39
6 42
15 59
1 14
18 30
8 8
20 25
4 52
17 26
20 22
19 52
1 55
2 7
6 50
13 46
20 34
7 39
17 14
6 1
16 9
6 60
16 11
5 53
4 32

97 2
29
4 13
10 40
17 18
4 52
13 29
19 53
8 19
7 30
14 42
19 41
17 12
7 20
6 40
1 49
6 19
19 2
16 41
13 24
12 29
19 43
13 32
18 27
14 14
11 53
18 41
16 29
18 28
18 35
20 23

23 1
4
5 29
17 17
13 37
3 14

246 5
19
10 35
13 3
10 46
9 3
20 14
12 17
19 27
18 23
10 43
6 20
5 46
17 24
18 16
19 7
7 12
4 17
19 37
18 10
20 55

422 3
1
10 9

516 3
13
6 44
20 54
10 27
2 52
7 58
5 53
10 28
8 40
15 29
5 11
19 7
7 13
19 2

435 4
11
12 53
3 3
13 45
12 47
3 11
20 13
3 15
14 34
11 37
9 9
9 10

334 5
8
12 4
11 34
18 51
2 8
19 31
1 40
19 28
9 39

788 4
13
11 9
9 2
12 58
7 41
19 45
4 27
7 18
1 26
7 21
5 30
1 58
1 50
15 49

911 4
2
4 48
13 1

289 5
25
4 43
10 21
9 60
8 54
15 10
4 2
9 46
15 1
2 2
4 60
14 45
5 48
2 1
20 39
9 60
10 34
15 15
15 16
6 15
6 46
4 4
2 44
17 60
13 30
17 56

691 1
1
5 36

21 3
10
7 29
10 12
13 14
9 54
9 39
8 34
2 19
14 27
15 55
14 60

361 4
5
16 48
17 46
19 46
16 8
4 3

8 1
16
9 8
14 24
16 22
13 29
5 40
9 35
16 28
10 39
10 9
1 34
4 5
8 13
3 38
3 24
18 40
3 31

239 2
7
20 33
8 44
10 50
20 35
2 12
3 8
2 7

727 3
9
16 2
2 26
12 17
12 53
3 22
18 5
5 33
16 45
18 33

45 5
20
2 2
9 20
18 16
6 50
20 32
19 35
10 26
5 36
6 12
9 30
18 43
11 39
20 29
19 5
3 13
11 51
9 8
19 5
18 10
16 50

472 1
25
5 34
1 38
10 25
20 49
2 6
14 44
10 11
5 22
9 31
3 18
20 47
3 54
12 30
13 37
8 37
1 18
5 6
14 7
2 41
4 41
17 53
2 37
15 42
3 15
7 48

796 5
17
11 50
6 58
14 49
8 37
14 4
9 12
19 54
7 59
1 29
5 44
12 27
20 20
12 12
11 57
13 54
7 15
9 51

740 1
18
12 44
5 10
2 5
9 36
20 60
10 13
5 27
12 7
8 53
2 20
9 39
2 27
3 53
14 36
10 33
2 31
8 21
2 47

449 2
16
12 52
11 53
2 49
10 38
3 29
7 6
2 36
14 49
4 20
10 11
17 55
1 51
16 9
14 49
8 11
16 59

414 1
7
14 14
17 26
12 47
14 20
14 37
15 23
3 56

143 2
12
10 11
15 21
13 20
20 13
20 16
17 9
10 20
18 2
3 14
10 28
7 28
9 59

224 1
17
3 14
13 32
17 7
8 13
1 23
2 56
2 24
2 3
12 58
10 31
12 22
4 49
2 54
15 16
4 15
15 51
13 16

366 5
19
13 21
13 39
1 38
3 26
17 20
2 26
19 57
14 2
12 1
3 9
4 56
20 60
18 11
1 45
3 20
14 39
5 24
9 12
16 31

273 5
17
17 2
8 46
2 20
4 52
7 37
13 22
15 53
15 40
11 60
4 30
10 35
13 43
13 3
3 45
18 14
9 60
3 59

655 3
21
10 9
18 5
11 58
4 21
6 12
5 3
14 23
11 57
16 20
6 24
8 31
13 18
19 50
6 32
17 43
2 9
20 60
20 24
13 49
5 49
7 50

977 1
8
4 2
3 43
6 2
2 6
16 8
9 46
8 36
3 52

581 2
15
11 44
16 42
13 13
1 8
6 35
7 12
18 39
7 12
8 1
15 41
10 17
18 58
15 21
10 35
2 45

168 5
27
2 10
14 60
14 46
5 50
16 24
8 57
14 49
7 8
20 3
14 29
15 45
3 43
3 57
2 18
4 31
1 10
4 14
8 58
16 17
17 30
6 24
15 42
8 3
12 40
16 22
3 48
19 49

234 3
20
14 56
17 9
11 31
11 40
8 37
18 43
11 1
11 39
7 15
5 13
4 8
10 38
8 11
8 9
4 23
5 1
1 28
6 52
12 42
12 39

682 4
24
5 28
6 27
9 49
14 6
6 7
11 13
12 54
8 49
6 44
20 24
17 59
13 54
15 54
1 42
17 54
19 33
5 8
12 32
11 29
10 8
20 56
20 33
15 56
16 44

458 4
12
20 14
15 58
14 21
7 34
8 43
11 8
9 56
20 48
4 59
13 9
5 24
2 60

460 4
7
4 15
18 36
9 45
12 23
16 11
17 10
9 21

136 4
17
8 54
10 26
1 12
10 4
10 18
10 26
11 34
7 25
5 13
3 27
4 54
14 38
5 10
18 26
15 42
17 10
4 48

299 4
5
11 17
18 53
16 38
11 51
19 30

340 2
7
19 31
4 49
8 52
8 23
20 5
19 4
2 21

455 5
1
4 20

12 3
24
17 53
16 48
17 23
11 24
18 59
17 2
11 53
17 3
18 46
18 20
7 45
12 22
9 40
8 25
12 2
9 22
12 23
8 14
1 59
11 15
8 38
9 33
16 8
17 29

841 2
15
2 44
13 20
2 8
20 50
15 34
18 28
7 14
12 27
3 25
8 50
15 8
3 42
4 55
16 28
1 16

286 3
22
14 35
20 50
9 59
18 31
18 29
9 18
5 15
6 16
6 55
13 60
19 60
11 49
10 38
2 20
10 29
11 35
8 40
1 10
17 42
8 29
19 9
4 7

476 5
9
11 39
2 44
14 40
17 29
6 57
16 19
12 8
16 3
5 5

101 5
21
19 30
20 3
2 50
10 56
16 18
4 20
2 58
16 22
20 45
6 41
19 35
12 40
7 21
15 42
10 53
11 33
2 10
19 19
19 30
19 57
1 58

223 3
24
9 9
1 49
9 33
11 16
4 41
1 4
5 51
17 42
3 46
8 31
3 51
7 19
18 8
1 47
5 41
17 22
17 4
10 35
12 44
12 37
17 5
5 46
6 50
13 56

957 1
1
1 42

40 2
27
8 55
10 2
7 34
16 7
1 52
3 6
14 8
11 11
18 37
6 16
20 5
9 34
12 8
16 11
1 53
16 38
18 20
18 8
3 1
6 33
2 40
14 34
19 22
4 19
11 10
7 40
12 35

532 3
23
15 25
3 48
5 43
8 42
17 1
12 6
18 44
17 53
3 38
9 29
6 12
11 59
12 1
9 19
19 44
16 52
7 37
18 25
5 29
11 15
9 56
11 3
15 14

543 1
26
1 49
11 22
4 47
7 49
17 3
10 39
15 1
11 46
14 13
1 2
1 60
11 20
16 17
10 25
1 5
8 12
5 4
15 56
18 29
9 11
14 4
6 24
18 36
8 50
20 60
13 40

361 2
22
15 30
19 4
18 3
11 3
13 11
8 7
2 45
3 26
1 3
8 30
18 46
6 21
8 23
8 47
11 44
10 52
8 38
4 54
4 53
6 57
10 60
14 33

923 4
14
14 37
5 41
8 12
20 37
16 58
19 17
3 18
4 44
6 31
15 5
17 13
7 25
20 30
20 21

4 1
10
15 4
12 5
4 30
19 12
15 10
7 32
16 55
11 49
18 37
12 30

732 5
4
8 3
17 14
20 24
17 17

931 1
12
14 37
16 11
18 36
17 21
6 49
1 44
8 50
4 1
11 31
2 26
5 52
15 45

84 3
15
17 60
5 2
5 36
2 27
18 18
15 17
2 51
7 14
14 27
14 7
20 21
12 44
8 42
18 15
3 12

169 1
9
1 48
13 46
3 57
5 60
20 25
17 1
3 24
6 42
12 42

825 4
7
16 25
16 53
11 1
12 2
9 57
6 57
1 14

141 1
29
15 25
3 10
9 35
17 33
4 49
12 57
17 6
9 39
20 7
11 59
1 24
1 3
12 32
13 40
11 6
17 2
8 1
14 12
4 24
1 24
10 18
1 36
17 57
20 8
14 5
9 42
12 20
6 12
4 48

275 2
17
7 39
19 58
19 17
5 49
13 37
11 21
9 47
2 60
3 36
2 49
19 44
13 3
20 32
13 35
6 18
1 22
16 18

42 4
14
4 59
10 43
14 5
4 46
1 46
2 24
14 13
13 38
1 53
4 53
14 22
18 59
19 45
8 23

577 4
2
17 30
4 27

281 5
3
12 17
17 15
17 52

420 1
25
5 6
17 7
10 17
9 58
20 55
16 27
4 60
11 57
4 50
16 54
3 57
13 24
19 25
14 22
3 12
2 1
9 35
16 9
4 6
8 12
19 6
2 8
18 55
9 26
1 18

656 4
24
5 46
15 37
10 13
9 58
20 39
15 34
4 51
20 28
6 45
14 20
8 36
20 29
11 41
8 2
1 22
19 2
7 35
15 59
20 20
20 20
1 22
15 1
14 39
18 3

698 3
19
1 24
19 54
12 24
9 51
17 35
10 56
14 27
17 57
5 45
11 59
18 59
15 49
7 14
6 8
1 29
3 5
13 35
6 37
3 6

767 4
29
8 38
19 38
13 44
4 56
1 26
7 45
16 7
13 31
3 9
1 5
14 41
16 13
3 33
19 23
15 59
3 48
11 35
12 58
2 3
9 56
5 59
7 8
11 36
19 39
2 33
9 12
5 23
19 49
19 32

680 1
25
20 8
6 16
5 7
18 42
5 36
2 31
20 7
1 24
17 36
17 1
7 12
20 22
13 28
10 39
15 17
19 13
2 52
3 29
9 14
2 12
10 39
9 23
11 39
18 13
2 57

654 5
9
11 49
9 42
13 34
9 48
1 22
11 59
9 40
2 24
18 32

617 4
25
15 24
4 49
16 56
6 16
18 44
11 6
11 33
8 30
12 60
14 51
16 17
20 41
15 45
3 18
18 45
20 60
17 27
2 5
6 1
16 23
19 17
17 20
7 19
10 45
5 25

608 1
30
2 21
12 39
14 35
13 26
10 26
8 24
19 37
17 2
5 52
5 42
7 21
10 43
9 60
15 30
17 32
3 40
3 55
7 45
14 33
13 41
14 31
6 1
11 9
8 20
1 14
20 46
10 48
10 57
14 28
3 34

992 4
16
20 34
17 10
4 54
4 38
3 38
14 6
1 26
12 13
1 25
13 45
17 56
14 57
14 26
19 3
9 16
2 52

473 3
12
8 21
6 60
15 30
3 26
7 1
10 28
5 33
8 24
3 51
12 50
11 48
18 43

157 2
4
7 4
5 27
15 38
17 30

139 4
15
6 46
2 16
8 26
7 33
6 4
9 23
15 38
8 41
14 54
4 51
2 31
14 47
6 27
3 16
10 60

212 2
15
16 37
7 18
18 4
16 24
7 55
18 35
2 59
15 10
3 15
7 22
12 39
14 7
8 22
8 56
4 54

508 3
16
4 37
11 12
8 53
11 32
9 9
14 28
8 2
1 30
14 51
1 34
3 55
4 18
12 7
15 6
2 6
19 22

458 1
8
18 55
16 54
6 6
19 58
11 41
16 31
16 16
17 31

317 3
25
14 13
20 60
15 36
19 15
6 4
13 21
2 51
14 41
20 57
15 46
1 35
2 47
5 4
10 46
5 35
6 46
3 37
15 21
7 28
7 32
18 49
7 8
11 18
13 49
6 42

432 5
3
7 36
3 54
13 54

440 2
5
17 22
2 25
6 20
8 2
9 57

371 2
14
16 36
3 53
8 51
11 18
12 35
15 28
19 31
12 20
13 16
9 40
18 3
14 9
12 53
10 52

434 4
14
1 21
2 25
19 59
9 57
14 31
3 16
4 19
8 50
20 52
13 21
20 1
11 55
15 55
9 4

611 1
1
11 39

209 2
27
6 17
12 39
9 58
7 10
14 51
4 36
5 26
20 12
19 22
4 24
1 14
18 30
20 59
19 37
2 57
10 17
16 29
9 34
20 4
19 13
20 10
2 39
16 31
17 42
9 10
8 10
10 5

199 1
20
9 32
17 20
16 52
10 49
8 15
13 6
13 10
9 46
17 3
6 48
20 16
15 60
15 25
6 3
12 51
20 39
15 20
1 34
15 60
18 10

235 4
1
7 21

152 1
8
18 26
2 48
1 58
7 25
1 36
2 13
13 20
4 20

269 5
24
2 6
17 9
7 15
8 11
9 31
18 29
2 31
9 24
1 54
8 6
5 20
3 56
20 13
17 44
10 52
10 14
1 16
6 14
19 58
14 10
5 20
18 30
3 18
18 29

398 1
25
19 41
19 29
2 47
12 19
7 18
15 35
6 59
6 57
15 58
14 45
20 55
11 34
12 50
20 16
9 9
17 8
11 5
18 39
3 22
17 58
14 23
18 10
2 37
6 4
17 47

267 1
29
18 31
10 50
14 39
5 26
12 60
2 7
20 42
9 41
5 38
12 35
9 42
13 28
8 18
18 13
17 18
14 31
1 25
6 30
20 37
6 34
2 48
17 37
12 30
18 5
15 40
17 43
12 57
5 44
1 23

294 5
30
20 15
9 44
7 60
11 50
16 47
4 40
2 13
12 47
9 58
17 31
20 5
11 34
14 16
1 15
17 60
4 55
13 15
1 29
10 59
16 3
20 46
6 11
18 2
16 6
17 35
17 50
19 10
10 44
11 57
19 58

712 4
1
14 42

848 4
27
18 57
14 51
19 18
16 23
14 12
18 28
14 14
19 33
14 43
17 9
14 6
7 33
2 58
9 28
20 32
12 20
8 6
3 15
8 42
18 52
13 48
17 27
19 12
5 55
11 40
15 43
11 4

951 2
18
14 6
4 19
18 54
8 47
8 54
7 44
11 4
1 30
13 7
17 43
3 24
20 13
20 18
18 29
8 31
19 44
14 49
19 22

607 5
8
10 29
5 32
13 1
15 42
20 4
14 33
1 44
16 19

108 2
20
13 7
3 13
14 18
12 55
20 35
4 51
1 23
1 4
19 18
10 21
5 60
7 17
17 27
14 19
19 50
15 18
8 32
15 1
14 45
7 48

352 2
8
19 7
14 37
11 53
4 58
10 32
17 47
6 19
17 33

878 5
7
9 40
8 42
8 31
12 17
13 5
6 47
18 10

534 5
28
19 54
16 41
1 38
1 35
6 29
20 56
18 33
12 60
19 43
8 17
5 34
18 20
5 29
9 27
8 35
15 8
7 7
3 53
9 54
12 32
9 45
19 53
4 49
1 53
4 20
7 26
10 49
9 57

795 4
15
16 45
10 37
12 30
17 55
3 37
19 33
11 38
1 45
4 6
15 17
2 3
20 9
1 9
11 40
16 24

441 5
11
4 36
2 56
7 49
12 46
19 56
19 15
7 47
1 7
5 59
3 40
6 40

472 5
26
11 35
10 10
1 60
6 10
6 43
6 55
20 11
19 22
5 25
1 8
4 43
4 57
12 15
14 36
17 11
16 50
13 54
14 51
17 13
20 47
16 28
7 25
18 14
15 46
12 28
17 48

586 4
23
17 20
18 41
7 32
3 20
11 12
12 44
1 60
16 38
15 29
17 36
6 48
1 41
16 56
12 10
4 16
5 6
17 56
17 60
7 46
18 16
4 48
16 57
6 21
