5 3
0 0 0 0 0
0 0 1 0 0
0 1 0 0 0
0 0 0 0 1
0 0 0 1 0
-9999
10 4
0 0 1 1 0 0 0 1 0 0
0 0 0 0 0 0 1 0 0 0
1 0 0 0 1 0 1 1 1 0
1 0 0 0 0 0 0 0 0 0
0 0 1 0 0 0 0 0 0 0
0 0 0 0 0 0 1 0 1 0
0 1 1 0 0 1 0 1 0 0
1 0 1 0 0 0 1 0 0 0
0 0 1 0 0 1 0 0 0 0
0 0 0 0 0 0 0 0 0 0
-9999
4 4
0 0 0 1
0 0 0 0
0 0 0 1
1 0 1 0
-9999
5 3
0 0 0 0 1
0 0 0 0 0
0 0 0 0 0
0 0 0 0 0
1 0 0 0 0
-9999
10 1
0 0 0 1 0 0 0 0 1 0
0 0 0 0 0 1 0 0 0 0
0 0 0 0 0 0 1 0 0 0
1 0 0 0 0 0 0 0 1 1
0 0 0 0 0 0 1 0 0 0
0 1 0 0 0 0 0 0 1 0
0 0 1 0 1 0 0 1 0 1
0 0 0 0 0 0 1 0 1 0
1 0 0 1 0 1 0 1 0 0
0 0 0 1 0 0 1 0 0 0
-9999
4 4
0 0 0 1
0 0 0 1
0 0 0 0
1 1 0 0
-9999
3 1
0 0 0
0 0 1
0 1 0
-9999
9 1
0 0 0 0 0 0 0 1 1
0 0 0 1 1 0 0 0 1
0 0 0 1 0 0 0 0 0
0 1 1 0 1 0 0 1 0
0 1 0 1 0 0 1 0 0
0 0 0 0 0 0 0 1 0
0 0 0 0 1 0 0 0 0
1 0 0 1 0 1 0 0 1
1 1 0 0 0 0 0 1 0
-9999
6 2
0 1 1 1 0 0
1 0 1 0 0 0
1 1 0 1 0 0
1 0 1 0 0 0
0 0 0 0 0 0
0 0 0 0 0 0
-9999
7 6
0 1 1 0 0 0 0
1 0 0 1 0 1 0
1 0 0 0 1 0 0
0 1 0 0 0 0 0
0 0 1 0 0 0 0
0 1 0 0 0 0 0
0 0 0 0 0 0 0
-9999
7 6
0 0 0 0 1 0 0
0 0 0 0 0 0 0
0 0 0 0 0 0 0
0 0 0 0 0 0 1
1 0 0 0 0 0 0
0 0 0 0 0 0 0
0 0 0 1 0 0 0
-9999
4 3
0 0 0 0
0 0 0 0
0 0 0 0
0 0 0 0
-9999
7 5
0 0 0 0 0 0 1
0 0 0 1 0 0 0
0 0 0 0 0 0 1
0 1 0 0 0 0 0
0 0 0 0 0 0 1
0 0 0 0 0 0 1
1 0 1 0 1 1 0
-9999
4 3
0 0 0 0
0 0 1 1
0 1 0 1
0 1 1 0
-9999
7 2
0 1 1 0 1 0 0
1 0 0 0 0 0 0
1 0 0 1 0 0 0
0 0 1 0 0 0 0
1 0 0 0 0 0 0
0 0 0 0 0 0 0
0 0 0 0 0 0 0
-9999
7 3
0 0 0 0 0 0 1
0 0 0 0 1 1 0
0 0 0 0 0 0 1
0 0 0 0 0 0 0
0 1 0 0 0 0 1
0 1 0 0 0 0 0
1 0 1 0 1 0 0
-9999
2 2
0 0
0 0
-9999
7 3
0 1 0 0 1 0 1
1 0 0 1 1 0 0
0 0 0 1 0 0 0
0 1 1 0 1 0 0
1 1 0 1 0 0 1
0 0 0 0 0 0 0
1 0 0 0 1 0 0
-9999
4 1
0 0 0 0
0 0 0 0
0 0 0 1
0 0 1 0
-9999
3 3
0 1 0
1 0 0
0 0 0
-9999
1 1
0
-9999
6 6
0 0 0 0 0 0
0 0 1 1 0 1
0 1 0 0 0 0
0 1 0 0 1 0
0 0 0 1 0 1
0 1 0 0 1 0
-9999
4 2
0 0 0 1
0 0 0 0
0 0 0 0
1 0 0 0
-9999
6 3
0 0 0 0 0 0
0 0 1 0 0 0
0 1 0 0 0 0
0 0 0 0 0 1
0 0 0 0 0 0
0 0 0 1 0 0
-9999
3 2
0 0 0
0 0 1
0 1 0
-9999
4 1
0 0 0 1
0 0 0 0
0 0 0 0
1 0 0 0
-9999
9 1
0 0 0 0 0 0 0 1 1
0 0 1 0 0 1 1 1 0
0 1 0 0 0 1 1 1 1
0 0 0 0 0 0 0 0 1
0 0 0 0 0 1 0 0 0
0 1 1 0 1 0 1 1 0
0 1 1 0 0 1 0 1 0
1 1 1 0 0 1 1 0 0
1 0 1 1 0 0 0 0 0
-9999
6 5
0 0 0 1 0 1
0 0 1 0 0 1
0 1 0 0 0 1
1 0 0 0 1 0
0 0 0 1 0 0
1 1 1 0 0 0
-9999
9 2
0 0 0 0 0 0 0 1 0
0 0 1 0 0 0 0 0 0
0 1 0 0 1 0 1 1 0
0 0 0 0 1 0 0 1 0
0 0 1 1 0 0 0 0 1
0 0 0 0 0 0 0 1 0
0 0 1 0 0 0 0 0 0
1 0 1 1 0 1 0 0 0
0 0 0 0 1 0 0 0 0
-9999
3 3
0 0 1
0 0 0
1 0 0
-9999
5 3
0 0 0 0 0
0 0 0 0 0
0 0 0 0 0
0 0 0 0 1
0 0 0 1 0
-9999
6 7
0 0 0 1 0 1
0 0 1 0 0 0
0 1 0 0 0 0
1 0 0 0 0 0
0 0 0 0 0 0
1 0 0 0 0 0
-9999
6 3
0 0 0 0 0 0
0 0 1 0 0 0
0 1 0 0 0 0
0 0 0 0 0 0
0 0 0 0 0 0
0 0 0 0 0 0
-9999
9 4
0 0 0 0 0 0 0 0 1
0 0 0 1 0 1 0 0 0
0 0 0 1 0 0 1 0 0
0 1 1 0 0 0 1 0 0
0 0 0 0 0 0 0 0 0
0 1 0 0 0 0 1 0 0
0 0 1 1 0 1 0 0 0
0 0 0 0 0 0 0 0 0
1 0 0 0 0 0 0 0 0
-9999
9 9
0 0 0 0 0 0 0 0 0
0 0 0 0 0 1 1 0 0
0 0 0 0 0 1 1 1 0
0 0 0 0 0 1 0 0 0
0 0 0 0 0 0 0 0 0
0 1 1 1 0 0 1 0 0
0 1 1 0 0 1 0 0 1
0 0 1 0 0 0 0 0 0
0 0 0 0 0 0 1 0 0
-9999
9 4
0 0 1 1 0 0 0 1 0
0 0 1 1 0 1 1 1 1
1 1 0 0 0 0 0 0 0
1 1 0 0 0 0 1 1 1
0 0 0 0 0 1 0 0 1
0 1 0 0 1 0 0 1 1
0 1 0 1 0 0 0 0 0
1 1 0 1 0 1 0 0 0
0 1 0 1 1 1 0 0 0
-9999
3 3
0 0 0
0 0 0
0 0 0
-9999
9 9
0 0 1 0 0 0 0 0 0
0 0 1 0 0 0 0 1 1
1 1 0 0 0 1 0 0 0
0 0 0 0 0 1 0 1 0
0 0 0 0 0 1 0 1 0
0 0 1 1 1 0 0 0 0
0 0 0 0 0 0 0 0 0
0 1 0 1 1 0 0 0 0
0 1 0 0 0 0 0 0 0
-9999
1 1
0
-9999
7 2
0 0 0 0 0 0 0
0 0 1 1 0 0 0
0 1 0 0 0 0 1
0 1 0 0 0 1 1
0 0 0 0 0 0 0
0 0 0 1 0 0 0
0 0 1 1 0 0 0
-9999
3 2
0 1 0
1 0 0
0 0 0
-9999
9 6
0 1 1 0 0 1 0 1 1
1 0 1 0 0 0 0 0 0
1 1 0 0 0 1 0 1 0
0 0 0 0 0 0 0 0 0
0 0 0 0 0 1 1 0 0
1 0 1 0 1 0 0 0 0
0 0 0 0 1 0 0 0 1
1 0 1 0 0 0 0 0 0
1 0 0 0 0 0 1 0 0
-9999
10 1
0 0 0 1 1 1 0 1 0 1
0 0 1 0 1 0 0 0 0 0
0 1 0 1 1 0 0 0 1 0
1 0 1 0 0 0 0 0 0 0
1 1 1 0 0 0 0 1 1 0
1 0 0 0 0 0 1 0 0 0
0 0 0 0 0 1 0 0 0 1
1 0 0 0 1 0 0 0 0 0
0 0 1 0 1 0 0 0 0 1
1 0 0 0 0 0 1 0 1 0
-9999
5 2
0 0 0 0 1
0 0 1 0 0
0 1 0 1 0
0 0 1 0 1
1 0 0 1 0
-9999
2 2
0 0
0 0
-9999
6 3
0 0 1 0 0 0
0 0 0 0 1 1
1 0 0 0 1 0
0 0 0 0 0 0
0 1 1 0 0 0
0 1 0 0 0 0
-9999
9 7
0 0 0 1 0 0 1 0 0
0 0 1 0 0 1 1 0 1
0 1 0 1 0 1 0 0 1
1 0 1 0 0 1 1 0 0
0 0 0 0 0 0 0 0 0
0 1 1 1 0 0 0 0 1
1 1 0 1 0 0 0 0 1
0 0 0 0 0 0 0 0 0
0 1 1 0 0 1 1 0 0
-9999
1 2
0
-9999
7 6
0 1 0 0 1 0 1
1 0 1 0 0 1 0
0 1 0 0 1 0 0
0 0 0 0 0 1 0
1 0 1 0 0 0 1
0 1 0 1 0 0 0
1 0 0 0 1 0 0
-9999
10 6
0 1 0 0 1 0 0 1 0 1
1 0 0 1 0 0 1 1 1 0
0 0 0 0 0 0 0 1 1 0
0 1 0 0 1 0 0 0 0 0
1 0 0 1 0 0 0 0 0 1
0 0 0 0 0 0 0 0 1 0
0 1 0 0 0 0 0 0 0 0
1 1 1 0 0 0 0 0 0 0
0 1 1 0 0 1 0 0 0 0
1 0 0 0 1 0 0 0 0 0
-9999
4 1
0 1 0 1
1 0 0 1
0 0 0 1
1 1 1 0
-9999
7 6
0 0 0 0 0 0 0
0 0 0 0 0 0 1
0 0 0 0 1 0 0
0 0 0 0 0 0 0
0 0 1 0 0 0 1
0 0 0 0 0 0 0
0 1 0 0 1 0 0
-9999
10 6
0 0 1 0 0 0 0 1 0 0
0 0 0 0 0 0 1 0 0 0
1 0 0 0 0 0 1 0 1 0
0 0 0 0 1 0 1 0 0 0
0 0 0 1 0 1 1 0 0 0
0 0 0 0 1 0 0 1 0 0
0 1 1 1 1 0 0 0 1 1
1 0 0 0 0 1 0 0 1 0
0 0 1 0 0 0 1 1 0 1
0 0 0 0 0 0 1 0 1 0
-9999
8 5
0 0 0 0 0 1 0 0
0 0 1 0 0 0 1 0
0 1 0 0 0 1 0 0
0 0 0 0 0 0 0 0
0 0 0 0 0 1 0 0
1 0 1 0 1 0 1 1
0 1 0 0 0 1 0 0
0 0 0 0 0 1 0 0
-9999
4 2
0 0 1 1
0 0 0 1
1 0 0 0
1 1 0 0
-9999
1 1
0
-9999
3 3
0 0 0
0 0 0
0 0 0
-9999
6 5
0 1 1 0 0 1
1 0 0 0 1 0
1 0 0 1 0 0
0 0 1 0 0 1
0 1 0 0 0 0
1 0 0 1 0 0
-9999
9 6
0 1 0 0 1 1 0 1 0
1 0 1 0 0 0 0 0 0
0 1 0 0 0 0 1 0 0
0 0 0 0 0 0 0 0 1
1 0 0 0 0 0 0 0 0
1 0 0 0 0 0 0 0 1
0 0 1 0 0 0 0 0 0
1 0 0 0 0 0 0 0 0
0 0 0 1 0 1 0 0 0
-9999
2 2
0 1
1 0
-9999
3 2
0 0 0
0 0 1
0 1 0
-9999
10 2
0 0 0 1 0 0 0 0 1 0
0 0 0 0 1 0 0 0 0 1
0 0 0 0 1 0 1 1 0 0
1 0 0 0 0 1 0 0 0 1
0 1 1 0 0 1 0 0 1 1
0 0 0 1 1 0 1 0 0 1
0 0 1 0 0 1 0 0 1 0
0 0 1 0 0 0 0 0 0 0
1 0 0 0 1 0 1 0 0 1
0 1 0 1 1 1 0 0 1 0
-9999
2 1
0 0
0 0
-9999
7 3
0 0 1 0 0 1 1
0 0 0 1 1 0 0
1 0 0 0 0 0 0
0 1 0 0 0 0 0
0 1 0 0 0 1 0
1 0 0 0 1 0 0
1 0 0 0 0 0 0
-9999
4 2
0 0 0 0
0 0 1 0
0 1 0 0
0 0 0 0
-9999
5 5
0 0 0 1 0
0 0 1 1 0
0 1 0 0 0
1 1 0 0 1
0 0 0 1 0
-9999
1 1
0
-9999
1 2
0
-9999
4 2
0 1 0 1
1 0 0 1
0 0 0 0
1 1 0 0
-9999
9 6
0 1 0 0 0 1 0 1 1
1 0 0 0 0 1 0 0 0
0 0 0 1 0 1 0 0 0
0 0 1 0 0 0 0 0 0
0 0 0 0 0 0 0 1 1
1 1 1 0 0 0 1 1 0
0 0 0 0 0 1 0 0 0
1 0 0 0 1 1 0 0 0
1 0 0 0 1 0 0 0 0
-9999
5 5
0 0 0 0 0
0 0 0 0 1
0 0 0 1 0
0 0 1 0 0
0 1 0 0 0
-9999
4 1
0 1 0 1
1 0 0 1
0 0 0 0
1 1 0 0
-9999
2 1
0 0
0 0
-9999
10 4
0 0 1 1 0 0 0 0 1 0
0 0 0 0 0 0 1 0 0 1
1 0 0 0 0 0 0 0 0 1
1 0 0 0 0 1 0 0 0 1
0 0 0 0 0 0 1 0 0 0
0 0 0 1 0 0 0 1 0 0
0 1 0 0 1 0 0 0 1 0
0 0 0 0 0 1 0 0 0 0
1 0 0 0 0 0 1 0 0 0
0 1 1 1 0 0 0 0 0 0
-9999
1 1
0
-9999
2 2
0 0
0 0
-9999
1 1
0
-9999
2 2
0 1
1 0
-9999
7 2
0 0 1 0 0 1 0
0 0 0 0 0 0 0
1 0 0 0 0 1 0
0 0 0 0 0 0 0
0 0 0 0 0 1 1
1 0 1 0 1 0 1
0 0 0 0 1 1 0
-9999
7 2
0 1 0 1 1 1 1
1 0 0 0 1 0 1
0 0 0 1 1 0 1
1 0 1 0 0 0 0
1 1 1 0 0 0 0
1 0 0 0 0 0 0
1 1 1 0 0 0 0
-9999
8 2
0 0 0 0 0 0 0 0
0 0 0 0 0 0 0 0
0 0 0 1 0 0 0 0
0 0 1 0 0 0 1 0
0 0 0 0 0 1 0 1
0 0 0 0 1 0 0 0
0 0 0 1 0 0 0 0
0 0 0 0 1 0 0 0
-9999
8 6
0 0 0 0 0 0 0 0
0 0 0 1 1 1 0 0
0 0 0 1 1 1 0 0
0 1 1 0 0 1 0 0
0 1 1 0 0 1 0 0
0 1 1 1 1 0 0 0
0 0 0 0 0 0 0 1
0 0 0 0 0 0 1 0
-9999
8 2
0 1 0 0 0 0 0 0
1 0 1 0 0 1 1 0
0 1 0 1 1 0 0 0
0 0 1 0 0 0 0 0
0 0 1 0 0 0 0 1
0 1 0 0 0 0 0 0
0 1 0 0 0 0 0 0
0 0 0 0 1 0 0 0
-9999
8 5
0 0 0 0 0 0 0 0
0 0 0 1 0 0 1 0
0 0 0 0 1 0 0 0
0 1 0 0 1 0 0 0
0 0 1 1 0 0 0 1
0 0 0 0 0 0 1 0
0 1 0 0 0 1 0 0
0 0 0 0 1 0 0 0
-9999
4 3
0 0 0 1
0 0 0 0
0 0 0 0
1 0 0 0
-9999
6 4
0 1 0 1 0 0
1 0 0 0 0 0
0 0 0 0 0 1
1 0 0 0 0 0
0 0 0 0 0 0
0 0 1 0 0 0
-9999
7 4
0 0 1 0 0 0 0
0 0 0 0 0 0 0
1 0 0 1 0 0 1
0 0 1 0 0 0 0
0 0 0 0 0 0 1
0 0 0 0 0 0 0
0 0 1 0 1 0 0
-9999
9 8
0 0 1 1 0 0 0 0 0
0 0 0 0 0 0 0 0 1
1 0 0 0 1 0 0 0 0
1 0 0 0 0 1 0 1 1
0 0 1 0 0 0 0 0 0
0 0 0 1 0 0 1 0 0
0 0 0 0 0 1 0 0 0
0 0 0 1 0 0 0 0 1
0 1 0 1 0 0 0 1 0
-9999
7 5
0 1 0 0 0 1 0
1 0 1 0 0 0 1
0 1 0 0 0 0 0
0 0 0 0 0 0 0
0 0 0 0 0 0 0
1 0 0 0 0 0 1
0 1 0 0 0 1 0
-9999
10 8
0 0 1 0 0 0 0 0 0 1
0 0 0 0 0 1 0 0 1 0
1 0 0 0 0 1 0 0 0 0
0 0 0 0 0 1 0 0 0 0
0 0 0 0 0 0 1 0 0 0
0 1 1 1 0 0 0 0 0 1
0 0 0 0 1 0 0 0 0 0
0 0 0 0 0 0 0 0 0 0
0 1 0 0 0 0 0 0 0 0
1 0 0 0 0 1 0 0 0 0
-9999
5 3
0 0 1 0 0
0 0 1 0 0
1 1 0 0 0
0 0 0 0 0
0 0 0 0 0
-9999
10 5
0 0 0 0 0 1 0 0 0 0
0 0 0 1 0 1 0 0 0 0
0 0 0 0 0 0 0 0 0 0
0 1 0 0 0 1 0 0 0 1
0 0 0 0 0 0 0 0 1 1
1 1 0 1 0 0 0 1 1 1
0 0 0 0 0 0 0 0 0 1
0 0 0 0 0 1 0 0 0 0
0 0 0 0 1 1 0 0 0 0
0 0 0 1 1 1 1 0 0 0
-9999
5 4
0 0 1 0 0
0 0 0 0 0
1 0 0 1 0
0 0 1 0 0
0 0 0 0 0
-9999
8 2
0 0 1 1 1 1 0 1
0 0 1 0 0 0 0 0
1 1 0 1 0 0 1 0
1 0 1 0 0 1 0 1
1 0 0 0 0 0 1 0
1 0 0 1 0 0 0 0
0 0 1 0 1 0 0 0
1 0 0 1 0 0 0 0
-9999
4 5
0 0 0 1
0 0 0 1
0 0 0 0
1 1 0 0
-9999
10 9
0 0 0 1 0 0 0 0 0 1
0 0 1 0 0 1 0 0 0 0
0 1 0 1 0 0 0 0 0 0
1 0 1 0 0 0 0 0 1 0
0 0 0 0 0 0 0 0 0 0
0 1 0 0 0 0 1 1 0 0
0 0 0 0 0 1 0 1 0 0
0 0 0 0 0 1 1 0 0 0
0 0 0 1 0 0 0 0 0 1
1 0 0 0 0 0 0 0 1 0
-9999
1 1
0
-9999
3 1
0 0 0
0 0 0
0 0 0
-9999
3 1
0 0 0
0 0 0
0 0 0
-9999
8 2
0 0 0 0 0 0 0 0
0 0 0 1 0 0 0 0
0 0 0 0 1 0 0 0
0 1 0 0 0 0 0 0
0 0 1 0 0 0 0 1
0 0 0 0 0 0 0 0
0 0 0 0 0 0 0 0
0 0 0 0 1 0 0 0
