100
15 6 10
1 2 2 3 3 6 6 7 7 8 9 9 9 10 10
13 16 14
2 3 3 3 4 5 6 6 7 7 8 9 9
24 17 20
1 1 1 2 2 2 3 5 5 6 6 7 7 7 7 7 8 8 9 9 9 10 10 10
7 26 17
3 6 7 8 8 9 10
7 11 5
2 4 5 7 7 8 9
17 5 12
1 1 1 1 2 3 3 3 4 4 5 6 7 8 9 9 10
3 24 28
4 6 8
2 14 3
2 8
3 17 20
2 4 4
19 2 20
1 1 2 3 3 3 5 5 6 6 7 8 8 9 9 9 9 10 10
29 25 11
1 2 2 3 3 3 4 6 6 6 6 6 7 7 7 8 8 8 8 8 9 9 9 9 10 10 10 10 10
7 16 4
3 4 6 8 8 8 9
11 19 26
2 3 3 5 5 7 8 8 9 10 10
19 11 24
2 2 2 2 3 3 3 4 4 5 6 6 6 7 7 8 10 10 10
9 14 30
1 2 2 3 5 8 8 10 10
5 26 30
1 3 3 3 4
28 25 1
1 1 2 2 2 2 3 3 3 3 3 4 4 4 4 5 5 6 6 6 6 6 8 8 9 9 9 9
13 1 1
1 2 3 4 4 4 6 7 8 9 9 9 10
3 12 17
1 4 8
23 28 27
1 3 3 3 3 3 3 4 4 4 4 4 4 5 6 6 6 7 7 7 9 10 10
17 25 20
1 2 2 3 4 5 5 5 6 7 8 8 8 8 8 9 9
22 15 9
1 1 1 1 2 2 3 3 3 4 5 5 5 5 5 6 8 9 9 9 9 10
10 28 30
1 2 3 3 3 6 7 8 8 9
5 27 16
1 1 1 2 4
13 9 4
1 1 2 2 2 2 4 4 6 7 7 9 10
6 29 16
4 4 5 5 7 8
5 15 1
1 3 6 7 9
11 4 24
1 2 3 4 4 5 7 9 9 9 10
26 18 6
1 1 1 2 2 3 4 4 4 5 5 5 6 6 6 6 6 7 7 7 7 7 8 9 9 10
5 20 28
1 3 3 7 8
29 30 25
1 1 1 2 2 3 3 3 3 3 4 5 5 6 6 6 7 7 7 7 8 8 8 9 9 9 10 10 10
17 9 30
2 3 4 5 6 6 7 7 8 8 8 9 9 10 10 10 10
22 19 15
1 1 3 4 4 5 5 6 6 6 6 7 7 7 8 8 8 8 9 9 10 10
23 9 20
1 1 1 1 1 3 3 3 4 4 4 5 6 6 8 9 9 9 9 9 10 10 10
17 23 18
1 1 1 3 4 4 6 6 6 7 7 7 8 8 8 9 10
5 30 28
1 5 5 7 8
17 4 8
1 1 1 1 3 4 4 4 4 5 6 7 7 7 7 7 9
19 14 7
1 1 2 2 3 3 5 5 6 6 7 8 9 9 9 9 10 10 10
5 3 14
6 7 10 10 10
16 13 2
2 2 2 2 3 3 4 4 5 6 6 8 9 9 10 10
28 23 15
1 1 2 2 2 2 2 3 4 4 5 5 6 6 6 6 7 8 9 9 9 9 10 10 10 10 10 10
12 4 23
1 2 4 4 6 6 6 6 6 7 7 9
2 20 16
3 10
22 12 29
1 1 1 2 2 3 3 4 5 5 5 6 6 7 7 7 7 8 9 9 10 10
16 17 4
1 1 2 2 2 4 4 5 6 6 7 7 8 8 9 10
20 26 8
1 1 1 1 2 2 3 3 3 5 5 6 7 8 9 9 9 9 9 10
23 26 21
1 2 3 3 3 4 5 5 6 6 6 6 8 8 8 8 9 9 9 9 10 10 10
10 20 8
1 1 2 3 3 4 6 7 9 10
14 10 12
2 3 3 6 6 7 8 8 8 8 8 8 9 9
20 16 14
1 1 1 1 2 3 4 4 4 5 5 5 6 7 7 8 8 8 9 10
28 6 9
1 1 1 1 1 2 3 3 3 4 4 4 5 5 5 5 5 7 7 8 8 8 9 9 9 10 10 10
24 2 23
1 2 2 2 3 3 3 4 4 5 5 5 6 7 7 8 8 8 8 9 9 9 9 9
3 18 8
3 5 8
4 9 18
1 2 8 10
22 8 4
1 1 2 2 3 4 4 4 4 5 5 5 6 7 7 7 9 9 10 10 10 10
28 2 15
1 1 2 2 3 3 3 5 5 6 6 6 7 7 8 9 9 9 9 9 9 9 9 9 9 10 10 10
25 5 4
1 1 1 2 2 2 3 3 3 4 4 5 5 6 7 8 8 8 9 9 10 10 10 10 10
6 25 4
1 1 4 6 10 10
19 11 18
1 1 3 3 3 4 5 6 6 6 6 8 9 9 9 10 10 10 10
10 29 15
2 4 6 6 7 7 7 8 8 10
6 26 22
1 3 6 9 9 10
24 3 20
1 1 1 1 2 2 3 4 4 4 5 5 5 6 6 6 7 8 9 9 9 10 10 10
8 16 15
1 3 6 8 9 10 10 10
7 9 28
4 4 6 8 9 9 10
26 13 15
2 2 2 2 2 2 2 3 4 4 5 5 5 5 5 6 6 6 7 7 8 8 9 9 10 10
13 20 2
1 1 2 3 3 3 4 5 5 6 6 8 10
20 19 4
1 2 2 2 2 2 3 3 4 4 5 6 7 7 7 7 8 9 10 10
10 13 6
1 1 4 4 5 6 7 7 9 10
25 3 13
2 2 3 3 4 4 4 4 4 4 4 5 5 5 6 7 8 8 9 9 9 9 9 10 10
29 12 2
1 1 1 1 1 2 2 3 3 3 4 5 5 5 5 6 6 6 7 8 8 8 9 9 9 10 10 10 10
18 4 12
4 4 4 5 5 6 7 7 8 8 8 8 9 9 9 10 10 10
1 15 22
5
24 16 9
1 1 2 2 2 2 3 3 4 4 5 5 6 6 6 7 7 7 8 8 8 9 9 10
3 10 3
2 4 6
10 11 11
1 2 3 3 4 6 9 9 9 10
15 4 12
1 3 3 4 4 5 6 6 6 7 8 8 8 8 9
17 15 27
1 1 1 2 2 2 2 4 4 5 5 6 6 8 8 9 10
30 24 23
1 1 1 1 2 2 2 3 3 3 3 4 4 4 5 5 5 5 6 6 8 8 8 8 8 9 9 9 9 10
13 9 14
1 1 2 4 5 5 6 7 7 8 8 10 10
9 15 25
1 3 3 4 7 8 9 9 9
21 8 17
1 1 1 2 2 3 3 3 3 4 4 5 5 6 7 8 8 9 9 9 10
7 27 24
2 3 4 5 8 8 8
24 6 6
1 1 2 3 3 4 4 4 4 4 4 5 6 6 6 6 7 8 8 9 9 9 9 9
4 1 16
1 3 7 8
19 2 1
1 1 2 3 3 3 4 4 5 5 6 7 8 8 9 9 9 9 10
28 26 24
1 1 1 1 2 2 2 3 3 3 4 5 5 5 5 5 6 6 6 7 7 8 9 10 10 10 10 10
4 13 12
3 5 5 7
28 18 23
1 1 1 2 2 2 2 2 2 2 2 3 3 3 3 4 4 5 6 6 6 7 7 8 9 10 10 10
9 10 28
1 4 5 5 5 6 9 10 10
25 28 3
1 1 2 2 2 3 3 4 4 4 5 6 7 8 8 8 8 9 10 10 10 10 10 10 10
27 4 1
1 3 4 4 5 5 5 5 5 5 5 6 6 7 7 7 7 7 8 9 9 9 9 10 10 10 10
17 3 7
1 1 3 3 3 4 5 5 6 7 7 7 9 10 10 10 10
16 2 7
1 2 2 3 3 3 3 6 6 6 6 7 8 8 10 10
23 2 14
1 1 1 1 2 2 2 3 3 3 4 4 4 5 5 5 5 6 7 7 7 7 7
7 3 30
5 5 6 6 7 8 10
9 10 15
2 4 4 4 5 5 8 8 9
9 27 4
1 2 4 5 6 6 8 9 10
12 29 29
1 2 4 4 5 6 7 9 9 9 10 10
7 2 26
3 4 5 6 6 7 8
21 19 15
1 3 4 4 5 5 5 6 6 6 7 8 8 9 9 9 9 10 10 10 10
